Method Singular Value Decomposition(One of the PCA methods)
X = U(SIG)V*

X shape (nxm)

U shape (nxn)

(SIG) shape (nx1)

V shape (nxm)

Kinase AURKA
Singular Vector U 
[[-0.5222181   0.14927945  0.08216035 -0.23440184 -0.0070922  -0.15683695]
 [-0.48518534  0.26889764  0.05383477 -0.18986767  0.01575507 -0.02864263]
 [-0.48466032  0.25145676  0.0786804   0.23337986  0.08130077  0.12796227]
 [-0.10227933 -0.1463545  -0.1097592   0.15329838 -0.12752579 -0.09765203]
 [-0.06159902  0.20730086  0.02671462  0.15572796 -0.24708087  0.23308686]
 [-0.01904479 -0.23315784 -0.08246985  0.00644411  0.00423064  0.16279291]
 [-0.22867701 -0.26547371 -0.18909031 -0.03809947 -0.09136485  0.23116939]
 [ 0.12883906 -0.02359902  0.06701483  0.03769076  0.02751443  0.00192577]
 [-0.04192011 -0.35348023  0.38953936 -0.23247785  0.09862669  0.53529479]
 [ 0.0736649   0.24616937 -0.35382359 -0.26301662  0.1871342   0.1129123 ]
 [-0.12409891 -0.14299597 -0.32207825  0.19563267 -0.04838641 -0.01267931]
 [-0.05867649 -0.18301424 -0.27182169 -0.13996786 -0.16826933  0.10094253]
 [-0.12595601 -0.41933015  0.21931654 -0.39911431  0.08309432 -0.2183657 ]
 [-0.10717416 -0.17299617  0.03192142  0.21917424  0.40852757 -0.24153407]
 [-0.05397453  0.00260321  0.18359239 -0.17320223 -0.13107914 -0.06672969]
 [ 0.02557944 -0.01594769 -0.26226324 -0.33023502 -0.04013898 -0.30135866]
 [-0.09654463 -0.03045044 -0.27308367 -0.25471542 -0.0521016   0.32302549]
 [-0.14291258 -0.20063288 -0.28196922  0.09211404 -0.12195708 -0.0994766 ]
 [-0.09492399 -0.14770072  0.04793776  0.02816509  0.03684802 -0.20841415]
 [ 0.03429393  0.00892678  0.17211892 -0.18224131 -0.1496099  -0.1908708 ]
 [-0.17622591 -0.18626692 -0.04993047  0.20446711  0.38037449  0.01044736]
 [-0.01838279 -0.20754194  0.01501177  0.10622449 -0.18729383 -0.21264319]
 [-0.17742938 -0.23239869 -0.188476    0.14486529 -0.03555564 -0.00084916]
 [-0.07719318 -0.01662834  0.2452731   0.16403646 -0.1272839  -0.04836949]
 [ 0.06793451  0.05274715 -0.06007354 -0.05136682  0.61057458  0.02572858]
 [ 0.04968093  0.09324366 -0.17370354 -0.23939988  0.14904267 -0.04266243]
 [-0.02612666 -0.01632786  0.0024116   0.08999269  0.07134196  0.2433262 ]]
Singular Values 
[19.94754265 14.86592917  9.56710328  6.45741847  5.55225804  3.86575388]
Singular Vector V (transpose) 
[[-0.92024853  0.36974137  0.01075374  0.12494472 -0.0138225   0.02271731]
 [ 0.38200211  0.89486005  0.15585038  0.12914876 -0.03195804  0.10634762]
 [ 0.05051392 -0.20572604  0.19408683  0.92496935 -0.238662    0.07019685]
 [ 0.03796235  0.05670681 -0.20387224  0.29868716  0.82458328 -0.42968325]
 [-0.053066   -0.12978988  0.75869267 -0.09939449  0.45872783  0.42943397]
 [ 0.02020481 -0.01151226 -0.56634517  0.11422713  0.22684634  0.7837125 ]]

Kinase IKBKB
Singular Vector U 
[[ 3.21472078e-01 -1.04252567e-01  1.89702059e-02 -1.61743870e-01
  -5.31078124e-02]
 [ 3.16028078e-01 -1.40203482e-01 -5.20249406e-02 -4.67795874e-01
  -2.04738940e-01]
 [ 3.24589519e-01  6.79113518e-03 -8.20377570e-02  9.16318053e-02
  -2.43175334e-01]
 [ 3.24340801e-01 -1.45842385e-01  1.51182470e-01 -5.27468092e-02
  -2.36756216e-01]
 [ 3.20068385e-01 -3.28697471e-02 -1.25643424e-01 -1.71005375e-01
   8.97701332e-01]
 [ 3.25621327e-01 -2.11745335e-01  2.84334202e-01 -4.49746404e-02
  -2.90463606e-02]
 [ 5.40187381e-02  3.18035148e-01 -1.29827134e-01 -1.57238266e-01
  -5.12637745e-02]
 [ 2.34779372e-03  6.73297102e-02  3.85750272e-01 -3.96821334e-01
  -8.19606008e-03]
 [ 3.84460397e-02  1.66411126e-01  2.84021978e-01 -2.43358217e-02
   2.74785099e-02]
 [-4.07756027e-02 -5.40425053e-02  1.91313949e-01  1.07807036e-01
   4.96377292e-02]
 [-2.52227253e-02 -3.89486506e-02  1.21359823e-01 -4.23636348e-02
   1.46824837e-02]
 [ 9.95260759e-02  3.35566519e-01 -3.39074503e-01 -1.10229521e-02
  -6.59298366e-02]
 [-6.45957820e-03  3.12995583e-01  1.33616465e-01  2.83730673e-02
   2.34911855e-02]
 [ 6.53564530e-02  2.83440174e-01 -6.57317265e-02 -1.10346499e-01
  -3.76645387e-02]
 [ 6.24806485e-02  2.50568166e-01  1.21146055e-01  1.09822500e-01
   2.12464328e-02]
 [ 3.23034494e-02  2.56289491e-01  2.40096793e-01  2.10322075e-01
   5.80488777e-02]
 [ 5.07587362e-02  2.74156754e-01  5.51131882e-02  1.42126437e-02
   1.17901849e-04]
 [ 1.15528310e-01  2.72205115e-01 -2.54445648e-01 -2.66576892e-01
  -9.59948540e-02]
 [ 1.70481786e-02  9.88208246e-02  3.96424490e-01 -1.78486387e-01
   2.33998553e-02]
 [ 4.41348391e-02  2.10414197e-01  2.51235648e-01  1.12723306e-01
   4.26454515e-02]
 [ 5.78150915e-02  1.93184661e-01  1.58896315e-01 -6.46807563e-02
   9.17530034e-04]
 [ 5.82870164e-02  2.59841626e-01 -8.68011638e-02 -6.24170218e-02
  -3.19685262e-02]
 [-3.67447112e-02  3.14181108e-02 -1.34205038e-02  1.52140099e-02
   7.32246773e-03]
 [ 4.53016123e-02 -1.78975977e-01 -1.02800959e-01  2.09223092e-02
  -1.91429887e-02]
 [ 3.31564903e-01  4.62117889e-03  8.44660149e-02  4.42120734e-01
   1.62702731e-02]
 [ 3.24732980e-01  5.70992428e-02 -1.57469616e-01  1.42324964e-01
  -6.02559367e-02]
 [ 3.28931987e-01  2.48453997e-02 -8.77217382e-03  3.26584157e-01
  -1.32217251e-02]]
Singular Values 
[42.78813051 13.91149251  9.15723429  6.06485836  0.        ]
Singular Vector V (transpose) 
[[ 0.0611355  -0.09836071  0.29162651  0.94949544  0.        ]
 [ 0.64033699  0.24564444  0.69110207 -0.22804664  0.        ]
 [-0.35416537 -0.74545179  0.52222852 -0.21481596  0.        ]
 [ 0.67882095 -0.61178886 -0.40572068  0.01752812  0.        ]
 [ 0.          0.          0.          0.          1.        ]]

Kinase CAMK2A
Singular Vector U 
[[ 0.32115167  0.38496209  0.07347954  0.3553701 ]
 [ 0.32311587 -0.03608258  0.02454431 -0.12565501]
 [ 0.32375834 -0.22482547 -0.1537926   0.05193596]
 [ 0.0007753  -0.07319145  0.6195598   0.08366622]
 [ 0.11213611  0.03011726 -0.1474032   0.02058345]
 [ 0.13091483 -0.05946689 -0.01464643  0.20264885]
 [ 0.05361638  0.320018   -0.14353689 -0.18843786]
 [-0.05010552  0.0463227   0.26050493 -0.12208647]
 [-0.04547971 -0.31319891  0.08174055 -0.12703408]
 [-0.01939369  0.15359259 -0.04056612  0.08133014]
 [-0.00526184  0.23408037 -0.00198677  0.29491747]
 [ 0.03223245  0.08248349 -0.45679717  0.11265795]
 [-0.04064486  0.0561101   0.15048964  0.2083893 ]
 [ 0.01887618  0.22951666  0.12285107  0.04829842]
 [ 0.01248274  0.20012477  0.061166    0.12647437]
 [ 0.07011108 -0.11434731 -0.14076092 -0.1394072 ]
 [-0.03974276  0.0162144  -0.04815275 -0.02328842]
 [ 0.06702376  0.31360928  0.00226237 -0.22091956]
 [-0.06943992 -0.0386258  -0.11058702  0.5080642 ]
 [ 0.02914267 -0.1381002  -0.16348174 -0.25626645]
 [ 0.06220483 -0.22301157 -0.03565042  0.23956895]
 [ 0.32239067  0.06407099 -0.27982328 -0.07113379]
 [ 0.32227748  0.1634988   0.08525159 -0.12832037]
 [ 0.32231721  0.1908155   0.22791295 -0.27486873]
 [ 0.32322161 -0.06468988  0.06537718  0.09437041]
 [ 0.3240231  -0.23907466  0.08987836  0.08979184]
 [ 0.32432386 -0.30962039  0.07333994  0.09012158]]
Singular Values 
[67.27010175  9.20159547  5.04839204  3.36589324]
Singular Vector V (transpose) 
[[ 0.03143512 -0.0053596  -0.99938704  0.01444502]
 [-0.97624958 -0.11912873 -0.03264108 -0.17798781]
 [ 0.05466717 -0.94268112  0.01153012  0.3289846 ]
 [ 0.20726816 -0.31165996 -0.00521216 -0.92729759]]

Kinase MAPK1
Singular Vector U 
[[-1.70765158e-01  1.46675106e-02 -2.88208206e-01  1.58802953e-01
  -3.81524893e-01  3.68272637e-02 -1.31604899e-01  2.06026104e-01
  -1.51587521e-01  1.36185670e-01  5.47745358e-02 -3.27978285e-01
   4.79633547e-01  1.52736797e-01  5.87338090e-02 -2.36281793e-01
  -8.24407023e-02 -2.12926823e-01 -8.44447722e-02  9.74489186e-03
   8.10540365e-02  3.12156712e-02  1.81604770e-01  1.71066185e-01
   1.33214627e-01  2.07292528e-01  3.22820074e-02]
 [-1.88084249e-01 -2.53338898e-02 -3.30181023e-01 -4.05800202e-02
  -2.53453868e-01 -6.12891361e-03 -3.79365978e-02 -8.77356188e-02
  -2.22628702e-01 -1.94539123e-01  1.48917367e-01 -2.85984291e-01
  -1.91546059e-01  1.69688233e-02  1.95876922e-01  1.08803345e-01
   2.11626232e-01  2.48849324e-01  4.41074873e-02 -1.11899708e-01
  -3.15621577e-01  1.71927380e-01 -1.24359825e-01 -1.09060174e-01
  -3.48771346e-01 -1.69555901e-01  2.70632825e-01]
 [-1.82336607e-01 -1.32648342e-02 -2.70010758e-01  2.12118869e-01
  -2.15965060e-01 -1.47025410e-02 -4.26982666e-02  1.21245161e-01
   2.72395435e-01 -8.92989265e-02  4.60769482e-02 -1.18123977e-01
  -3.49692205e-01 -4.13796577e-01 -2.61449711e-02 -4.83173081e-02
  -4.01900962e-03  5.65611460e-02 -1.49273465e-01  2.16177050e-01
   1.39248387e-01 -3.82942032e-01 -1.09532850e-02  1.07690373e-01
   7.08669885e-04 -1.41446656e-01 -3.47169005e-01]
 [-2.08591863e-01  2.80196805e-01 -1.94050891e-01 -2.08612053e-01
   1.45184362e-01 -3.54244642e-01 -7.47606564e-02  4.51292210e-02
   1.50562824e-01  1.56239483e-02  1.16393784e-01  2.41836888e-01
   2.63128730e-01 -2.40077624e-01  1.56146498e-01  1.75710319e-01
  -8.92932149e-02 -1.93592242e-01 -2.60049417e-01  2.74167333e-01
  -2.31110621e-01  1.54702782e-01 -2.95746997e-01 -2.03940524e-03
   6.01175352e-02  3.43897883e-02  8.76254867e-02]
 [-1.76110776e-01  9.92979040e-02 -3.62863952e-01  8.03295661e-05
  -1.73324257e-02 -1.81996434e-01  2.82132452e-01 -2.77628712e-01
  -1.41106477e-01 -2.31425539e-02  1.39857324e-01  3.25666841e-01
   1.26586851e-01  2.16855040e-02 -1.60109478e-01 -2.13556359e-01
   9.32438817e-02  2.66849680e-01  3.35517165e-01  6.32413509e-02
   3.99277208e-01 -7.31447385e-02 -5.03504591e-02 -1.20906540e-01
   1.33721068e-01  2.73728398e-02  8.07631616e-02]
 [-2.09039859e-01  1.29769397e-01 -2.18305171e-01 -2.91137203e-01
   2.85602442e-01 -3.48276499e-02  9.20039891e-02 -1.75856644e-01
  -5.28214484e-02 -7.50403636e-02  1.72346311e-02  3.65234953e-02
  -6.28112332e-02  3.30226292e-01  3.02116167e-02  8.15045873e-02
  -3.68844781e-02 -1.10410804e-01 -5.97689786e-02 -5.65035594e-02
  -2.03561220e-01 -3.63606008e-01  4.66383441e-01  2.95000285e-01
  -1.65791479e-01  1.85453682e-02 -1.67145849e-01]
 [-2.37167804e-01 -2.75350623e-01  3.49427450e-02 -4.68968877e-02
   3.07302595e-02  1.63064939e-01  1.68729842e-01  1.98502484e-01
  -8.02508164e-02  4.40960101e-01 -4.43354530e-02  1.76019617e-01
   2.39085817e-01 -1.03580123e-01 -1.99480739e-01 -1.30032841e-03
   1.65996903e-02  4.15803988e-01 -8.96356324e-02  1.40237701e-01
  -2.34683884e-01  1.68742064e-01  1.08224158e-01  1.11263137e-01
  -1.49913678e-01 -2.35770643e-01 -2.02514271e-01]
 [-2.50843642e-01 -1.06172550e-01  1.16909899e-01 -2.00871529e-01
   2.07757383e-03  4.65602542e-01 -1.16324726e-01  1.23633664e-01
  -7.61598068e-02 -4.06709563e-01  1.34316617e-01  2.68245567e-01
   1.87141652e-01 -2.90718339e-01  1.91738127e-01  3.16333055e-02
  -2.14633280e-01  1.12842183e-01 -6.02753947e-02 -2.42649848e-01
   1.84917646e-01 -1.06113096e-01  1.94604140e-02  2.82457428e-02
  -7.20141876e-02  1.56397034e-01  1.00388442e-01]
 [-2.38278043e-01 -2.67321799e-01  4.61945118e-03 -7.18679514e-03
  -1.15575390e-01  1.16891490e-01  7.39534037e-02 -3.69527550e-02
  -3.03741032e-01 -3.53927367e-01 -2.80894166e-01  9.98218168e-02
  -9.00366761e-02  7.97901585e-02 -2.29244220e-01  7.70787098e-02
  -5.14303867e-02 -4.16732141e-01  1.94176488e-01  3.98805995e-01
  -1.03473842e-01  1.68678040e-01 -1.17113347e-01 -2.83565848e-02
   2.93903172e-02 -9.00133498e-03 -1.75477764e-01]
 [-1.06891224e-01  9.20028454e-02  3.18672735e-02 -1.02054555e-01
  -2.61800208e-01  1.11208600e-02  2.78640714e-01 -2.89175056e-01
   1.53409204e-01  9.44369703e-02 -2.56288344e-01  9.77831234e-02
  -9.03709972e-02 -3.62542439e-01  9.94507852e-02 -2.18712067e-01
   1.99581161e-01 -1.84061278e-01  2.62327716e-02 -3.79313685e-01
  -2.06442156e-01  2.63095691e-01  1.35914597e-01  9.19625798e-02
   7.48732215e-02  2.20030880e-01 -1.50533881e-01]
 [-1.19689619e-01  2.56737213e-01  1.91321807e-01 -1.55013995e-01
  -1.62606112e-01  5.54693578e-02  1.66877593e-01  2.75701573e-02
   7.84987823e-02  9.14313686e-02 -4.57341095e-01 -6.71003838e-02
  -1.31957539e-01  1.02917869e-01  3.63980452e-01 -1.29550923e-01
  -2.27596268e-01  1.98025037e-01  6.24966561e-02  3.79478497e-01
   1.63976140e-01 -2.92540921e-02  8.70013842e-03  1.59688185e-01
  -9.91302326e-02 -3.41000120e-02  3.03829990e-01]
 [-1.57219041e-01  8.19484243e-02  2.21377924e-01  4.34931362e-01
  -8.38124165e-02 -1.53297686e-01  2.46056163e-01 -2.09849960e-01
  -8.75296809e-02 -7.91484125e-02 -9.19295425e-02 -2.55919305e-02
   2.73839105e-01  5.30081740e-02  2.22309226e-01  5.21285192e-01
   6.53395226e-02  1.19405511e-02 -1.52860893e-01 -1.12529029e-01
   2.40023597e-01 -4.32242385e-03  1.63772716e-02  1.53507103e-02
  -1.43464534e-01 -1.07226791e-01 -2.06504118e-01]
 [-2.13819631e-01  1.55615986e-01  5.06026435e-02  1.51243842e-02
   3.67294480e-02 -1.72053009e-01 -4.83486822e-01 -8.82840588e-02
  -1.95208774e-02 -1.40574710e-01 -3.13891950e-01  7.96132437e-02
   4.90945942e-02  2.12545229e-01  9.48966766e-03 -3.59273118e-01
  -1.11755146e-01  1.82608394e-01 -1.31952706e-01 -2.12567922e-01
   6.84998315e-03  9.78044956e-02 -7.83164309e-02 -2.44766298e-01
  -2.52407347e-02 -2.22382559e-01 -3.44716470e-01]
 [-1.69547352e-01  5.97129470e-02 -1.59133593e-01  4.00777679e-01
   2.67333037e-02  2.31660374e-02 -2.70917420e-01  3.03481376e-01
   1.10180477e-01  1.96777534e-01 -1.59276924e-01  4.59713077e-01
  -2.19325119e-01  1.33768705e-01  1.83238538e-02  1.40316761e-01
   1.51085232e-01 -1.12332062e-01  2.10628644e-01 -1.24310366e-01
   2.32009374e-03  3.55848160e-02  4.52906923e-02  9.37458484e-02
  -2.28594382e-01  2.14111350e-01  1.89556790e-01]
 [-1.75271000e-01 -6.42312967e-02 -1.17226161e-01  1.65998333e-01
   1.58276126e-01  2.95338778e-01 -2.17208543e-01 -4.33385744e-01
  -6.87776192e-02  2.50222972e-01  1.49240614e-01 -1.94068431e-02
  -2.62087876e-01  3.96544877e-02  1.54425878e-01  1.22521977e-01
  -2.29752458e-01  1.18889581e-02 -8.11782858e-02  2.02552239e-02
   5.94632959e-02  2.57373100e-01 -2.63074143e-02  2.11314608e-01
   4.29531597e-01 -1.21388037e-01  5.64109873e-02]
 [-2.64708207e-01 -3.40287883e-01  2.05007202e-01 -2.27414972e-02
   1.39020639e-01 -7.14101621e-02 -1.13571638e-01 -8.70859268e-02
   3.55063819e-01 -4.74766540e-02  1.17442435e-01 -4.68982848e-02
   1.69644056e-01  1.23625444e-02  1.98382844e-01 -2.15254879e-01
   4.13131991e-01 -2.38540922e-01  1.50770521e-01  9.10141627e-02
   1.14169363e-01 -1.90712330e-02  1.19357809e-01  5.55807476e-02
  -1.13217945e-02 -3.67114016e-01  2.08593397e-01]
 [-2.60981446e-01 -3.59675608e-01  8.52675078e-02 -7.35080496e-03
   4.23551317e-02 -2.85065681e-01  2.20482598e-01 -1.01216969e-02
   1.65260958e-01  1.01311477e-01  2.21928003e-01 -9.60230050e-02
  -2.19916219e-01  1.62596232e-01 -4.99367526e-02 -1.55331241e-01
  -4.20197020e-01 -8.58958221e-02 -1.46857226e-01 -1.35697023e-01
   1.62931477e-01  1.47016627e-01 -1.45921423e-01 -5.37679575e-02
  -3.16773292e-01  2.63245240e-01  6.63238603e-03]
 [-2.65594688e-01 -2.88129667e-01  1.33946678e-01 -2.69411153e-01
  -5.11305691e-02 -3.24139443e-01 -1.92665353e-01  8.53581024e-02
  -1.90225096e-01  1.56386651e-01 -1.95783502e-01 -1.26741570e-01
  -1.16172441e-01 -5.39449265e-02  3.82098174e-02  2.84691156e-01
   1.99164749e-01  1.85331345e-01  1.12135683e-02 -6.95746841e-02
   4.06249936e-02 -2.41488005e-01  1.65972416e-02 -1.09160358e-01
   3.79096794e-01  3.03799563e-01  5.22529066e-02]
 [-1.29244535e-01  1.90577342e-01  7.40105754e-02 -2.17756436e-01
  -2.49777536e-01  1.57623281e-01  2.18554992e-01  3.38253522e-01
  -8.63024150e-03  1.56383829e-01  2.99563477e-01  1.59155235e-01
  -2.08858224e-01  3.07145884e-01  2.35999119e-01  5.88130623e-02
   8.63400024e-02 -1.83247025e-01 -1.12924324e-02 -8.00332166e-02
   6.80214856e-02  2.99776944e-02 -1.52821015e-02 -3.25764368e-01
   2.19506261e-01 -2.24560937e-01 -2.23365224e-01]
 [-1.05992065e-01  2.52607984e-02  2.25302011e-01  1.47649283e-01
  -2.53770993e-01  2.38250373e-01 -7.57586890e-02 -3.80031043e-01
   1.79240880e-01  1.18611871e-01  1.58630551e-01  1.12266727e-01
   1.13689978e-01  1.89143651e-01 -5.97044007e-02 -6.95316948e-02
   5.34066879e-02  6.06656626e-02 -6.45962538e-02  2.09728812e-01
  -3.52387751e-01 -3.87233355e-01 -1.74924186e-01 -2.44609932e-01
  -5.27960705e-02  2.83393590e-01  2.87525137e-02]
 [-1.23800012e-01  1.82225112e-01  1.90519398e-01 -1.43078286e-01
  -4.11739523e-01 -1.18199100e-01 -1.17121386e-01 -3.05134994e-02
   2.53671862e-01 -1.32040277e-01  9.89288309e-02  4.63230173e-02
  -1.75014412e-02  9.12993745e-02 -5.54870489e-01  2.33230225e-01
  -1.30503881e-01  5.68103645e-02  1.32292218e-02 -1.33552007e-01
   2.42294850e-02  9.50001888e-02  1.12060650e-01  2.54975595e-01
   9.40725102e-02 -2.15473603e-01  2.26235997e-01]
 [-1.03773862e-01  1.06969149e-01  3.41907101e-01  3.67727283e-01
   4.54127182e-02 -2.88335079e-01  1.06346183e-01  1.45751408e-01
  -3.44597927e-01 -1.66369403e-01  2.45453852e-01  1.14135400e-01
  -1.42502700e-01 -1.45071850e-01  7.81555174e-02 -2.78593506e-01
  -1.28525584e-01  5.88976840e-02  1.28770700e-02  4.25159028e-02
  -3.20144131e-01 -5.79683632e-02  2.53183466e-01  6.62273017e-02
   2.03223383e-01 -5.58241282e-02  1.49726716e-01]
 [-1.19935332e-01  2.63909292e-01  1.93363724e-01 -1.28724786e-01
   2.36372919e-02  4.06443067e-02 -1.93651157e-01 -1.39976980e-01
  -4.18144839e-01  3.77961423e-01  8.72301408e-02 -9.03596693e-02
  -7.48069207e-02 -3.09482683e-01 -1.96392753e-01 -5.01109902e-02
   4.80937038e-02 -3.14130762e-01 -1.33989557e-02  9.81086589e-03
   2.38354238e-01 -1.23510741e-01  5.46804706e-03 -9.63382543e-02
  -3.56538089e-01 -1.09314749e-01  7.11153866e-02]
 [-1.12343084e-01  2.53191534e-01  2.43232674e-01 -6.72845031e-02
   1.08891838e-01  2.19687401e-02 -1.32505188e-01  6.40355898e-02
   2.18616015e-02 -9.20128474e-02  2.92783721e-01 -1.91401986e-01
  -3.69524675e-02  6.11289816e-02  2.23555767e-02 -2.29057586e-02
   2.54623044e-01  1.97321924e-01  2.89664492e-01  1.76356884e-01
   7.15377748e-02  2.61927897e-01 -1.47864775e-01  3.41702218e-01
  -7.94779735e-02  3.35077177e-01 -3.72074799e-01]
 [-2.36558323e-01  1.25595830e-01 -7.00006041e-03  8.03923390e-02
   2.00231909e-01  7.09762766e-02  1.33664263e-01  1.14068853e-01
   1.07283396e-01  1.03238904e-01 -9.69211810e-02 -2.81099662e-01
   1.44914189e-01 -7.92108781e-02 -4.22789572e-02  6.32031314e-02
  -2.78369331e-01 -7.66197029e-02  5.31697413e-01 -2.92520030e-01
  -2.24635864e-01 -2.40119721e-01 -3.26338747e-01 -5.23399864e-03
   1.03392874e-01 -1.57414934e-01 -1.91682744e-02]
 [-2.37366669e-01  1.61231157e-01  1.08514009e-02  1.02667031e-01
   2.65001294e-01  2.03521735e-01  2.58819439e-01  1.37172819e-01
  -4.91058331e-02 -1.07603963e-01 -1.45371469e-01 -1.25331781e-01
  -7.70045227e-02  1.36850860e-01 -2.79091040e-01 -1.58794480e-01
   3.46693072e-01  2.66068019e-04 -4.71374273e-01 -1.14646474e-01
   5.95746796e-02 -4.55379450e-02 -3.00387158e-01  1.12135722e-01
   1.38997184e-01  4.23886513e-02  2.14186768e-01]
 [-2.24337934e-01  1.92073653e-01 -3.83166769e-02  9.52697905e-02
   2.28769182e-01  1.36831787e-01  2.91809469e-02  3.76248896e-02
   2.33815690e-01 -7.27474600e-02 -2.74134167e-02 -2.54998436e-01
  -4.32796357e-03 -1.15719386e-01 -1.61509594e-01  1.25439519e-01
  -4.22227777e-02  6.29175177e-02  3.35605169e-02  1.66199839e-01
   2.02911076e-02  2.42603716e-01  4.78005868e-01 -5.40532707e-01
   3.07702276e-02  1.65256333e-01  7.25425774e-02]]
Singular Values 
[50.79897433 23.74487647 19.77059597 14.75307041 13.89916595 12.20379905
 10.99952489 10.77138596  9.15576518  8.89040452  7.69747599  6.73379147
  5.63661002  4.46660172  4.31997928  3.54029988  3.28759395  3.08137424
  2.78732755  2.20090321  1.880507    1.54179155  1.22325428  0.9827648
  0.54897939  0.42813677  0.10648462]
Singular Vector V (transpose) 
[[-2.75699139e-01 -1.74399975e-02 -5.96602260e-01  2.70484629e-02
   1.12981757e-02 -3.11003077e-02 -4.55999852e-03  9.08391433e-02
  -6.50396784e-04 -1.08762480e-02  3.28426830e-02  1.13369298e-02
   1.47881415e-01  4.27319027e-02 -4.21553786e-03 -3.65770826e-02
   1.60510286e-02 -2.45526970e-02  5.64915832e-02  3.47666177e-02
  -2.57301599e-01  6.65131524e-03 -2.93678330e-01 -4.30536163e-02
  -5.58398664e-01  5.10058531e-02  8.18750718e-03  2.35554310e-01
   4.12688771e-02]
 [ 4.72328612e-02 -4.93701472e-03 -1.19993459e-01 -7.07685274e-02
  -1.10610305e-01 -6.13326695e-03 -1.21775968e-01 -1.53064342e-01
   1.97832373e-02  3.80766103e-02  1.35089515e-01 -1.47119658e-01
   2.88362936e-01  1.75863022e-01 -9.93968582e-02  2.55544037e-02
  -5.42241620e-03  1.22524529e-03  7.07811107e-03 -2.20483764e-02
   7.64467312e-02  6.55205479e-02 -5.51995059e-01  1.18137572e-01
   1.39478792e-01 -2.59301979e-01 -5.47145893e-04 -5.81218157e-01
  -8.71407074e-02]
 [ 2.24123979e-01 -2.86465980e-03 -4.20051758e-01 -1.40912776e-01
   1.13206320e-01  2.74446170e-02  2.57905756e-02  2.14720069e-01
   9.35052488e-03  3.10040486e-02 -7.76932239e-02  3.68274283e-02
  -1.70261326e-01 -1.39789745e-01 -3.34111065e-03 -3.04312836e-02
   7.75406880e-02  2.65198994e-01 -2.71699816e-02  1.10132106e-01
   1.85623991e-02  2.54891985e-02  2.87196851e-01  1.54563426e-01
  -5.61196293e-02  3.56174106e-01  3.39672294e-02 -5.43680122e-01
   1.09019977e-01]
 [ 6.55351918e-02  2.91530114e-02  1.88717461e-01  4.34334955e-01
  -8.54666475e-02  3.93933065e-02 -1.44218724e-01  3.29598940e-01
   1.69738829e-01  2.40718499e-01 -3.83698114e-01  1.69052481e-01
   1.59475617e-01 -1.57012950e-03  3.88514851e-02  1.75738097e-02
  -1.49440675e-01 -1.63976074e-01 -2.93575505e-02  2.21316608e-01
   5.06240620e-02 -7.92941074e-02 -2.92037132e-01  3.37145820e-02
   1.14389218e-02  3.14354945e-01 -9.92729759e-02 -5.68298592e-02
   1.90051146e-01]
 [-3.16603951e-01 -3.24562010e-02  2.95602873e-01  3.10894493e-01
  -4.53518087e-02 -1.70757023e-01 -2.10077530e-01 -2.13131734e-01
   1.56491821e-02 -8.01593215e-02 -5.92401447e-02 -4.18891660e-03
  -1.37225286e-01  3.65678080e-01  3.78272339e-03  1.06135891e-01
   1.56934005e-01  3.17454094e-01  6.94649783e-02 -8.99040029e-02
  -6.54152082e-02  2.56174269e-02  1.73814625e-01 -1.20036229e-01
  -3.59473205e-01  5.23365222e-02  1.58425298e-02 -3.00546104e-01
   9.72817819e-02]
 [ 1.41610412e-01  2.35173094e-02 -2.20263799e-02  1.59681401e-01
  -1.45756023e-01  3.99130860e-02  7.88628681e-02  2.81867872e-01
  -7.51142450e-02 -1.83947197e-01  1.32441568e-01 -7.86601242e-03
   5.77804931e-01  2.71977491e-01  3.15189324e-02 -1.06183224e-01
   4.05059069e-01  1.98801246e-01 -7.41487581e-02 -2.93948517e-02
   1.30580522e-02 -1.93169900e-01  1.94010425e-01  5.06681683e-02
   1.31942922e-01  3.89038070e-02  2.11211229e-01  1.28312245e-01
  -8.80046037e-03]
 [ 1.59226583e-01  4.18103920e-02 -2.42586932e-01 -1.78250825e-02
   9.37099694e-02  3.17353834e-01 -4.30192963e-02 -5.05667168e-01
   1.88182584e-01  9.83448598e-02 -2.40020838e-01  2.86191260e-02
   1.79533822e-01  4.51464969e-01  8.18334126e-02 -3.45007752e-02
  -1.20417034e-01 -1.99502518e-01  1.77042310e-02  5.20151344e-02
  -1.01399686e-01 -3.27809527e-02  2.81234586e-01  6.91065801e-03
   7.81353130e-02  1.02266532e-01 -1.73360801e-01  4.34222223e-02
  -5.39768769e-02]
 [ 2.11188934e-02 -4.03831343e-02  4.27453309e-02 -1.06001606e-01
  -2.50458271e-01 -1.48312698e-01 -2.11678124e-02  2.14334945e-01
  -1.23815574e-03  1.23375667e-01  3.08988242e-01 -1.25223277e-01
   6.72250511e-02  1.42674432e-01 -2.99092813e-02  5.75193287e-02
  -1.43856918e-01 -5.69338366e-01 -3.34570777e-02  1.75555120e-01
   1.70643371e-02  4.91075398e-03  3.68304226e-01 -8.56760644e-02
  -2.27170770e-01 -1.55712853e-01  3.59767744e-02 -1.94972859e-01
   2.51087151e-01]
 [-5.60678721e-02 -4.46699962e-02 -1.74585547e-01  2.69868628e-03
  -2.75702762e-01  5.02579278e-03 -4.12195853e-02 -1.38652839e-02
  -1.85264720e-01 -1.11565835e-01 -1.84049409e-01 -6.28649739e-02
  -4.96579808e-01  1.92578313e-01  1.00141212e-01 -6.80183469e-02
   3.62093232e-01 -2.99016095e-01 -1.07406776e-01  5.16828363e-02
  -8.80232967e-02 -3.47573998e-01 -1.81987109e-01 -1.20895642e-01
   2.36197002e-01  6.57175616e-02  1.76366895e-01 -3.29150126e-02
  -1.41205466e-02]
 [ 4.94983367e-02  2.30176775e-03 -5.59753033e-02 -1.27622332e-01
  -1.28340444e-01 -7.71839582e-02  2.31001392e-01  1.17242431e-02
  -8.58270666e-02  9.48985167e-03  1.45690784e-01 -1.96792693e-01
  -1.19155081e-01  3.59118386e-01  1.00484583e-01  2.69275447e-01
  -2.20998736e-01  2.82503584e-01 -1.05219032e-01  4.87004693e-03
   4.58139089e-02  1.46353385e-01 -1.79002740e-01  2.39537718e-02
   2.01245685e-01  1.91972995e-01 -1.12703080e-01  2.12739928e-01
   5.27091190e-01]
 [ 1.43615679e-01  8.03547305e-03 -3.04792959e-02  1.77777560e-01
   1.21907487e-02 -2.90563555e-01 -4.26982953e-02 -3.07973444e-01
  -8.62298590e-02  7.01309074e-02  1.96708385e-01  4.90942734e-02
  -1.70563934e-02 -9.44609868e-02  4.78676285e-01  5.89582864e-02
   1.85733784e-01 -1.61342913e-01  4.32915582e-02  5.11217031e-02
   2.90864767e-01  5.89211073e-02 -4.52693303e-02  5.07853391e-01
  -1.46377807e-01  1.43269837e-01  6.85068651e-02  9.85496224e-02
  -2.89452603e-02]
 [-4.55534997e-01  1.43338100e-02 -2.11817829e-02 -6.12337435e-02
   9.93674104e-02 -1.67785748e-01  2.14510642e-01 -1.16635465e-01
  -4.35364300e-02 -6.42781371e-02 -4.13660733e-01 -3.15566775e-01
   2.63344868e-01 -1.97291193e-01 -2.91240498e-02 -1.26310546e-01
   9.94886367e-02 -2.03014303e-01  7.85390566e-02 -1.47584284e-01
   4.55362831e-02  1.50394657e-01  1.06954546e-01  1.28545959e-01
   1.87019173e-01  7.38249955e-02  1.24012844e-01 -8.94818744e-02
   3.05135636e-01]
 [-1.33522712e-01 -4.36947822e-02  1.59023638e-01 -9.10181386e-02
  -1.70832155e-01  1.95718672e-01 -6.81640248e-02 -2.58596592e-02
  -2.02555916e-02 -1.74354552e-01  2.05307969e-01 -4.23681879e-01
   1.25168453e-01 -1.72988378e-01  3.12905535e-01 -7.95813194e-02
  -2.70840771e-01  1.28767321e-02  9.58150124e-03 -8.29430132e-02
  -1.00066722e-01 -2.73908745e-01 -2.83206503e-02 -8.66311956e-02
  -6.27672130e-02  4.64991598e-01 -1.17703945e-01 -1.01790779e-01
  -2.31023226e-01]
 [-3.64242242e-01  6.27550649e-02 -2.30729932e-01  2.93255441e-03
  -6.70003849e-02 -2.39547041e-01 -2.03124682e-01  5.71966510e-02
  -3.62753128e-02 -1.42930063e-01  1.69831972e-01  4.76603292e-01
   6.06531279e-02  2.93625678e-02 -7.14318298e-02  6.30790184e-02
  -1.88918028e-01 -6.16848842e-02 -1.61785570e-02 -2.71289633e-01
   1.66986741e-01 -2.15899322e-01  1.20070095e-01  6.49310845e-02
   3.02546567e-01  1.01483276e-01 -3.19649412e-01 -3.88085148e-02
  -1.95110904e-02]
 [-1.03182788e-02 -9.55888989e-02 -2.31296952e-02  1.30991286e-01
   3.78202697e-01 -8.47783342e-02 -1.12741642e-01  4.71954290e-02
  -4.62590345e-01  1.05227517e-01  7.34062366e-02 -1.18406925e-01
   1.11496495e-01  4.01723466e-02 -1.34014052e-01  4.71391064e-01
   1.10497020e-01 -1.74974647e-01 -6.68111732e-02  1.06755674e-01
  -1.82672341e-01  2.03236490e-01  1.94275317e-02 -1.55983365e-01
   1.60678328e-01  2.41992450e-01 -3.91440372e-02 -1.04295844e-02
  -2.55198591e-01]
 [-1.32342510e-01 -1.61994655e-01 -1.92780115e-01  4.11479226e-01
  -9.91553616e-03  2.72901442e-04 -2.29520173e-01  6.87386621e-03
   7.83125387e-02  3.52783579e-01  2.76756036e-01 -3.29513746e-01
  -1.50540358e-01 -4.04247746e-02 -1.14634523e-01 -4.22715893e-01
  -3.69396313e-03  1.29664362e-01 -5.45482273e-02  6.39166987e-02
  -5.49497905e-02  1.29785648e-01  1.25362732e-01  6.25433711e-02
   2.75310604e-01 -6.79800562e-02 -9.58602216e-02  1.09431299e-01
   9.47608316e-03]
 [ 1.76063550e-01  8.37678689e-02 -1.10086683e-01 -3.92437687e-02
  -2.16349949e-01 -5.77616163e-01 -5.27479763e-02 -1.37698289e-03
   4.72128585e-01 -1.43377971e-01 -1.64377339e-01 -2.47871430e-01
  -2.55208282e-03  1.85338558e-02 -1.84394179e-01  1.56120948e-01
  -2.95249476e-02  3.36820441e-02 -3.60250916e-02  7.20184360e-02
  -7.37598129e-03  8.78317448e-02  4.55333413e-02 -7.81877869e-02
   6.02871042e-02  1.25550861e-01  2.46825689e-02  1.29584302e-01
  -3.36453098e-01]
 [ 3.32050781e-02  2.10264978e-01  4.67576610e-02  3.37252792e-02
   4.91567225e-01  1.13259002e-01 -1.84694812e-01  2.41337223e-02
   3.58866333e-01 -1.24449985e-01  1.99712962e-01 -2.07619808e-01
  -9.61748412e-02  1.41709881e-02 -2.26082984e-01  1.40939266e-01
   1.09185508e-01 -1.54532645e-01 -2.54914251e-01 -2.17337873e-01
   5.93695564e-02 -3.11804315e-01 -8.70209103e-02  1.50584832e-01
  -6.90219378e-02  5.54450891e-02  1.11763798e-01  4.28971368e-02
   2.30925299e-01]
 [ 7.18305170e-02  3.03463103e-01 -1.41545189e-01  2.80477537e-01
   2.42990050e-02  1.89951348e-02  1.22843446e-01  2.42165361e-01
  -2.81800825e-01  1.02644269e-03 -2.39295035e-01 -3.02158466e-01
  -1.28844244e-01  1.52306453e-01  3.32309664e-02  1.20297242e-01
  -3.25949297e-01  3.77352080e-02  1.60462158e-01 -2.19654140e-01
   1.43221464e-01 -1.89924507e-01  1.14239103e-01  2.28799466e-01
  -9.56553938e-02 -2.98051432e-01 -2.66113899e-02 -1.27387029e-02
  -2.08595572e-01]
 [ 2.44880317e-01 -1.21652358e-01 -8.02241418e-02  3.95932602e-02
   1.09777687e-01 -4.32242131e-02 -3.20899791e-01 -1.03882720e-01
  -2.45166522e-01 -3.47312796e-01 -2.71920882e-02 -5.42035841e-02
   2.20424834e-02  3.28388238e-02 -2.13835594e-01 -2.57512914e-01
  -1.83215469e-01 -3.81216063e-02  3.12787986e-01  7.00374988e-02
   4.34189001e-01  4.14204258e-02 -5.85661594e-02 -2.66732644e-01
  -5.57394719e-02  1.34058366e-01  1.72867470e-01  9.64777535e-02
   1.69368038e-01]
 [-1.56801862e-01  4.64265497e-01  6.23332237e-02 -3.24409342e-01
   2.46829981e-02  4.54139686e-03 -5.61080480e-01  1.03574586e-01
  -9.50110256e-02 -3.12676280e-02 -8.81844849e-02 -5.09137590e-02
   3.23926246e-02  2.44830041e-02  1.93034504e-01 -2.12839455e-02
  -1.55165851e-03  1.34605328e-01  4.53964102e-02  3.79766719e-01
  -1.55892542e-01  7.07135076e-02  4.69944575e-02  1.52436704e-01
   1.03735142e-01 -1.27978610e-01  6.22748108e-02  1.05363312e-01
   5.97118483e-02]
 [ 3.09902421e-01 -1.34612793e-01 -6.35642132e-02  1.85040484e-01
   1.77424076e-02 -2.03257944e-01 -1.20717705e-01 -1.58233117e-01
  -1.31141409e-01 -2.78606594e-01 -1.23767576e-01 -6.38190498e-02
   1.14563628e-01 -3.05340048e-01  1.45025075e-01  4.07598767e-02
  -1.22211108e-02  5.41220770e-02 -2.07344531e-01  2.15843984e-02
  -3.45116046e-01 -2.00519803e-01  4.41746311e-02 -7.90628159e-02
   7.35959929e-04 -3.02381107e-01 -3.50199274e-01 -5.05314990e-02
   3.03938797e-01]
 [-4.09362536e-02  2.15862078e-01  4.02760336e-02 -4.66242209e-02
   2.88262987e-01 -3.73826901e-01  2.94437421e-01 -1.78178751e-01
  -9.16551089e-02  3.22561842e-01  9.11213698e-02  4.75772450e-02
   8.10540452e-02  4.17258395e-02  9.52580019e-03 -2.08778638e-01
  -1.20147087e-01  1.32504130e-01  1.71860954e-02  3.01101968e-01
   1.10231046e-02 -4.76054055e-01 -5.12361091e-02 -2.51610419e-01
   2.16991586e-02  1.55990387e-02  1.01989567e-01 -6.96561656e-02
  -6.68643181e-03]
 [ 2.00453029e-02 -1.86166315e-01 -1.56494568e-01 -8.55184847e-02
  -1.40912534e-01  4.70026105e-02 -2.95870366e-01 -7.53750753e-02
   6.00579931e-02  4.38645848e-01 -1.08701167e-01 -2.61968334e-02
   1.18974294e-01 -2.01790668e-01  1.69030206e-01  3.62906012e-01
  -3.83816834e-02  1.52219102e-01  4.15603150e-02 -2.84831297e-01
   1.31792397e-01 -1.99348043e-01  8.43771421e-02 -2.37559351e-01
   4.16395494e-02 -1.01523845e-01  3.72074675e-01  6.90660469e-02
   1.03783316e-01]
 [ 1.29629175e-01  2.29931552e-01 -2.28887757e-02 -8.71514668e-02
   1.83551416e-01 -9.58350765e-02 -3.04499138e-02  2.19608052e-01
   1.05766747e-01  1.37892684e-01  9.67914697e-03 -8.75403086e-02
  -1.59726833e-02  8.37021209e-02  3.73296646e-01 -1.49999541e-01
   3.15859279e-01 -9.11623594e-02  1.99704268e-01 -3.22855341e-01
   1.23697067e-01  1.82281921e-01 -6.89485733e-02 -4.16252254e-01
   2.51956485e-03 -1.76874402e-02 -3.76029166e-01 -4.34901218e-02
   2.75253670e-02]
 [ 2.26799497e-01  3.91051366e-03  1.65449785e-01 -1.98920328e-01
  -1.45476256e-01 -1.22085683e-01 -9.64879948e-02 -4.35830604e-02
  -1.51645004e-01  2.60935188e-01  7.13163631e-03 -1.52985896e-02
   8.77297821e-04  1.32510033e-02 -3.64031446e-01 -7.64637847e-02
   1.37233197e-01 -2.53170322e-02  4.51230230e-01 -2.66557819e-01
  -3.40293133e-01 -1.79193748e-01 -3.81064212e-02  2.90477227e-01
  -5.25010342e-02  1.85118349e-01 -1.46629187e-01  8.36936642e-02
   1.04934785e-01]
 [-1.38343271e-01  1.09311203e-01 -7.70021683e-02  6.14019046e-02
  -1.74593570e-01  2.33977640e-01  1.00888890e-01 -1.15332653e-01
   6.58401590e-02  8.42460487e-04  5.55575851e-02 -1.52950531e-01
   1.52921861e-02 -2.10728542e-01 -2.08038562e-01  3.18697584e-01
   3.24229385e-01  7.06369738e-02  2.71679137e-01  3.72737299e-01
   3.37199619e-01 -1.86716575e-01  4.92852604e-02 -5.80197593e-02
  -2.71543571e-02 -5.50299740e-02 -3.79944920e-01  4.49902985e-02
   5.32210671e-02]]

Kinase CDK6
Singular Vector U 
[[-2.08654882e-01 -1.19157549e-01 -3.11584510e-01 -1.52801278e-01
  -3.77106074e-02]
 [-2.16152263e-01 -1.06256979e-01 -2.96845027e-01 -1.54720709e-01
   4.66957706e-02]
 [-1.21749071e-01 -2.52480778e-01 -9.00455511e-02 -7.43081541e-02
  -4.73283326e-02]
 [-1.42708155e-01 -2.17891014e-01  4.54904377e-03 -1.62395025e-01
   6.24382345e-02]
 [-2.03034903e-02 -4.09552024e-01  1.41890158e-01  5.35179802e-03
  -1.49593580e-01]
 [-9.83377962e-02 -2.80820248e-01  2.10775689e-01 -1.31839581e-04
  -9.15431797e-02]
 [-1.27547663e-01 -2.35298798e-01 -1.31350893e-01  2.84663346e-01
  -2.92395383e-01]
 [-1.28456465e-01 -2.19767787e-01  2.17787726e-01  4.17553976e-01
  -1.67100460e-02]
 [-1.52147742e-01 -1.94276240e-01 -1.98511237e-01  2.97057929e-01
   2.46255757e-01]
 [-1.08062796e-01  1.38858715e-01 -3.07172484e-01  2.03445461e-01
  -4.62443909e-02]
 [ 2.23593778e-03  1.68518697e-02  2.40264505e-03 -2.00886992e-01
  -1.98857987e-01]
 [-1.59812132e-02 -1.50893170e-01  1.08505058e-01 -2.14843354e-01
   2.58655502e-01]
 [-3.08467476e-01  6.28766837e-02  2.69866901e-01  1.55133929e-02
  -4.36068930e-02]
 [-3.21183447e-01  7.15565067e-02 -6.04823399e-02 -1.11051662e-01
  -1.13351052e-02]
 [-3.09393590e-01  6.42667052e-02  2.42508865e-01  4.72076659e-02
  -1.05017103e-01]
 [-3.27994152e-01  8.27165497e-02 -3.32407206e-01  7.56192471e-02
   4.31266336e-01]
 [-3.16226930e-01  7.23243438e-02  2.25300227e-02  1.22066331e-01
   3.10703684e-02]
 [-3.18810774e-01  7.22889462e-02  2.55669696e-03  5.64735361e-02
  -3.85120559e-01]
 [-9.80359529e-04  3.15436457e-03 -5.34778438e-02  5.62015651e-03
  -2.84087545e-01]
 [-7.19973760e-02  1.04469163e-01 -1.76517298e-01  1.17238853e-01
  -2.46373931e-02]
 [ 4.90277616e-02 -2.08526545e-02  2.10630167e-01  4.49766263e-01
   1.45056239e-01]
 [-2.12374082e-01  2.48854335e-01  3.08007672e-01  1.30131640e-01
   3.01340739e-01]
 [-2.33238978e-01  2.43137094e-01  5.48882332e-03 -8.38233289e-02
  -3.21546331e-01]
 [-2.02250140e-01  2.73445341e-01  2.85944734e-01 -2.86526817e-01
   8.33731403e-02]
 [-1.30742378e-01 -2.33823845e-01  6.84849335e-02 -8.00944410e-02
  -3.35307244e-02]
 [-8.51449917e-02 -3.07356838e-01  1.57340834e-01 -1.71630922e-01
   1.39964571e-01]
 [-1.44978608e-01 -2.14789310e-01  3.29595807e-02 -2.29463184e-01
   1.78740923e-01]]
Singular Values 
[41.17651424 22.70273652 12.83407917  5.91263096  3.78613198]
Singular Vector V (transpose) 
[[-0.66472566  0.05114435 -0.01342985  0.11982699  0.73551695]
 [-0.74183545  0.04221261  0.05474815 -0.04045439 -0.665781  ]
 [ 0.03425826 -0.10560053 -0.23101193  0.95885022 -0.1221255 ]
 [ 0.0789698   0.69002744  0.67946617  0.23652512 -0.00273919]
 [ 0.02025095  0.71296074 -0.69410481 -0.09309702 -0.02878081]]

Kinase HIPK2
Singular Vector U 
[[ 1.60537151e-01  3.75231049e-01 -2.49049424e-01 -1.51346464e-02
   1.20786935e-01]
 [ 1.70766863e-01  6.73579675e-02 -5.03536450e-02  3.90829609e-01
  -9.25081964e-02]
 [ 1.71488109e-01  7.66152773e-02  2.60200390e-04 -1.67754759e-01
  -3.07183299e-01]
 [ 2.20477962e-01 -1.08139001e-01 -1.51703605e-01 -7.75209972e-02
  -2.79229688e-03]
 [ 1.92857271e-01  8.12640053e-02 -1.57655550e-01 -1.64689616e-01
  -4.84404631e-02]
 [ 1.89285338e-01  7.34867655e-02 -1.56777949e-01 -2.55672938e-01
  -1.34016262e-01]
 [ 2.33300466e-01  6.08414473e-02  3.08565286e-01  7.00581647e-03
   3.28683645e-01]
 [ 1.85846225e-01  2.36111763e-01 -1.67283821e-02 -1.08650925e-01
   1.01765477e-01]
 [ 2.28267474e-01 -2.35051843e-02  2.12519281e-01 -1.75698515e-01
   9.64694018e-02]
 [ 1.73354809e-01  7.63551444e-02  5.19124387e-01 -1.51686892e-01
  -3.74712254e-01]
 [ 2.16758156e-01 -1.22646965e-01 -8.23069473e-03  1.97037952e-01
   2.29824072e-02]
 [ 2.06716353e-01 -2.12039215e-01 -2.34962602e-01 -7.46569496e-03
  -2.54109176e-01]
 [ 1.97961769e-01 -1.93980588e-01  7.11132144e-02  3.95459248e-01
  -2.10360511e-01]
 [ 1.47001262e-01  2.84731338e-01 -2.46182710e-01  2.94578265e-01
  -2.68804034e-02]
 [ 1.42640430e-01  3.86775644e-01 -2.77887110e-01 -9.09541882e-02
  -7.42190680e-02]
 [ 1.71884137e-01 -1.16989843e-02  1.90320279e-01  8.86469935e-02
  -3.61887261e-01]
 [ 1.64375469e-01  1.24145149e-01  3.67925579e-02  2.89649438e-01
  -1.32924931e-01]
 [ 1.58594302e-01  3.22785786e-01  8.48812792e-02 -2.34637352e-03
  -3.06084247e-02]
 [ 2.28318948e-01 -1.26198189e-02  1.68957496e-01 -9.38235378e-02
   1.53901900e-01]
 [ 2.15578735e-01  7.72418834e-02  1.79052173e-01 -1.44130577e-01
   1.30087441e-01]
 [ 2.35179733e-01 -4.69723539e-02  1.19476425e-01  2.23113718e-02
   2.31215400e-01]
 [ 1.20180034e-01 -2.08718939e-01 -4.74846445e-02 -1.38290758e-01
   1.58832317e-01]
 [ 1.57162479e-01  8.63123599e-03  6.39535361e-02  9.83799284e-02
   4.03071292e-01]
 [ 3.62132929e-02 -1.36852435e-01 -2.37964181e-01 -3.75820584e-01
  -5.42322220e-02]
 [ 2.18186449e-01 -6.90055335e-02 -1.04071631e-01 -8.87908502e-02
   1.72871537e-02]
 [ 2.51258471e-01 -3.68294273e-01 -1.06026116e-01 -1.47468299e-01
  -9.82588553e-02]
 [ 2.55380353e-01 -3.16423897e-01 -2.23558409e-01  2.06933136e-01
   1.85103152e-01]]
Singular Values 
[13.34025135  7.10487445  5.6392094   4.61007896  3.55804714]
Singular Vector V (transpose) 
[[ 0.02601457  0.0227139  -0.2775439   0.90783651 -0.31242533]
 [-0.284413    0.48444432  0.79209512  0.23875832  0.00165508]
 [ 0.45612222  0.79106409 -0.3094253  -0.03702518  0.26278363]
 [-0.73276223  0.10124155 -0.35706611  0.10239921  0.56109522]
 [-0.4164667   0.35883914 -0.26891353 -0.32706403 -0.72007263]]

Kinase AKT1
Singular Vector U 
[[-3.63442801e-01  1.85121869e-01  7.39138272e-03 -1.28007337e-01
  -4.26829379e-01  1.13266186e-01  5.94190271e-02 -3.85578750e-01
  -2.03476986e-01  1.08153099e-02 -1.74424311e-01  2.42129988e-02
   5.98566386e-02  3.38135036e-01]
 [-3.50629243e-01  2.02210084e-01 -1.12028424e-01 -1.73532669e-01
   1.25471842e-01 -3.63819933e-01 -1.29929074e-02  2.58684368e-01
  -3.31447229e-01 -6.14554730e-02  1.55804975e-01  1.94453418e-04
   1.33674461e-02 -1.44870526e-01]
 [-3.38734378e-01  2.29761420e-01  9.97663640e-02  2.26005505e-02
  -1.73531663e-01 -4.31438490e-02 -2.06600078e-01  2.15660744e-02
  -5.14053580e-02 -1.04693811e-01  9.86404597e-02 -1.26943817e-01
   2.41696026e-01 -2.12791915e-01]
 [-1.70718419e-01 -2.94990438e-01  1.64467011e-01  3.63468539e-02
  -3.07369977e-01 -6.12929066e-03  8.60744447e-02  2.82464503e-02
   3.46758669e-01 -1.52294241e-01  2.24050045e-01 -1.78093093e-02
  -1.61937564e-01 -1.61315779e-01]
 [-1.42788323e-01 -3.11981091e-01  1.41900273e-01 -6.10199416e-03
  -1.91392938e-01 -1.25165656e-01  7.56026407e-03 -1.59899829e-01
   8.28228802e-02 -5.67728881e-02 -8.42534066e-02  3.21182989e-01
  -4.95474133e-03  4.06141807e-02]
 [-1.80235562e-01 -2.84456840e-01  4.76345488e-02  6.11704956e-02
  -4.48156108e-02 -3.37403574e-01 -1.62343184e-03 -1.65476308e-01
   2.06806440e-01  1.64481477e-01 -1.08788392e-01 -1.87974046e-03
  -9.50443018e-02 -2.32611716e-01]
 [-1.78463186e-02 -7.21593773e-04  2.95408633e-01  1.64323480e-01
  -8.46283400e-02  1.02315823e-01  1.38404475e-01  1.62847466e-01
   1.45789038e-01  2.07966759e-02 -3.39866561e-01 -7.75051036e-04
   3.26582276e-02 -1.31620659e-01]
 [ 2.87116858e-02  8.15224880e-03  2.41675723e-01  2.19540945e-01
