Method Singular Value Decomposition(One of the PCA methods)
X = U(SIG)V*

X shape (nxm)

U shape (nxn)

(SIG) shape (nx1)

V shape (nxm)

Kinase AURKA
Singular Vector U 
[[-5.06042951e-02 -2.43279730e-01  1.73307710e-01  7.50682185e-02
   3.31917356e-02 -3.87088760e-02 -2.39355395e-01  4.46529123e-01
   3.45347199e-01 -1.21255821e-01]
 [-7.72167564e-02 -4.08698579e-01 -7.89778865e-02  4.93054074e-02
   1.76592299e-01  9.38453466e-02  2.91889133e-01 -7.91069137e-02
   3.42079118e-01 -7.72219450e-02]
 [-1.48891620e-01  2.94023231e-01  8.79357928e-02  1.07653191e-01
   1.72208251e-01 -3.31115735e-02 -1.12026471e-01 -4.81420062e-02
   1.43913656e-01 -1.37880628e-01]
 [ 1.60562310e-01 -7.75329543e-02 -5.07111705e-02 -1.68261040e-01
  -4.18289456e-03 -1.69663202e-01  1.71389377e-01 -1.31081035e-01
   1.72613727e-02  2.05812823e-01]
 [-1.80930302e-01  1.46821665e-01  2.10114647e-01  3.63327130e-01
   6.62757834e-02  3.26710545e-01 -5.67577534e-02  1.38907590e-02
  -5.95357416e-02  5.64532609e-02]
 [-3.03493777e-01  1.01430617e-01 -9.82619686e-02 -2.47317072e-01
   9.04266267e-02  3.07718328e-01 -6.58238758e-02  2.84242283e-01
  -8.72618084e-02  4.62486733e-01]
 [-3.40002960e-02 -1.82962145e-01  8.89334051e-02  5.41703098e-01
   1.37515355e-01 -1.78851664e-01 -1.27473265e-01  3.14970104e-01
  -1.38350279e-01  4.45981625e-02]
 [-3.52501397e-01 -2.62605684e-01  2.46856043e-01 -2.03180190e-01
  -4.55170025e-01 -1.71935339e-01  3.20132189e-01  1.65091010e-01
  -3.17374167e-01 -2.47948787e-01]
 [ 3.11304297e-01  2.65021362e-02  2.19438431e-02 -7.23949607e-02
  -7.07998571e-02  2.13467029e-01  2.08351378e-01  2.36075400e-01
  -4.18688769e-03  2.83759411e-01]
 [-1.31267693e-01  2.14629700e-01  9.92175920e-02 -1.51941010e-01
   2.23487263e-01 -2.68195478e-01  1.63208143e-01 -1.45898087e-01
  -2.04243957e-02 -1.23861634e-01]
 [-1.60511139e-01  1.21109997e-01 -5.70376133e-01  8.19293898e-02
  -2.32980805e-01  2.95372803e-01  1.65689453e-01  1.31650210e-01
   1.10407673e-01 -2.89799628e-01]
 [-3.99523403e-01 -1.53741387e-03  3.08484968e-01 -5.38774962e-02
  -4.25793520e-01  2.04064272e-01 -2.10109985e-01 -2.31912279e-01
   2.21976433e-01  2.65447263e-01]
 [-2.14414242e-01  1.24918094e-01  2.02296508e-01 -6.20335892e-02
   2.15294324e-01 -1.18450779e-01  3.92898792e-01 -1.84312477e-02
   3.02484089e-01  1.79574511e-01]
 [-5.65755393e-02 -2.01543961e-02 -6.36591623e-02  1.15244050e-01
  -2.76127350e-01 -1.61359776e-01 -4.67079867e-02  1.95075036e-01
   2.76194853e-01 -1.43534528e-01]
 [-2.34028802e-01  3.99772297e-02 -8.09976920e-02  1.17480797e-01
   1.46264219e-01 -1.12165303e-01  4.17418155e-02 -6.72238446e-03
   1.87893854e-01  1.65976777e-01]
 [-1.72652846e-01  2.22076335e-01 -2.45096834e-02  1.15352825e-01
  -3.19233174e-03 -8.67970047e-02 -1.87066381e-01 -6.83081043e-02
  -4.55351932e-01 -6.06673387e-02]
 [-3.15682734e-01 -3.13848494e-01 -1.51887073e-01 -7.69021103e-02
   3.56529352e-01  9.77931400e-02  1.39049127e-01  1.23870163e-01
  -3.12817863e-01 -1.74542017e-02]
 [-2.10111018e-01  1.35150243e-01 -4.59838596e-01  4.19754982e-02
  -5.87202556e-02 -1.56070220e-02 -2.55543086e-02 -6.78945930e-02
   9.15902396e-02  5.52712170e-04]
 [-2.73899703e-01  1.08866701e-01  5.70780236e-02 -2.54397744e-01
   3.15093924e-01 -5.36169494e-02 -1.43206298e-01  9.78541582e-02
   7.44580769e-02 -2.57188316e-01]
 [-9.51306298e-02  1.98595725e-01 -1.44713634e-01  2.69841524e-01
  -1.47403084e-01 -4.31087974e-01  2.85092921e-01  2.19932511e-01
  -5.13463545e-02  3.84637887e-01]
 [ 8.91484921e-02  4.18856949e-03  1.89626246e-01  1.49138388e-01
   9.67488542e-02  4.15576245e-01  3.16264201e-01  8.88441662e-02
  -1.39483517e-01 -5.84842108e-02]
 [ 1.52271697e-01  3.18805518e-01  6.61954627e-02 -3.67818648e-01
  -5.25206176e-03 -2.92526521e-02 -6.71647883e-02  5.38829102e-01
   3.97759564e-02 -8.22805007e-02]
 [ 3.14002969e-02  3.85952716e-01  2.20806645e-01  1.98027634e-01
  -6.22805246e-02  1.34862864e-01  3.57848638e-01  6.21995009e-03
   6.23859420e-02 -2.80075935e-01]]
Singular Values 
[16.09374633 11.29066926  9.59862346  8.16658811  6.70212408  5.73835806
  4.64584243  3.1960811   2.37083977  1.24408322]
Singular Vector V (transpose) 
[[ 0.23372791  0.07576882  0.93014727  0.06103079  0.11490434  0.07149015
   0.18284192 -0.04542308  0.10962628 -0.07003896]
 [-0.06635306  0.60544558 -0.11533305 -0.1628111   0.72188596  0.15142798
   0.10214222  0.0480285  -0.15435069  0.09279047]
 [ 0.27262791  0.22137842 -0.13655039 -0.01230316 -0.04461394 -0.77280718
   0.46385499 -0.02373506  0.20676492  0.01305246]
 [-0.06311834  0.71236128  0.09611016  0.23864009 -0.52598352 -0.02024051
  -0.32234711  0.01552027 -0.07784864  0.18733377]
 [-0.08053979 -0.05978065  0.19247161 -0.4887079  -0.06516924 -0.27512444
  -0.18124323  0.72038097 -0.28615878  0.02082535]
 [ 0.36283184  0.1787939  -0.1536994  -0.56233381 -0.32869164  0.46691216
   0.25267138  0.05378982  0.31343379 -0.07430287]
 [-0.0651353  -0.07302347 -0.06516499  0.44490319  0.01554855  0.22964667
   0.33756271  0.58257798  0.29073394  0.44428412]
 [-0.32620217 -0.05334517  0.12401273 -0.34486519  0.10374165 -0.15570613
  -0.28875884 -0.21482002  0.58027135  0.5051578 ]
 [-0.49080428 -0.03021009  0.11084812 -0.19834915 -0.24860798  0.05980383
   0.57036949 -0.25093806 -0.41547927  0.28332331]
 [ 0.61072558 -0.16308272 -0.03254857 -0.03740823  0.04396986  0.00769424
  -0.13312833 -0.15642579 -0.37597089  0.64219986]]

Kinase CHUK
Singular Vector U 
[[-0.13123786 -0.3490071  -0.26003858 -0.04470403 -0.20837043  0.19854576]
 [-0.13048678  0.12011488 -0.26234521  0.18001661 -0.4647377  -0.18721799]
 [-0.14348547  0.38340245  0.05481444 -0.34120833 -0.07174878  0.29099465]
 [ 0.10967429 -0.08160646 -0.08115924  0.21972264  0.28475023  0.10629557]
 [ 0.09723798  0.02499073 -0.16976134 -0.52733726  0.27782536 -0.21969336]
 [-0.28805169  0.03130253 -0.14598404  0.32686622  0.04850853  0.49786444]
 [ 0.01357946 -0.02210482  0.22862237 -0.01371385 -0.27741136  0.1088324 ]
 [-0.19650274 -0.0431702  -0.35017646 -0.11008381  0.15626045  0.04780757]
 [-0.08137555 -0.02599233 -0.01224649 -0.05962609 -0.01373396 -0.13783937]
 [-0.11083128  0.19886897  0.36940894 -0.2451841  -0.11672321 -0.08359847]
 [ 0.15323466 -0.15620101 -0.24416881 -0.15483354  0.23833408 -0.14063648]
 [-0.20818269  0.22855246  0.36479623  0.07751083  0.41576634  0.11601918]
 [-0.11862798  0.32499841 -0.13563977 -0.16066735  0.06866975  0.1696827 ]
 [-0.27425536 -0.14859057  0.30932403  0.22154297  0.05049626 -0.20602827]
 [ 0.149828    0.02992105 -0.14076105 -0.04861318 -0.11441028  0.33215157]
 [-0.08214576  0.01430843  0.00375824 -0.19326519 -0.16035091 -0.04859164]
 [-0.17741533  0.03054274  0.016015   -0.14058929 -0.21047439  0.043676  ]
 [-0.00781001 -0.60163641  0.31873957 -0.31708465 -0.09797128  0.21935593]
 [-0.11470437 -0.04654013 -0.00120149 -0.25036935 -0.1148204   0.2543013 ]
 [-0.14087516  0.21699428 -0.14416932 -0.05984709 -0.09904147 -0.11729672]
 [-0.40948708 -0.14225941 -0.00347729 -0.04922995  0.27705389  0.11013353]
 [-0.42054155 -0.03485606  0.02734645  0.02087228 -0.12734215 -0.3359414 ]
 [-0.43430427 -0.16396874 -0.20574012 -0.07724118  0.11851057 -0.15065418]]
Singular Values 
[9.38135344 6.69108259 5.58690311 4.7942594  4.19683213 2.77094061]
Singular Vector V (transpose) 
[[-0.26153001  0.43221522  0.56663675  0.03110571  0.61010287  0.2247705 ]
 [ 0.25700998  0.10434925 -0.13960028  0.83142894 -0.04541019  0.45851139]
 [-0.03522099  0.1278623  -0.35456193 -0.4969059  -0.03838473  0.77994083]
 [-0.58793219  0.6207044  -0.28394855  0.13915117 -0.3663206  -0.18676503]
 [-0.42082433 -0.38519051  0.54245373  0.07003367 -0.52885358  0.30933523]
 [ 0.58442282  0.50230149  0.39854432 -0.19124621 -0.45865251 -0.01919307]]

Kinase IKBKB
Singular Vector U 
[[ 0.02983226 -0.14415243  0.0519797  -0.04888809  0.14440756 -0.3863474 ]
 [-0.21972462  0.31967699  0.08237824 -0.29996865  0.03665274 -0.08008063]
 [-0.29456069 -0.23312004  0.11868223 -0.45064874  0.00478434  0.063097  ]
 [-0.04396601  0.36335145 -0.17975988  0.03494124  0.24687578 -0.27854404]
 [-0.43309782 -0.02756773 -0.0575087   0.10839423 -0.05148503 -0.29663867]
 [ 0.11032185  0.18987992  0.44540009 -0.0526467  -0.12782323  0.32885895]
 [-0.08969946 -0.0075917  -0.15409142 -0.3207508   0.36293082  0.33364578]
 [-0.15981535 -0.17965099  0.07308301  0.14257309 -0.02780841 -0.13326351]
 [-0.13570781 -0.06039337 -0.0198664   0.08274074 -0.44996069 -0.13763596]
 [-0.0950601  -0.10012425  0.22593696 -0.11981575 -0.31287257 -0.15326005]
 [ 0.1289479   0.29508229  0.40049655  0.36291287  0.2761393  -0.09829176]
 [-0.05012583  0.02564046  0.1133781   0.10829517  0.11486587 -0.04006168]
 [ 0.013042   -0.01213991  0.4425533  -0.12195735  0.29209435 -0.00952096]
 [-0.07298175  0.0070401  -0.02202682  0.2934037  -0.05566401  0.38218587]
 [ 0.35409166 -0.15222275  0.12622545 -0.20975822  0.15901214 -0.32235787]
 [-0.15464846 -0.20867878 -0.04930098 -0.11722728  0.0623499   0.02158859]
 [-0.09243697 -0.11228404  0.19636293 -0.14196765  0.05279931 -0.03500675]
 [ 0.25954275 -0.52238801  0.0337111   0.21823997  0.03614885  0.19579858]
 [-0.06678072 -0.00768869  0.424468   -0.11595608 -0.25501007  0.04886611]
 [ 0.00664778 -0.30803296  0.00114337 -0.05046445  0.31917257 -0.00631264]
 [-0.48865728  0.06158371  0.07128005  0.14687713  0.18821157  0.23913115]
 [-0.12191815 -0.14913861  0.21011043  0.22937833  0.01408443 -0.18112679]
 [-0.30553725 -0.21614114  0.0696152   0.29033711  0.22658833 -0.03628494]]
Singular Values 
[12.51223494  5.38556941  4.87410789  3.59752063  2.86963805  2.29969954]
Singular Vector V (transpose) 
[[-0.15064089  0.08319457  0.30912566  0.67418248 -0.13258569  0.63460722]
 [-0.46056155 -0.20983127  0.42540597  0.3237133  -0.1399969  -0.66218897]
 [ 0.53545778  0.14622905 -0.41317924  0.56158859 -0.29082647 -0.34817117]
 [-0.69096172  0.19700278 -0.68446191  0.08404021 -0.0827143   0.03700387]
 [ 0.02243904 -0.21833898 -0.15540109  0.34362374  0.8972067  -0.06795545]
 [-0.02331815  0.91716114  0.24518645 -0.01288041  0.25772145 -0.17767681]]

Kinase CAMK2A
Singular Vector U 
[[-0.15710372  0.1570079   0.00433049 -0.16452283 -0.08839539]
 [-0.08885004  0.06493507  0.32341353  0.02697523 -0.10216044]
 [-0.14841732  0.33970244 -0.16036287  0.04988733  0.53487852]
 [-0.52890836 -0.01356931 -0.06890503 -0.27828493 -0.2283504 ]
 [-0.58504727 -0.03285343  0.0509509  -0.17902851  0.0757103 ]
 [-0.09619184 -0.3842846  -0.18034811 -0.19026408  0.0443448 ]
 [ 0.12905284  0.19996987 -0.19054707 -0.03051565  0.09253816]
 [ 0.13186937  0.22299184  0.23777776 -0.08759585 -0.02336844]
 [ 0.0234782   0.08300619 -0.22936489 -0.17154356 -0.17107697]
 [-0.07054379  0.13438579 -0.33743987  0.1073025  -0.18048895]
 [-0.08345792 -0.16881109  0.04784248  0.23660326 -0.49718668]
 [-0.02304159  0.40040621 -0.29840769 -0.03876147 -0.20110035]
 [-0.07123246 -0.07444438 -0.24463145 -0.00946213  0.17206674]
 [ 0.01667405 -0.16384317 -0.11680768  0.48650482  0.17628948]
 [-0.22917373 -0.22856328 -0.26623955  0.19856931 -0.00486974]
 [ 0.13399704  0.37157398 -0.11004703  0.08264647 -0.38686206]
 [-0.27215305  0.03721444  0.26581558  0.45120043  0.00453132]
 [-0.02019899 -0.1324628   0.09825638  0.02672141 -0.22057655]
 [-0.12144879  0.07040219 -0.16257237  0.32773406 -0.05069048]
 [-0.15932476  0.13754664 -0.26398122  0.19979247  0.02132573]
 [-0.15041899  0.16399015  0.05328391 -0.01857961  0.03931023]
 [-0.15615276  0.20682466  0.22880075 -0.13440619  0.11638789]
 [-0.17205897  0.26103615  0.30173407  0.25283091  0.00786893]]
Singular Values 
[17.54712394 12.59170389  8.08172794  4.43685827  3.38856602]
Singular Vector V (transpose) 
[[-0.06157751  0.01642361  0.83047751  0.54904611 -0.06923836]
 [ 0.37108765 -0.19866602  0.52234257 -0.72023201  0.17677633]
 [ 0.90638318  0.26209236 -0.13558616  0.30157063  0.02118201]
 [-0.06279977 -0.11826133 -0.05337188  0.19945225  0.96924749]
 [ 0.18173576 -0.9367945  -0.12740953  0.22155853 -0.15513482]]

Kinase MAPK1
Singular Vector U 
[[-1.67188128e-01  1.15325333e-01 -1.28073975e-01  2.61052455e-01
  -3.85508582e-01  2.06337745e-01  1.42664445e-01  3.23272147e-01
  -2.15421486e-01  6.89348365e-02  8.45699406e-02 -5.00958203e-02
   1.32792239e-01  6.79601584e-02 -3.78900830e-01  3.01175204e-02
  -2.12918566e-02 -3.01396319e-02 -3.44702622e-01 -4.50099469e-01
   2.37246348e-03  5.92849009e-02 -6.56494874e-02]
 [-2.56435906e-01  3.66267204e-01 -1.40947152e-01  2.83669254e-02
  -2.28058451e-01 -1.65218963e-01 -1.14544254e-01  9.85540498e-02
  -1.21330574e-01  1.02553006e-01  3.54401464e-01 -3.19835198e-01
   1.42619383e-01  1.52373200e-02  3.61069166e-01  3.81967229e-02
   1.08087195e-01 -3.37649111e-02 -1.54458969e-01  3.75116893e-01
   5.07830739e-02 -2.23804888e-01  2.04158366e-01]
 [-2.30742101e-01 -3.47503158e-01 -1.84576630e-01  8.72001456e-02
  -2.01535260e-01 -3.75411707e-01 -8.83814624e-02 -1.47396821e-01
  -1.92502463e-01 -3.24386925e-01  1.54928372e-01  2.24578766e-01
   7.91389842e-02 -7.41074908e-02  1.20988713e-01 -4.47813851e-02
  -2.35817411e-01 -2.54410945e-01  4.59908647e-02 -4.90909455e-02
  -1.70247298e-02 -1.73725871e-01 -4.15678126e-01]
 [-1.97452309e-01  5.82822011e-02 -9.99463945e-02 -2.68976063e-02
  -2.77694836e-01 -1.42917329e-01 -9.61759892e-02 -8.22466597e-02
   4.02147819e-01 -3.30281003e-02  1.71527837e-01  4.02103919e-02
  -2.01110723e-01  5.07887563e-01 -4.35848001e-01 -1.72263063e-01
   2.49528723e-02  2.48236072e-02  2.98568647e-01  1.51587419e-01
  -3.39413769e-02  4.81862455e-02  6.80321775e-02]
 [-2.70747436e-01 -2.16188674e-01  1.52374602e-02  2.65936900e-02
  -1.60762372e-01  1.65274549e-01 -3.67325582e-02  6.30611796e-02
   1.50453321e-01 -1.02085975e-01 -1.61312673e-01  5.35661883e-01
   1.67056562e-01 -1.25048046e-02  1.35714406e-01 -6.24020507e-02
  -3.60834380e-02  1.27535457e-01 -3.17388820e-01  2.70569957e-01
   2.69953807e-01  2.10350769e-01  3.39866492e-01]
 [-1.44055921e-01  1.29862922e-01 -5.18804979e-02 -2.74288057e-01
   3.02572817e-01 -1.07482296e-01  1.40033954e-01 -4.40059956e-01
   1.50401145e-01  1.06153814e-01  1.12704030e-01  1.94956724e-02
   4.21190883e-01 -1.44877324e-01 -3.86805200e-01 -8.53797148e-02
   8.44393868e-03 -2.15034956e-01 -3.31444946e-01 -1.85595090e-03
  -2.34045306e-02 -8.51177945e-02  4.31166763e-02]
 [-2.75341913e-02  1.59204536e-01 -1.68484057e-01  2.16936781e-01
   3.14352856e-01 -5.03185365e-02  4.07309868e-01  8.70993757e-02
   1.81246448e-01 -1.60158560e-01 -1.81967688e-01 -6.30520237e-02
  -1.09322481e-01  3.85970428e-01  9.02764879e-02  3.32683324e-01
  -3.22859447e-01 -1.48715983e-01 -1.68990569e-01  1.15773825e-01
   2.40443171e-01 -1.03773582e-01 -1.06633265e-01]
 [-1.91093103e-02  3.83705413e-01 -1.33320879e-01 -1.12954950e-05
  -1.44193657e-01  3.57153853e-01 -1.86196078e-01 -2.26802357e-01
   5.35202511e-02  3.14528788e-01 -1.20881450e-01  9.32352737e-02
  -1.11117611e-01 -7.91192897e-02  1.69330423e-01 -2.12957706e-01
  -2.98527329e-01 -2.71720497e-01  4.16401735e-02  8.53159992e-02
   9.05612690e-02  2.61292920e-01 -3.66065879e-01]
 [ 2.89733692e-02 -3.85334563e-02 -3.72305452e-02  2.40868930e-02
  -2.38150068e-01 -1.05244833e-01  5.94412046e-02 -3.07461099e-01
   4.26485085e-01  5.01624031e-02  1.38656299e-01  2.27219408e-03
  -2.96673746e-01 -1.52688557e-01  2.26400644e-01  3.58815251e-01
   3.90466771e-01 -1.18060474e-02 -2.31556026e-01 -3.01790278e-01
   1.30598218e-01  1.06859292e-01 -9.54284600e-02]
 [-7.71570276e-02 -2.16184649e-01  5.04145955e-02  3.67918875e-02
  -8.56804376e-02 -7.25457422e-02  1.41799457e-02 -1.07736803e-01
   1.43156843e-01  8.18419819e-02 -3.40674633e-01 -3.21088156e-01
  -5.16311215e-03  2.18673992e-01  1.75546203e-01 -3.31284046e-01
  -3.30545622e-02  2.75611521e-01 -4.29567847e-01  6.06583826e-02
  -4.18552116e-01 -3.18224104e-02 -2.06841034e-01]
 [ 4.25414903e-01  1.66490954e-01  1.40112290e-01 -4.05177914e-01
  -1.79712289e-01 -8.58154490e-02 -1.49159846e-02 -1.59287661e-02
  -1.09877481e-01 -2.88303102e-01  3.55056128e-02 -6.65860707e-03
   3.08854166e-02  2.74737163e-01  8.54579852e-02 -3.17143761e-01
   6.40793067e-03  5.16725089e-02 -2.08681776e-01 -1.61030246e-01
   4.49779934e-01 -8.45644007e-02 -7.00562731e-02]
 [-1.36620676e-01 -1.93317860e-02 -3.48076612e-01  5.28471430e-02
  -1.33769896e-02  1.60756472e-01 -3.23895791e-01 -1.82135869e-01
  -2.77549040e-02 -1.15060426e-01 -5.34182416e-01 -1.71596553e-01
   1.87982305e-01  1.02045528e-01  1.10840641e-02  4.47969085e-02
   2.83156091e-01 -1.03808924e-01  1.87693434e-01 -2.02750910e-01
   2.02779948e-01 -2.95946340e-01  1.42222688e-01]
 [-2.37763266e-01  2.40889325e-01 -1.86753380e-01 -2.84520680e-01
   7.86542342e-02 -4.83388229e-01 -2.04403998e-01  1.94080358e-01
  -7.24753516e-02  1.06849563e-02 -2.96810603e-01 -2.83172028e-02
  -2.75120912e-01 -2.70903824e-01 -1.61411763e-01  8.36619929e-02
  -1.74308516e-01  2.70770168e-01 -8.92282696e-02 -8.76090406e-02
   1.02353597e-01  2.09855393e-01  7.87586516e-03]
 [-1.66234612e-01  6.55286139e-02 -3.03906318e-01 -4.14824018e-01
   2.01605625e-01  2.41662486e-01 -1.11887528e-03  3.73692944e-01
   3.16831947e-01 -1.59976604e-01  1.96406399e-01  1.35248121e-01
   1.33838299e-01  5.69396103e-02  2.85038034e-01 -5.82913268e-02
   2.71966516e-02  5.17538992e-02  7.76342950e-02 -2.74705874e-01
  -2.78046023e-01 -4.30766076e-02 -1.10567541e-01]
 [ 2.02555831e-01 -8.96236407e-02 -3.71191707e-01 -6.19305340e-02
  -3.11117637e-01  1.01779384e-01  4.32895138e-01  1.02142797e-02
   1.85812402e-01 -2.48284036e-01 -7.87570968e-02 -2.75219271e-01
  -1.57019263e-02 -4.50937703e-01 -8.91556773e-02 -1.80704168e-01
  -1.34647347e-01  9.65194958e-03  1.31400822e-01  1.94794587e-01
   1.99537014e-02  8.44580701e-03  1.35819790e-01]
 [-1.73658345e-01 -9.58338200e-02  2.89402155e-02 -1.54926396e-01
  -1.23379433e-01 -2.75963310e-01  5.02049613e-01  2.91910341e-02
  -9.00244498e-02  5.01566274e-01 -1.60796316e-01  7.10818015e-02
   1.68756256e-01  1.35193826e-01  2.36310817e-01 -1.44187488e-01
   6.34302205e-02 -5.53773837e-02  3.18227128e-01 -1.98910517e-01
   1.44141448e-01  6.56647306e-02  6.74694378e-02]
 [-9.19528504e-02  2.86458548e-01 -2.10503773e-01  1.01365203e-02
   1.02428331e-02  1.32516724e-01  2.89463700e-01 -4.39560706e-01
  -4.11139747e-01 -1.89332852e-01  4.03885264e-02  2.83416145e-01
  -2.05317861e-01  1.06927696e-01  6.52186887e-02 -2.24238275e-03
   9.40739519e-02  3.84529073e-01  3.97675381e-02 -3.38639776e-02
  -2.39033077e-01 -3.57653485e-02  8.86577618e-02]
 [ 2.95942852e-01  9.67289683e-02  1.63103569e-02 -2.83760668e-01
  -3.76315791e-01 -9.48538684e-02 -5.64833776e-02 -2.65237741e-02
  -3.38717606e-02 -7.62321931e-03 -2.29883537e-01  1.24320226e-01
   2.61235735e-01  1.57926105e-01  4.54049577e-03  5.08968017e-01
  -1.50796585e-01 -1.64419943e-01 -1.72095733e-03  9.16080486e-02
  -4.10692568e-01  9.42971108e-02  1.01392462e-01]
 [-2.99891325e-02 -4.66513498e-01 -2.33173080e-01 -3.80766143e-01
  -3.54320888e-03  2.74863758e-01 -8.00062872e-02 -1.11348497e-01
  -2.00875739e-01  3.21484244e-01  2.01522900e-01 -1.63285268e-01
  -2.32766202e-01  1.37250391e-01 -7.28666118e-02  2.33602117e-01
  -2.59143396e-01  1.12672363e-01 -1.06664145e-01  5.20971328e-02
   1.69339558e-01 -1.31778359e-01  6.24018765e-02]
 [-9.85427769e-02 -1.17615156e-01 -1.14308360e-01 -2.13003923e-01
   8.71817343e-02  5.79302133e-02  1.26792775e-01  1.37680392e-01
  -2.76779142e-01 -1.39894169e-01 -7.57747076e-02 -9.70611202e-02
  -1.04022040e-01  1.14488876e-01 -9.25267857e-02  1.65543116e-02
   5.31613436e-01 -3.09201164e-01 -8.37263668e-02  3.30527798e-01
  -6.06269560e-03  4.10141355e-01 -2.55337349e-01]
 [-2.98705015e-01  2.76785752e-02  3.13127202e-01 -8.67801354e-02
  -8.59328538e-02  1.70535876e-01  4.96648030e-02 -1.44454014e-01
   4.04705129e-02 -2.11604100e-01  3.70199014e-02 -2.91206665e-01
   3.63816782e-01 -1.75509382e-02 -1.33584693e-02  2.64968150e-01
  -8.73013304e-02  3.95277914e-01  2.35435321e-01  3.67629490e-02
   2.03943019e-01  2.19253916e-01 -3.14123511e-01]
 [-2.55993685e-01  1.11123952e-01  3.92824596e-01 -2.42800167e-01
  -1.80379616e-01  1.73811805e-01  1.59942214e-01  1.32063431e-01
   4.25044334e-02  5.21537784e-03 -2.11033487e-01  1.51993476e-01
  -2.74672558e-01 -1.74382101e-01 -1.27684329e-01  5.71983952e-02
   9.32117202e-02 -1.04760704e-01 -1.73779186e-02  1.43540901e-01
  -2.87105797e-02 -5.79632872e-01 -1.75551067e-01]
 [-3.09334369e-01 -1.91239826e-02  3.09258890e-01 -1.11773900e-01
   2.05561919e-03  8.32236795e-02  1.82095095e-02 -1.38639039e-01
  -7.10138245e-02 -2.89862849e-01  3.37664636e-03 -2.66289452e-01
  -2.36302146e-01  3.18260374e-02  1.46232595e-01 -8.02384598e-02
  -2.28433469e-01 -3.93748670e-01 -5.51088523e-03 -2.67420382e-01
  -1.22382135e-01  2.14742904e-01  4.29900908e-01]]
Singular Values 
[18.00147746 15.29553188 14.34495258 11.76274383 10.26714507 10.02924412
  8.53129627  8.30346825  8.02438968  7.05067756  6.32986363  5.41073904
  5.26556413  5.06077851  4.38225055  3.76228581  3.53470008  3.37812354
  3.29762387  3.16060797  2.33966917  2.30338433  2.2111405 ]
Singular Vector V (transpose) 
[[-8.86911484e-02  1.35027088e-02  1.66627020e-03 -1.28890341e-02
   1.13398933e-01 -7.03529853e-02 -2.41954705e-02  2.21610849e-01
  -2.50531736e-01 -1.04608655e-01 -8.55073126e-03 -4.93965267e-02
   3.54276437e-02 -1.02554261e-01  8.92354328e-02 -5.45744513e-02
   7.49152162e-01  6.40023817e-03  6.22019497e-02  9.90877675e-02
   6.60132509e-02 -1.24727735e-01  1.15438718e-01  8.44564813e-02
   1.30977729e-01 -2.53965798e-01  2.66838722e-02 -6.04621992e-02
  -1.40401070e-01  8.73126179e-02 -2.93732814e-02  9.03232681e-02
   6.21741690e-02 -9.43095126e-02 -1.04177169e-02  1.97558379e-02
   7.43580173e-03  4.26758808e-02  2.53279068e-01 -6.97093017e-02
   3.06176402e-02 -2.54756422e-02 -4.35874513e-02]
 [ 4.72039603e-02 -1.76797672e-02  1.03229896e-02  3.41597040e-02
  -4.80045300e-01  3.85647535e-02 -2.27415699e-01 -1.81930130e-02
   1.38324866e-01 -3.33474918e-02  1.22537979e-01  9.24536119e-02
   2.41549917e-02 -4.22339765e-02  9.09979809e-02  5.30054447e-02
  -5.70546222e-02 -6.57605861e-02  1.22406081e-01  9.85695247e-02
  -3.56312858e-02 -3.06397445e-01  1.83650327e-01 -5.64093307e-02
  -1.61610571e-01 -2.03281313e-01  4.04417219e-02 -1.22511895e-01
  -4.25730077e-01 -3.31433279e-01  2.82086587e-03  1.08467862e-01
  -1.84946925e-01  6.21026133e-02 -1.63094766e-01  1.58168053e-01
  -9.59300839e-02  4.56881756e-02 -3.37955909e-02  1.79677549e-02
   2.43789257e-02 -1.57146510e-02 -1.93308912e-02]
 [ 2.17271717e-01  1.86506323e-02  1.57008134e-01 -3.80119463e-02
   2.66833409e-01 -5.30122421e-02 -9.46265911e-02 -1.36287175e-01
   2.18029395e-01  2.12941859e-01  9.06986480e-02  8.00284888e-02
  -1.79055672e-01  5.95888810e-02 -1.64220945e-01 -3.19363299e-02
   3.56024686e-01 -6.50379837e-02  1.21668264e-01  3.87223259e-02
   1.00797963e-01 -6.26968151e-02  6.04567329e-02  1.06314725e-01
  -1.68275173e-01  4.94546596e-01  4.47136698e-02  6.22356862e-02
   7.22015794e-03 -1.45136241e-01 -1.97338319e-01  1.02507081e-01
  -1.54090151e-01  2.19424784e-01 -3.28018760e-02  1.26961804e-01
  -1.31494128e-01 -1.53010777e-02 -5.38614287e-02 -6.66744225e-02
  -8.71632428e-02  6.26591687e-02 -5.04909661e-02]
 [ 1.90840034e-01  9.13337625e-02  3.76457127e-01 -1.77513972e-02
   4.10293074e-01 -9.15589127e-03 -5.87955343e-02  6.90668258e-02
  -1.68526416e-01 -1.41192345e-01  8.95834284e-02 -4.58421342e-02
   9.34445565e-02 -3.20886685e-02  2.10150981e-02  1.29848619e-02
  -1.09400798e-01 -4.76581200e-02 -1.52753063e-01 -2.05391469e-01
  -1.02185043e-01  2.07834904e-01  1.03899996e-02  2.22332860e-03
  -4.82293768e-02 -1.54750602e-01 -2.81564584e-02 -2.73260619e-02
  -1.23332493e-01 -3.02029820e-01  6.15001954e-03 -4.66910610e-02
  -1.32879981e-01 -1.65167113e-01 -4.19595758e-01 -2.36237327e-02
  -6.18839522e-02 -2.19713493e-01  3.41810611e-02  1.15979388e-01
   4.18510154e-02 -3.57930245e-02 -8.01991814e-02]
 [-2.40167025e-01 -2.65434337e-02 -2.68294725e-01 -1.14859536e-03
  -2.99462714e-02  7.89311171e-02  2.60815542e-02 -1.22569129e-01
   1.43813386e-01  1.14847209e-01 -4.93466436e-02 -3.80017667e-02
   1.02169957e-01 -4.42689800e-02  2.06937257e-01 -5.15902379e-02
   1.22376941e-01 -3.30152315e-02 -2.04105094e-01 -2.52485605e-01
  -1.29619483e-01  1.77998621e-01 -3.94814079e-02  2.71267290e-02
  -2.59875146e-01  1.13845141e-01  1.56991989e-01 -8.63172859e-02
  -1.32326686e-01  2.73292881e-01 -3.45893764e-02  1.90156645e-01
  -2.12475066e-01 -1.52177792e-01 -7.03207245e-02 -1.24317403e-01
  -3.98561224e-01 -3.34241064e-02  7.14448115e-02  2.37257875e-01
   5.18104695e-02  7.82077091e-03 -1.54766079e-01]
 [ 2.48754972e-01  9.72177017e-02  2.91081467e-01 -1.06116287e-01
  -1.52999153e-01 -3.30246257e-02 -4.56095191e-02  1.45754889e-01
   1.17959011e-01 -3.16900925e-02  1.71930091e-01  1.29857067e-01
   1.97920763e-03 -5.32870677e-02 -1.23195878e-01 -4.64629877e-02
   1.30955320e-02  1.08573479e-01  5.35313461e-02 -1.51809877e-01
  -1.84354700e-01  1.16689411e-01  2.95912270e-01 -4.49126938e-02
  -6.57174674e-02 -1.43263797e-01 -4.05247473e-02 -9.73500458e-02
   4.64408368e-02  6.42851086e-01 -2.10548147e-03  2.02815559e-02
  -4.59103582e-02  1.48227622e-01 -5.80260519e-02  9.76524172e-02
   6.32551760e-02 -6.90843882e-03 -1.42583236e-01 -3.15761607e-03
  -8.75059472e-02 -7.56693586e-02 -4.16285966e-02]
 [ 3.14486386e-02 -2.02980577e-01 -1.90064976e-01  1.10791086e-02
  -1.02104631e-01  3.52960310e-02 -3.65871373e-02  7.00556387e-02
  -5.63323993e-02 -8.20601816e-02  3.21390844e-02  6.95124558e-03
   1.93046652e-01 -5.37052764e-02 -2.89654183e-01 -1.31419629e-02
   8.37553005e-02 -1.35085237e-01 -6.46281066e-02 -4.26191616e-02
   1.69140992e-01  4.42271103e-01 -1.59047849e-01  1.63356904e-01
  -1.19637907e-01 -5.06113270e-02  1.06775453e-01 -1.84327192e-02
  -2.98694305e-01 -4.25623656e-02 -2.53884325e-02 -2.74552116e-02
  -1.61389328e-02  3.30610824e-01  1.69777497e-02 -3.41578465e-02
   3.67229317e-01 -4.68361529e-02  4.38011029e-04  1.11195045e-01
  -1.98396773e-01  1.91717443e-01 -5.82026328e-02]
 [-2.10188705e-02  2.40114717e-01 -1.18602840e-01  4.67854273e-02
  -1.65309034e-01 -1.81837286e-02  3.65788970e-01 -5.34355592e-03
   1.65412018e-02 -9.98626116e-02 -2.17188612e-01 -4.38387516e-02
  -2.31568695e-01  1.55236281e-01  9.75907712e-02  8.61807083e-02
  -2.10721278e-02 -1.81139514e-01 -4.78334778e-02  5.64411540e-02
  -1.19749764e-01  7.64457438e-02  2.72297148e-01  3.79436037e-01
   5.47197620e-02  1.66442389e-01  1.34789665e-02  1.11297314e-01
  -2.84486382e-02  1.31102106e-02  1.15938319e-01  6.67974194e-03
   4.89584827e-02  1.41078830e-01 -3.73433457e-01  1.17855300e-01
   1.28641012e-01 -6.88130516e-02  1.98955663e-01  4.33617894e-02
  -3.81037034e-02 -1.65063073e-01  9.10801436e-02]
 [-8.84851935e-02  1.47330653e-01 -1.13799191e-01  2.32712570e-01
   1.97192399e-01 -7.90715100e-02 -2.89932183e-01  2.57465497e-01
  -1.99462558e-01 -5.10261837e-03  1.03998668e-01  1.16187616e-01
   2.14048050e-01  9.36480776e-02 -4.12667621e-02  6.91894228e-02
  -2.74785472e-01 -1.20523352e-01 -1.74514093e-02 -1.90185886e-01
  -2.71421107e-02 -3.73096417e-01  2.14220810e-02  1.88000526e-01
   2.18414406e-02  2.44007540e-01  1.64392295e-02  1.08853668e-01
  -2.08399024e-01  2.32447716e-01 -1.11029571e-01  1.45526426e-02
  -3.98088200e-02  9.97688873e-02  9.03776935e-02 -1.16474919e-02
   9.13799437e-02 -6.09712870e-02  1.95768558e-01 -5.37976619e-02
   1.54789876e-01  2.90834786e-02  1.86336675e-02]
 [ 1.08825582e-01  7.55767698e-02  4.58096840e-02 -1.21105907e-02
  -1.97064131e-01  4.51858124e-02 -1.86480438e-01  4.32613940e-02
  -9.01197915e-02 -2.84901365e-02  6.39012426e-03 -1.85063179e-01
   3.73300807e-01  1.25883271e-02 -8.15497435e-02 -1.23087637e-01
   1.48954852e-02  1.82052350e-01 -3.07052771e-02 -5.97808720e-02
   1.04243576e-01  1.42179710e-01  1.50445887e-01  4.42235291e-01
   2.16627223e-01  1.18445480e-01 -1.35621230e-02  1.62981179e-02
   1.57930511e-01 -1.67476690e-01  1.43708363e-01  1.77426563e-01
   1.68401176e-01  7.12464672e-02  5.40673595e-02 -1.71578163e-02
  -3.06725240e-01  1.41020911e-01 -2.36338066e-01  2.95662723e-02
   1.69841949e-01 -8.41563747e-02 -3.41371923e-02]
 [ 7.06447006e-03  5.63031527e-02 -1.41528157e-02  1.02538763e-01
  -2.22324882e-01 -1.44939412e-01  1.68628091e-01 -2.30831058e-02
  -2.66218335e-01  6.38492983e-02  1.89858044e-01  7.83352336e-02
   1.41540097e-01 -9.86548877e-02 -2.36684258e-01 -7.20886959e-03
  -1.50642216e-02  1.60128014e-01  1.49970014e-02  2.43323421e-02
   3.01931887e-02 -3.47182404e-02 -9.06719063e-02 -6.59459110e-02
  -6.64240696e-02  2.17017674e-01  4.19954818e-01  1.93421422e-02
   1.34829034e-01 -2.02271165e-02 -2.43952596e-02 -1.14032530e-01
  -1.11619753e-02 -3.75769986e-01 -1.36154934e-01  3.15717334e-01
   7.83987666e-02  7.26707882e-02  7.94994369e-02 -6.79009365e-03
  -1.38180840e-01 -1.28322708e-01 -2.62661381e-01]
 [ 1.45975248e-01 -6.67330138e-04  1.44154162e-01  1.91352482e-03
   7.06554000e-02 -1.56645522e-02  4.73014759e-01  5.73473019e-02
  -4.16552807e-02  3.78880865e-02 -8.63328121e-02 -3.34535275e-02
  -3.28938014e-02 -1.24249550e-01  1.74517569e-02  2.79500700e-01
  -1.22560957e-01  4.99567512e-02  7.67544330e-02 -1.01082140e-01
   3.15553635e-01 -3.03108756e-02  7.63724744e-02 -9.97195257e-03
   1.00301494e-01 -1.65763098e-02  2.24672280e-01 -1.04770099e-01
  -3.79183241e-01  5.26349186e-02  6.43579795e-02 -7.82795309e-02
   6.97534045e-02  1.20206664e-01  2.85761669e-01 -2.85474844e-04
  -3.16621251e-01 -1.55076052e-01 -4.79847382e-02 -9.91919233e-02
   5.93707726e-02  2.04655924e-02 -9.45035809e-02]
 [ 3.35839188e-02  7.48155451e-02 -1.55450604e-01 -6.78294897e-02
  -7.58604084e-02 -6.88888234e-02  3.36842389e-03  1.98414776e-01
  -1.05393289e-01  1.78603469e-01  1.24771834e-01  8.09641327e-02
   4.46147307e-02 -6.17327550e-02  3.16005328e-02  1.94191054e-01
   4.15745841e-02  1.72187787e-01 -1.21920905e-01  1.05331092e-01
  -2.09644431e-01  1.99451242e-01  9.83045011e-02 -4.13898182e-01
   9.26064890e-02  3.60337214e-02  1.69854915e-01  3.00950450e-01
   1.19865212e-01 -1.33887368e-01  6.75231763e-02  2.53907688e-01
   1.22793308e-02  3.14387366e-01 -8.59681706e-02 -5.31066504e-02
  -6.66194287e-02 -1.69673684e-01  1.22667905e-01 -1.32079521e-01
   2.22111779e-01  1.58639433e-01  5.39060273e-02]
 [ 1.78554959e-01 -6.49205236e-03 -1.25735602e-02 -2.34718525e-01
  -1.92886672e-01 -6.29528819e-02 -1.42033278e-01  2.67617264e-01
   5.07470400e-03 -2.48454662e-02  1.64257153e-01 -5.91216399e-02
  -3.11007487e-01  1.32837108e-01 -7.23268269e-02 -1.19865339e-01
  -1.34325534e-01  2.79642892e-02 -1.62667823e-02  3.30410836e-02
   1.26843367e-01 -5.01793518e-02 -1.21959713e-01  2.06393414e-01
  -3.39960918e-02 -8.02078799e-02  1.54882895e-01 -6.56073037e-02
   1.70807499e-01 -2.48201314e-02  9.12588428e-03  5.35215672e-02
  -2.12112331e-02 -1.03121039e-01  9.46424831e-02 -2.49362963e-01
  -2.31539977e-01 -2.66637428e-01  3.79896930e-01  4.82335230e-02
  -2.78098294e-01  1.01937395e-01  9.26582178e-02]
 [ 3.15085615e-01 -2.63644650e-01 -1.80206375e-01  2.39411048e-02
  -9.62883339e-03 -2.33752272e-01 -1.92074393e-02 -1.02930130e-01
  -1.42394485e-01 -1.68313846e-01 -2.84591737e-02  5.06333195e-02
  -4.32974375e-02 -1.93083017e-01 -3.11516775e-02  7.26976129e-02
  -3.46074596e-02 -9.57105850e-02 -4.28536574e-01  9.07280842e-02
   2.05898877e-01 -7.90021329e-02  1.48808177e-01 -1.26217580e-01
   4.50429580e-02  6.93917150e-02 -1.43315839e-01 -2.16561898e-01
   1.48285356e-01  4.98068975e-02 -2.10427262e-01  7.37905830e-03
  -2.19506245e-02  9.15233879e-02 -4.95869968e-03  1.40012953e-01
  -8.68768821e-02  6.43221728e-02  1.05695326e-01  2.88907790e-01
   1.49338061e-01 -1.44110994e-01  1.58643904e-01]
 [-6.57127521e-02 -1.03521259e-01  6.43817683e-02  1.88460319e-02
   9.36033604e-02 -2.48682617e-02 -1.24818981e-01 -1.45114669e-01
   1.19357173e-01  4.53778724e-02  1.64172182e-02  2.07858264e-02
   2.12219637e-01  1.53600047e-01 -8.56268062e-02  5.40475633e-02
   1.06526174e-01 -9.11610323e-02  6.63539487e-02  2.53101602e-01
  -7.87751345e-02 -1.27839635e-01 -3.21794934e-02  2.22543734e-02
  -6.60498467e-03 -9.77381948e-02  2.35558352e-01  1.67637878e-02
   8.73154657e-02  1.34223757e-01  3.39705992e-01 -4.31085465e-01
   1.43899182e-01  1.43705869e-01 -9.41348878e-02  1.59801438e-01
  -1.93474918e-01 -2.25450375e-01  4.46595943e-02  3.36105920e-01
   1.12908388e-01  1.57197403e-01  1.32960545e-01]
 [ 4.85049056e-02 -1.17545657e-01 -7.65666352e-02  2.81997769e-03
  -5.84521306e-02  3.77450779e-03 -5.20921846e-02 -5.25390662e-02
  -2.45314298e-01 -2.48088730e-01 -2.67524368e-01 -1.11639633e-01
  -1.39930387e-01 -1.32240656e-01 -3.60384138e-01 -2.54545612e-01
   6.50762030e-02 -2.49343002e-02  1.22904953e-01 -1.24339151e-01
  -3.06338409e-01 -3.78180587e-02  1.25185692e-01 -1.81579922e-01
   2.66251078e-02  1.93884989e-01 -6.40501986e-02  1.69190448e-01
  -1.58785343e-01 -3.72601981e-02  2.81186167e-01 -9.49414846e-02
  -2.46541374e-01 -4.62606157e-02  1.93420618e-01 -5.72053530e-02
  -1.35045723e-01 -1.37106680e-01 -4.16857604e-02 -1.28923546e-02
  -4.85490133e-02 -9.99786115e-02  1.07752492e-01]
 [ 2.03038971e-02 -2.50721144e-01  2.76408684e-01  2.07633551e-02
  -1.87905272e-01  9.25307956e-02  6.57947388e-02 -2.01362790e-01
  -7.97200285e-02 -3.93899352e-02  6.31135958e-02  2.62636698e-01
   2.31466161e-01 -1.26869220e-01  2.88300388e-01 -3.82708089e-02
   3.35809721e-02  1.39913197e-01 -1.40188048e-01  2.67819909e-01
  -2.16272708e-01  2.18524507e-02 -5.09303278e-02  1.60151982e-01
   1.16615802e-01  2.47371468e-01 -1.70387832e-01  8.02501184e-02
  -1.24772378e-01  4.29153344e-02 -1.57762228e-01 -1.29243706e-01
   2.00098923e-02 -3.48013392e-03  6.37763183e-02 -2.03769282e-01
  -3.14387767e-03 -2.61097781e-01  1.37690028e-01 -1.41960623e-01
  -1.55970965e-01 -2.84155857e-02 -2.74111336e-02]
 [ 2.63229128e-01  9.35844396e-02 -2.97147780e-01 -2.66157269e-02
   2.07460752e-01  5.37856588e-02 -1.63569820e-01 -2.32904125e-01
   2.69910505e-02 -1.83811300e-01  8.17554321e-02  2.66252187e-02
  -1.05374033e-01  5.13734378e-02  1.90891163e-01  9.74585262e-02
   2.90836980e-02  2.68486451e-01 -9.03878965e-02 -7.27052911e-02
  -3.15219298e-01  8.19484776e-02  1.08380940e-01  1.71977279e-01
  -4.74233246e-02 -9.97909857e-02  3.74740665e-01 -9.58451007e-02
  -9.57873905e-02 -8.37079312e-02 -9.04262962e-02 -1.38201611e-01
   1.10261933e-01 -6.07823728e-02  2.31205333e-01  9.63290824e-02
   8.70264488e-02  6.39438160e-02 -7.09610610e-02 -1.68027852e-01
  -5.83386214e-02 -7.24762704e-03  1.95909979e-01]
 [ 3.00007295e-02 -9.81411462e-03  4.24734262e-03 -1.04829162e-01
   1.17170627e-03  9.15095381e-02 -1.91016606e-01 -3.89515928e-03
  -1.53144081e-01  1.96636986e-01  1.28146080e-01 -5.88440513e-02
  -2.37590914e-01 -4.38652178e-03  3.79937487e-01 -2.07203462e-01
  -4.70345163e-02 -1.18722909e-01  1.18320566e-01 -3.60833851e-02
   1.98215133e-02  1.36074615e-01 -5.27489436e-02 -7.93903541e-02
   2.92868998e-01  1.39478380e-01  3.15121178e-02 -7.62278928e-02
  -9.88580040e-02  1.85067687e-03  1.41524976e-01  9.00304220e-02
   6.32488119e-02  5.30527350e-02  2.02386588e-01  3.12228016e-01
   1.93849927e-01 -2.13164780e-01 -3.31936658e-02  3.05992914e-01
   4.57220059e-02 -1.75720592e-01 -2.27674201e-01]
 [ 6.96153444e-02  1.25068722e-01  2.89482087e-01  1.12911222e-01
  -9.88059984e-02 -1.32991945e-01  3.29374171e-02 -3.38212220e-01
  -2.11078743e-01 -1.13812616e-01 -6.63466440e-02 -2.82637689e-01
   3.22730624e-02  6.80134503e-02  7.57914771e-02 -1.48343741e-01
  -4.74343505e-02 -6.49798107e-02  4.77540403e-02 -2.27443568e-02
  -8.73275158e-02  5.45898711e-03 -4.15799254e-01 -3.68718550e-02
  -1.77392761e-01 -1.25848134e-01  8.62642156e-02  3.36646964e-02
   7.06743661e-05  1.18502941e-01 -7.96178514e-02  2.57038373e-01
   3.96698909e-02  2.90687169e-01  5.51793640e-02  1.88305899e-01
  -8.96409142e-02  1.09233853e-01  2.24114344e-01 -1.15387599e-01
   6.11218297e-02  6.70328549e-03  1.39489151e-01]
 [-4.32848281e-02  2.27666638e-01  1.68698597e-01 -2.07619644e-02
  -2.38455647e-02 -7.47621488e-02 -5.35831429e-02  2.17917233e-01
   1.19851108e-02 -1.69864100e-01 -2.29862846e-01  1.14177646e-01
   1.14796031e-01  2.53419750e-01  1.62196326e-01 -4.18388750e-02
   8.61192279e-02 -1.71763713e-01 -4.77371473e-01  1.82808662e-01
   8.53340782e-02 -3.91902789e-02 -2.16273820e-02 -1.24888716e-01
  -1.52768125e-01  9.01561779e-02  1.54190926e-01 -1.08026326e-01
   6.53534589e-02 -4.25119304e-02  2.43358755e-01  4.62650281e-02
  -1.69100800e-01  1.51103327e-02  2.33942631e-01  5.55100041e-02
   6.43900118e-02 -3.68311754e-02 -2.38044546e-01 -1.36399270e-01
  -1.73364031e-01 -2.59100695e-02 -7.04821561e-02]
 [-1.80750359e-01 -1.80699237e-02  2.25214700e-01 -6.95685062e-02
   6.28714685e-02  5.45731168e-02 -1.39604116e-01  1.25989588e-02
  -4.71802590e-02  5.76592523e-02 -2.63426309e-01 -1.14041415e-01
   1.27918054e-01 -1.71783266e-01  1.08417435e-01  1.10038042e-01
  -1.79177006e-01  5.69512460e-02  1.93181831e-01  1.26816267e-01
   8.46608721e-02  2.29516124e-01  4.30417405e-01  1.37519052e-02
  -1.59547087e-01  7.22048428e-02  7.11721756e-02 -5.22208198e-02
   1.24776907e-01 -3.98570097e-02 -6.30404530e-02  1.69671561e-02
  -1.94231652e-01 -1.01976721e-01  2.07616852e-01  1.56951945e-01
   9.46715815e-02  1.32556747e-01  3.25870584e-01  9.16504332e-02
  -6.31640592e-02  2.32668165e-01  1.34685490e-01]]

Kinase CDK6
Singular Vector U 
[[-0.28683219  0.12319805 -0.07665036]
 [-0.07562901  0.11575826 -0.13827293]
 [-0.0515414   0.18806117  0.11114596]
 [ 0.27266626  0.00941896 -0.05097619]
 [ 0.20946695  0.05595455 -0.0100282 ]
 [-0.18658308 -0.27485764 -0.19170677]
 [ 0.33635699 -0.31338924 -0.0133368 ]
 [-0.31478616 -0.19870239  0.33806402]
 [-0.58220245 -0.23929681  0.14347909]
 [-0.16645615  0.20697436 -0.2148766 ]
 [ 0.05101057  0.34812748  0.12793608]
 [ 0.16920396  0.02020624 -0.03611839]
 [ 0.01021473  0.00461717 -0.03895093]
 [ 0.05256758 -0.00310305 -0.04766954]
 [ 0.01860854 -0.119629   -0.5087846 ]
 [-0.04280763 -0.07607124 -0.25346611]
 [ 0.17810386 -0.34372009  0.30481752]
 [ 0.23185094 -0.01249057  0.18526978]
 [-0.15848     0.02884414 -0.39734219]
 [ 0.07174547  0.3831449  -0.13432405]
 [-0.0289462   0.12373865  0.05845936]
 [-0.00197826  0.30441647  0.20098875]
 [-0.1567205   0.32225772  0.22457291]]
Singular Values 
[12.68073003  5.64993872  3.92450245]
Singular Vector V (transpose) 
[[ 0.01635224 -0.15997321  0.98698591]
 [-0.4846807  -0.86465606 -0.13211555]
 [ 0.87453829 -0.47621263 -0.09167499]]

Kinase AKT1
Singular Vector U 
[[-2.14781397e-01  1.14552725e-01 -4.58964160e-01  2.08088849e-01
   8.47847589e-02  2.12497956e-02  1.96350427e-01 -2.90157021e-01
   1.11126744e-01  6.30301714e-02  1.60276904e-01  2.40298282e-01
   4.45447067e-02  1.51889948e-01 -4.25405874e-01 -6.03948895e-02
  -5.78958725e-02  1.14835912e-01  4.17072346e-01  1.23279627e-01
   1.38060237e-01]
 [ 2.54256729e-02  3.39678250e-02  1.73124143e-01 -6.56741150e-02
  -1.07463598e-01 -1.76957762e-01 -1.03028053e-01 -2.16790275e-01
   3.30878960e-01 -2.30558219e-01 -3.41992980e-02 -2.81809382e-01
  -9.43422296e-02  4.38004954e-01 -1.00805281e-02 -2.83008611e-01
  -3.05674481e-01  3.03167725e-01 -1.52727466e-01 -1.05226187e-01
   3.13627530e-01]
 [-1.24105881e-01  1.85944949e-01  4.18822487e-01 -1.18724615e-01
  -2.51486472e-01  2.08996834e-01  1.96581853e-01  2.59939741e-01
  -1.70751412e-01 -2.39661546e-01  3.55621829e-02  4.21450856e-03
  -3.23939872e-01  1.38277276e-01 -1.39808847e-01 -1.22549522e-01
   2.45417153e-01  2.10563239e-01  4.08917675e-01  6.35541658e-02
  -7.28627628e-02]
 [-1.58260155e-01 -4.87355066e-02 -8.78534893e-02 -4.22819117e-01
  -1.65448817e-02 -4.23708527e-01 -1.98226163e-02  1.56371769e-01
   7.92097385e-02 -5.98365877e-02 -5.11680222e-02  2.77501965e-01
   1.76105801e-01  1.74878522e-01  2.31194219e-01  1.94132777e-01
