Method Singular Value Decomposition(One of the PCA methods)
X = U(SIG)V*

X shape (nxm)

U shape (nxn)

(SIG) shape (nx1)

V shape (nxm)

Kinase AURKA
Singular Vector U 
[[-0.11328833  0.26147877 -0.02292628 -0.04000606 -0.03396986 -0.14282647
  -0.15032457  0.49241479  0.20703468 -0.20874751]
 [ 0.00909372  0.29107511 -0.04624919 -0.16340117  0.36898996  0.07656781
  -0.0364646  -0.15560875  0.37232098 -0.14548348]
 [ 0.09444667 -0.22327229  0.16779389 -0.07097671 -0.15573889 -0.11929358
  -0.17726302 -0.03696831  0.08191556 -0.15058422]
 [-0.18653377  0.07497755  0.02453693  0.18239324  0.21348226  0.23618002
  -0.40510187 -0.2527927   0.09547884  0.27534908]
 [-0.07810067 -0.11222188  0.02278748 -0.19321354 -0.10604211 -0.46253217
   0.13579991 -0.09491163 -0.01900566  0.02609992]
 [ 0.1066592  -0.00514947  0.28047726  0.05500674  0.01911468 -0.05108205
   0.43297097  0.26245452 -0.03807149  0.44761402]
 [ 0.0297425   0.09251041 -0.33053922 -0.25229781  0.07344176 -0.36209472
  -0.29093915  0.23948807 -0.19367505  0.03607109]
 [-0.15281216  0.4902     -0.20964679  0.00365809 -0.29885005  0.36042282
   0.22945332 -0.10755364 -0.40415184 -0.16467509]
 [-0.44381306 -0.08767266 -0.04091438  0.21625117  0.29714726  0.00513706
  -0.00507339  0.02614272  0.04342126  0.26694213]
 [ 0.06431024 -0.15666527  0.18776508 -0.13934425 -0.07137412  0.29694813
  -0.2509442  -0.18614623 -0.07240459 -0.07098568]
 [ 0.29097265 -0.05587883 -0.13794871  0.45492779  0.21546708 -0.09873584
   0.35273772 -0.1019816   0.03326842 -0.32495556]
 [-0.12189004  0.29206615  0.11726932  0.1367086  -0.53693918 -0.1893101
   0.09564931 -0.22961146  0.34302235  0.25887139]
 [ 0.0338583  -0.19120258 -0.01523445 -0.40682514 -0.0802758   0.33902782
   0.19480663  0.01610207  0.27327522  0.05647054]
 [ 0.0143269   0.10047542 -0.24510529  0.23487194 -0.128857    0.00136938
  -0.14346901  0.13194125  0.1649012  -0.19317443]
 [ 0.24406933 -0.0533875  -0.04219185 -0.13791276 -0.01282508  0.01145213
  -0.03726971  0.02766316  0.18435505  0.11432316]
 [ 0.10192427 -0.04640196  0.1176097   0.12748996 -0.13483496 -0.20707032
  -0.29198036 -0.22927581 -0.44498469  0.10540985]
 [ 0.22669797  0.29827748  0.18348629 -0.23451788  0.34500278  0.02110309
   0.12436226 -0.00932439 -0.29665471  0.05947101]
 [ 0.38684485 -0.05396888 -0.01478741  0.31603095  0.0828311  -0.03471459
  -0.04291593 -0.14018548  0.0873603   0.0205223 ]
 [ 0.16440651  0.01482787  0.4344878  -0.08829975 -0.07050162  0.10391744
  -0.10240549  0.14187283 -0.04032784 -0.22575313]
 [ 0.19868715 -0.25965892 -0.55057785 -0.05306108 -0.09945778  0.20847224
   0.0228744   0.13860488 -0.10325862  0.32614331]
 [-0.37121888 -0.07127822  0.01699818 -0.14561344  0.25250208 -0.18988171
   0.20487016 -0.18552948 -0.10473385 -0.07480541]
 [-0.25852961 -0.21722146  0.22345136  0.29307197 -0.03067677  0.20585509
  -0.01749248  0.46291954 -0.14400055 -0.08940067]
 [-0.23985372 -0.38190884 -0.12054188 -0.09494085 -0.10763576 -0.00891149
   0.15811911 -0.20971435 -0.02508496 -0.34472261]]
Singular Values 
[7.85247375 6.38481958 6.00072925 5.23294053 4.93393332 3.85903771
 3.51856641 2.66681466 1.90999547 1.34318805]
Singular Vector V (transpose) 
[[-5.64774593e-01 -9.04804481e-02 -3.11759018e-01 -3.09582200e-02
  -3.61271414e-02  2.19077230e-01 -5.12759416e-01  1.23607147e-01
  -4.95552763e-01  4.02164216e-02]
 [-4.99316334e-03 -5.63788811e-01 -2.46044391e-01  1.74148823e-01
  -5.32887144e-01 -1.82851992e-01 -1.28402735e-01 -2.46111479e-01
   2.52421169e-01 -3.64792353e-01]
 [ 1.05767676e-01 -1.76704199e-01 -1.90700369e-01 -6.77203757e-01
   2.32877225e-01 -9.47318606e-02  1.70499812e-01  2.42215811e-01
  -1.44620471e-01 -5.39219411e-01]
 [-4.52012737e-02 -6.78445573e-02  1.61479921e-01  3.00629508e-02
   3.42121137e-01  6.21901520e-01 -3.98342272e-02 -5.83174425e-01
   7.86984005e-02 -3.38664181e-01]
 [ 1.11618834e-01 -2.99719785e-01  5.67286562e-01 -1.19514774e-01
  -2.61152244e-01  4.25944439e-01 -2.06224113e-01  5.03672217e-01
   1.25217400e-01  9.42434570e-03]
 [-2.66515679e-01 -6.04738383e-01  1.54560561e-02  3.43488618e-01
   4.96406118e-01 -7.40808368e-02  3.51953029e-01  2.20676251e-01
   1.64690791e-02  1.42444317e-01]
 [ 1.15338675e-02 -7.12804423e-02 -5.47857432e-01 -2.97624716e-01
  -6.72063756e-02  4.27266932e-01  1.54898454e-01  4.98491238e-02
   4.44872828e-01  4.41127876e-01]
 [-2.87934033e-01 -2.12194574e-01  3.46899187e-01 -5.13312157e-01
   9.95958458e-02 -3.58637011e-01 -2.32139253e-01 -3.69247028e-01
   1.91454778e-01  3.50445814e-01]
 [-9.13508375e-02 -1.31440134e-01  1.44919371e-01 -1.57653003e-01
  -4.30702402e-01  1.57291015e-01  5.98809761e-01 -2.44187156e-01
  -5.18425531e-01  1.76951608e-01]
 [ 7.02069360e-01 -3.39416850e-01 -1.27611551e-01  3.54164557e-03
   1.69962729e-01 -2.33237023e-04 -2.95091434e-01 -1.56684795e-01
  -3.79894813e-01  3.01265718e-01]]

Kinase CHUK
Singular Vector U 
[[ 0.05399249 -0.26701933 -0.22632211  0.03178549 -0.32273071  0.13888682]
 [ 0.02008787  0.07629377 -0.09670889  0.38551118 -0.32304467 -0.39542296]
 [-0.09168277  0.5012993  -0.06799562 -0.14425182 -0.03020161  0.224283  ]
 [ 0.33663955 -0.20610203  0.18237885  0.32775238  0.26761723  0.06758176]
 [ 0.22598321  0.063339   -0.3141007  -0.30557075  0.39324668 -0.15427437]
 [-0.16024737 -0.0532259   0.07599806  0.41621855 -0.10574501  0.45340327]
 [ 0.19513865  0.08253978  0.28216076 -0.00986746 -0.25261754 -0.06821203]
 [-0.08707661 -0.098315   -0.32885076  0.07843332  0.12940279  0.1014556 ]
 [ 0.06077061 -0.04375526  0.02631861  0.01156352  0.04802337 -0.18658616]
 [-0.02538335  0.29129001  0.26674835 -0.25324623 -0.00967183 -0.1748392 ]
 [ 0.36238764 -0.19953134 -0.16981305  0.02962763  0.2913792  -0.1315906 ]
 [-0.13263952  0.11610343  0.44735811  0.02722897  0.40924936  0.16011631]
 [-0.03763457  0.31818319 -0.12971167  0.08355371  0.12337558  0.1333866 ]
 [-0.14798189 -0.24655712  0.42263504  0.04522744  0.05361157 -0.22915839]
 [ 0.36235188  0.10696586 -0.02556697  0.16823002 -0.12571169  0.18537131]
 [ 0.04648039  0.08610829 -0.03919781 -0.09936905 -0.10118366 -0.13044273]
 [-0.0689442   0.10583029 -0.02460111 -0.06874648 -0.1877197  -0.04159104]
 [ 0.20524846 -0.35412594  0.17284419 -0.52190906 -0.27549247  0.19570671]
 [ 0.01036091  0.08721777 -0.08290665 -0.16819955 -0.16938403  0.20215073]
 [-0.04150489  0.17803657 -0.10194294  0.13483792  0.01914833 -0.19571582]
 [-0.34713851 -0.19974823 -0.0329779  -0.09672874  0.15396179  0.23536991]
 [-0.36324138 -0.10323417  0.01304169 -0.01802062 -0.06219974 -0.34416684]
 [-0.37596661 -0.24159293 -0.24878747 -0.05406037  0.07668676 -0.04571188]]
Singular Values 
[6.51954821 5.76235822 4.55098336 4.40647501 3.97166846 2.52746851]
Singular Vector V (transpose) 
[[-0.24340801  0.45352721  0.59107158 -0.07690208  0.6067899   0.10766656]
 [ 0.59860154  0.16177411 -0.0642044   0.57641955  0.16579655  0.50163247]
 [-0.30488107  0.42420019 -0.38836968 -0.34152847 -0.21822317  0.64187824]
 [-0.33595106  0.54537747 -0.10116316  0.59280549 -0.30326312 -0.36888948]
 [-0.46861393 -0.46490927  0.41155462  0.36331153 -0.27241905  0.4343682 ]
 [ 0.39625008  0.27316514  0.56220102 -0.24853825 -0.6249124   0.00314861]]

Kinase IKBKB
Singular Vector U 
[[ 0.05610998 -0.13857825 -0.13196891  0.04382148 -0.35283476  0.00932392]
 [-0.11292409 -0.30161698 -0.26919097 -0.16393446  0.22934443  0.00155262]
 [-0.22721045  0.24308433 -0.43599773  0.0900298   0.09816471  0.04692313]
 [ 0.01294261 -0.66819023  0.06461165  0.01368014  0.00284543  0.0817351 ]
 [-0.39346728 -0.10379397  0.05197367 -0.15682205 -0.20795225  0.13401263]
 [ 0.32023372  0.12919512  0.01391535 -0.23754979  0.42691311 -0.12174766]
 [-0.02839908 -0.1608469  -0.15806065  0.46650443  0.39952323  0.05336537]
 [-0.09332691  0.08034565  0.10425664 -0.0424726  -0.17757118  0.07806636]
 [ 0.03142248 -0.00870994  0.09725856 -0.30600539 -0.0224965   0.51072204]
 [ 0.04704865  0.14523402 -0.16242628 -0.29802805 -0.06348107  0.19533391]
 [ 0.21667652 -0.20489077  0.30006048 -0.1864705  -0.04645365 -0.4744823 ]
 [ 0.02970044 -0.08626506  0.10744822 -0.00765773 -0.00898072 -0.0591083 ]
 [ 0.06853518  0.12405623 -0.18509609  0.00478578 -0.02062323 -0.4767849 ]
 [ 0.08151347  0.01970082  0.4319299   0.06550089  0.34486085  0.21022082]
 [ 0.41828539 -0.15911474 -0.26298715  0.12127188 -0.27387165  0.02867025]
 [-0.09221389  0.04860574 -0.08072052  0.17312736  0.00778216  0.16105597]
 [-0.01439736  0.10352023 -0.16165955 -0.00367867 -0.0172014  -0.06213465]
 [ 0.35530948  0.30833561  0.27108355  0.34294142 -0.09722832  0.21348963]
 [ 0.10089098  0.25514367 -0.14177978 -0.33486059  0.12054837 -0.03420953]
 [ 0.01905746  0.05964474 -0.04381265  0.3685069  -0.13298781 -0.05340404]
 [-0.43426625  0.06288289  0.19669686  0.04384473  0.23303512 -0.18217269]
 [-0.06106174  0.116122    0.14699844 -0.11805169 -0.25032797 -0.09247839]
 [-0.30045933  0.1361358   0.24746697  0.1215167  -0.19100688 -0.16794928]]
Singular Values 
[7.61271962 5.37214603 4.38428491 4.31942376 2.95241102 2.14253128]
Singular Vector V (transpose) 
[[-0.13203562  0.28791474  0.40781726  0.58331495 -0.37018885  0.50602437]
 [ 0.60064739  0.63803884 -0.42651255 -0.09430302 -0.15208712  0.13488015]
 [-0.77138221  0.39899299 -0.49535774 -0.00911035  0.01638499 -0.00658211]
 [ 0.01870637  0.1873395   0.14492068 -0.02659883  0.86358398  0.44392251]
 [-0.05448968  0.55763676  0.54682706 -0.07852536  0.09915499 -0.6091423 ]
 [-0.15310046  0.06900214  0.29388943 -0.80242998 -0.28974515  0.39696577]]

Kinase CAMK2A
Singular Vector U 
[[ 0.0190477  -0.10886799 -0.04000802  0.20196594  0.07107926]
 [-0.04195036 -0.11619261  0.31771083  0.16818451 -0.12290246]
 [ 0.41520255  0.11341479 -0.3311143   0.02610843 -0.34754736]
 [-0.07616437 -0.51035911 -0.22270645  0.03086783  0.25833645]
 [ 0.02721428 -0.53482629 -0.22794785 -0.02700504 -0.07015574]
 [-0.5419952   0.03753306 -0.20546356  0.11230871 -0.21495808]
 [ 0.03433857  0.31083185 -0.10574258  0.18838091 -0.06129464]
 [ 0.01021344  0.13100176  0.25609556  0.39718835 -0.14542108]
 [-0.1498228   0.14105561 -0.12457823  0.20444593  0.17613898]
 [ 0.03492381  0.13591857 -0.13997082 -0.13639943  0.28240129]
 [-0.29912772 -0.04483191  0.33864459 -0.19168554  0.26581675]
 [ 0.23504355  0.13821428 -0.14624144  0.08059834  0.38556445]
 [-0.1425573   0.14415271 -0.23831364 -0.00277424 -0.17475716]
 [-0.09972939  0.286949    0.08219263 -0.37380523 -0.29999926]
 [-0.20521138 -0.00091508 -0.16536813 -0.32879758 -0.02700502]
 [ 0.14191545  0.2222717   0.17952011  0.10949594  0.41427432]
 [ 0.17256581 -0.18048624  0.32059295 -0.34132221 -0.15729723]
 [-0.29834724  0.01135646  0.21748812  0.08173139 -0.01275535]
 [ 0.09304845  0.08945029  0.01343827 -0.30217984  0.06757272]
 [ 0.14991386  0.07444231 -0.15847761 -0.22784523  0.08776696]
 [ 0.10151645 -0.06735656  0.00655494  0.10122612 -0.0676908 ]
 [ 0.12460267 -0.14347546  0.06908153  0.28240201 -0.20029873]
 [ 0.29535917 -0.12928114  0.3046131  -0.05309008 -0.10686829]]
Singular Values 
[6.22157678 5.3049357  4.96983323 4.10112057 2.57511305]
Singular Vector V (transpose) 
[[ 0.43597604 -0.50539273  0.21946657 -0.54746115  0.45455889]
 [-0.34875758 -0.32791508  0.74569036  0.4413428   0.14142938]
 [ 0.55031784  0.56828604  0.20648074  0.36570669  0.44477587]
 [ 0.46294308  0.05201616  0.45315766 -0.1207211  -0.75036829]
 [-0.41367501  0.55802794  0.38444004 -0.59765196  0.11178462]]

Kinase MAPK1
Singular Vector U 
[[-2.15491823e-02  2.67606062e-02  1.74442870e-02 -5.02988032e-01
  -2.09677160e-01  4.28967879e-02 -1.60831614e-01  1.51074288e-01
  -9.31855266e-02  1.34334759e-01 -2.74114738e-01 -1.45875205e-01
  -2.52954879e-01  3.76688620e-02 -2.81312762e-01  1.41495460e-01
  -1.36462212e-01  3.38720854e-02 -5.44224370e-01  8.08740859e-03
   2.93824581e-02 -5.43704495e-02  2.08514414e-01]
 [-1.01513150e-01 -1.68207433e-01  2.21804420e-01 -2.11814401e-01
   7.51520278e-02 -6.55766771e-02  3.16979856e-02  2.35343470e-01
   1.24204601e-01  2.14913042e-01  1.60481712e-01 -2.30493280e-01
   1.51107796e-01  5.61429219e-01 -8.62096257e-02 -1.05440563e-01
   6.03680897e-02 -1.71369919e-01  2.43725775e-01 -3.03447286e-01
   4.37560431e-02  2.72084485e-01  2.08514414e-01]
 [ 2.42847881e-01  3.57371953e-01 -6.25150000e-02  2.39520199e-02
  -3.32968215e-02  8.84063192e-02  2.01658296e-01  3.35591162e-01
   4.55504493e-01 -5.54815485e-02  2.33067291e-02 -1.08062027e-01
   2.29610588e-01 -6.31326422e-02 -2.08718428e-01  1.48106602e-01
   2.23594208e-02  1.83167278e-01  1.23091116e-01 -1.02180908e-01
  -5.93559493e-02 -4.41569610e-01  2.08514414e-01]
 [-2.82133091e-03  1.45388578e-02 -8.85930251e-02 -1.34275911e-01
   1.14301777e-02  1.26365993e-01  2.22856011e-01 -7.21025472e-03
  -2.95115819e-02  2.14312894e-02  5.96291309e-02 -4.83370915e-01
  -4.04225758e-01 -3.62362638e-01  3.31659783e-01  2.60304173e-01
  -1.03181663e-01 -1.17088343e-01  3.17250058e-01 -6.42362768e-02
   8.12615074e-02  1.33714096e-01  2.08514414e-01]
 [-2.00948237e-02  2.21294059e-01 -1.09933213e-01 -2.03136134e-01
  -7.05884814e-02  6.51705397e-02  9.98167505e-02 -4.13685414e-02
   6.24971412e-02 -1.51515696e-01 -2.43615125e-01  1.14235502e-01
   3.69878408e-01 -3.15967728e-01 -2.27986102e-01 -1.63747486e-01
   1.21101021e-02 -2.14835065e-01  1.15246710e-01  1.59723102e-01
  -1.34247330e-01  5.61318718e-01  2.08514414e-01]
 [-1.33016816e-01 -1.35396561e-02  1.96531383e-01  5.06580875e-01
   8.14273536e-02 -3.84402227e-02  4.64155753e-01 -1.44724084e-01
  -9.82797954e-02  4.39780067e-03 -2.85166681e-01 -7.67307345e-02
  -2.38721443e-01  4.17731493e-02 -4.20241333e-01 -1.25122493e-01
  -1.43355742e-01  2.95262129e-02 -7.01717272e-02 -1.18634746e-01
   9.84631924e-02  3.01547193e-02  2.08514414e-01]
 [-4.19595559e-02 -6.33996447e-03  3.80459133e-01  1.38794005e-01
  -1.36070831e-01  5.49091089e-01 -2.98701547e-01 -1.63640707e-01
  -1.96002874e-01 -1.54436312e-01 -1.13788484e-02 -2.64941147e-01
   1.52920641e-01 -4.92450857e-02  4.96402346e-02 -8.97846592e-02
   2.55054191e-01  2.19513835e-01 -8.35005795e-03 -1.13043071e-01
  -2.40636933e-01 -4.20836669e-02  2.08514414e-01]
 [-1.11319602e-01 -3.96273371e-01  2.01535668e-01 -1.90515837e-01
  -1.38094250e-01 -3.39892894e-01  1.56053085e-01 -2.50478341e-01
  -1.19737579e-01  2.01392936e-01  6.41611735e-02 -4.25362417e-02
   3.17394937e-01 -1.98619880e-01 -1.33696046e-01  2.02749405e-01
   7.77177716e-02  1.92189594e-01  1.89281995e-01  3.01110761e-01
   1.77643619e-03 -2.42952806e-01  2.08514414e-01]
 [ 1.11388372e-01 -1.01523964e-01 -9.67575558e-02  2.13646739e-02
  -1.35932054e-01  2.94509224e-01  3.15952808e-01 -5.84821622e-02
   7.12601312e-02  3.19119736e-01  3.45718621e-01  3.43270526e-02
   1.29304265e-01  1.09090806e-03  2.51952647e-01 -4.12570174e-01
  -3.05941591e-01 -5.70170942e-02 -3.22610052e-01  1.78024609e-01
  -4.94967848e-02 -4.92737052e-02  2.08514414e-01]
 [ 7.03638422e-02  1.70277911e-01 -1.17556896e-01  4.04616718e-02
  -1.27053758e-01  7.41402005e-02 -1.26724970e-01 -5.01970165e-01
   6.54824101e-02 -3.80644690e-02  2.65174149e-01  5.13412176e-02
   3.00791702e-02  8.43222637e-02 -1.76865462e-01  1.93964598e-01
   2.05197350e-01 -4.76276204e-01 -8.48873709e-02 -1.05981078e-01
   3.95398403e-01 -1.34592555e-01  2.08514414e-01]
 [ 2.65385621e-02 -4.90588172e-01 -4.05402947e-01  2.27076705e-01
   1.15707951e-01  3.16225415e-03 -1.94785175e-01  3.76183937e-02
   9.61779988e-02 -3.12367056e-01  1.18997435e-01 -1.33449979e-01
   5.91899235e-02  5.97290980e-02 -1.79799386e-01  2.34678176e-01
  -2.42910970e-01 -1.10162938e-01 -1.01347292e-01 -6.89804527e-04
  -3.60478954e-01  4.29742368e-02  2.08514414e-01]
 [ 2.10801833e-01  8.88806332e-02  2.49255305e-01 -2.04553520e-01
   1.39698367e-03 -2.81496866e-01 -4.64693373e-02 -4.52061929e-01
   2.87623340e-01 -2.67856500e-01 -6.21710273e-02  1.64586566e-01
  -1.36579606e-01  1.11905431e-01  2.30967442e-01 -7.85002036e-02
  -3.25150998e-01  1.90623497e-01  1.76601306e-02 -2.33779546e-01
  -2.00788467e-01  3.15881662e-02  2.08514414e-01]
 [ 6.49661595e-02  5.77130603e-02  2.79515994e-01  2.32488317e-02
   7.02121503e-01 -2.54791117e-02 -1.33461935e-01  2.74164121e-02
   2.04263711e-01  2.03120056e-01  1.53849674e-01  7.42452459e-02
  -1.47952508e-01 -1.84317397e-01 -3.11358084e-02  7.42872051e-02
   2.23349416e-01 -5.68721049e-02 -2.19077867e-01  2.52234509e-01
  -1.03076534e-01  9.07590240e-02  2.08514414e-01]
 [ 6.83620457e-02 -6.04777414e-02  1.67571099e-01 -1.31646306e-01
   2.70250177e-01  5.35208122e-02  2.42827747e-01  2.48576022e-01
  -4.27607245e-01 -4.15069219e-01 -6.44868215e-02  2.23416251e-01
   2.53762982e-01  2.72129360e-02  2.57367332e-01  1.41582271e-01
  -9.04767190e-02 -1.88482122e-01 -1.33216835e-01 -1.15650805e-01
   2.06341347e-01 -1.67604915e-01  2.08514414e-01]
 [ 3.51955095e-01 -2.02091307e-01 -5.00883806e-02 -7.19813917e-02
  -1.49632437e-01  2.54578865e-01  5.26421860e-02  1.21223225e-01
  -1.34012780e-01  5.01173297e-02  1.38791052e-01  5.42966495e-01
  -3.70359421e-01  4.65127366e-02 -1.97722424e-01  6.76805174e-02
   1.60565535e-01  1.89858803e-01  2.90546541e-01  3.60767430e-03
  -6.87100185e-03  1.24881906e-01  2.08514414e-01]
 [ 6.62165026e-02  1.92198221e-01 -1.43841900e-01  2.16549807e-01
   7.88987644e-02  1.13157133e-01 -1.71502240e-01 -9.94167392e-02
  -1.27928131e-01  4.56675867e-01 -4.08058853e-01  1.19059126e-01
   1.87018444e-01  2.71010413e-01  2.40909886e-01  3.59713177e-01
  -2.26835639e-01  2.77758158e-02  1.47283535e-01  1.05320031e-01
  -4.16096636e-02  3.29413156e-02  2.08514414e-01]
 [-1.12898412e-01 -1.45242170e-01  3.10175659e-01  3.30324699e-01
  -4.34456436e-01 -1.90457980e-01 -2.02774352e-01  3.40787003e-01
   2.80971824e-01  2.77111020e-02 -9.70938350e-02  1.98803766e-01
  -5.98150677e-02 -2.19191243e-01  2.48589837e-01  5.62230606e-02
   2.95373338e-02 -2.71611061e-01 -8.31329246e-02 -1.35617117e-02
   7.70373541e-02  4.64608723e-02  2.08514414e-01]
 [ 1.36568583e-01 -3.26622294e-01 -3.13123691e-01 -3.05099297e-02
   1.47693540e-01  2.55524421e-03 -8.78714991e-02 -5.04401198e-02
   2.17157518e-01 -5.08994559e-02 -4.21640698e-01 -1.02870659e-01
   1.93878189e-02 -4.29900688e-03  1.84042286e-01 -3.52434712e-01
   3.16835533e-01  1.81068872e-01 -1.40018286e-02 -1.00526484e-02
   4.07468197e-01 -6.35620760e-02  2.08514414e-01]
 [ 3.55863409e-01  2.15799750e-01 -1.83996201e-01  1.75983975e-01
  -1.31377088e-01 -4.81253762e-01  4.82542244e-02  7.15297034e-02
  -3.68743310e-01  6.76337403e-02  1.36104507e-01 -1.83770810e-01
   2.03957966e-02  1.78850550e-02  1.11776579e-01 -6.41852540e-02
   3.47046451e-01  8.52258564e-02 -2.05567148e-01 -1.23973674e-01
  -2.14004859e-01  1.44418094e-01  2.08514414e-01]
 [ 1.00090012e-01  1.84797069e-01  5.30257015e-02  5.05067045e-02
   2.91595362e-02 -1.47237498e-01 -3.93380704e-01  1.44473143e-01
  -2.26977162e-01 -1.35088001e-01  1.05866715e-01 -1.45841359e-01
  -1.14738923e-01  4.23617394e-02 -1.49544632e-01 -3.75681734e-01
  -3.31064544e-01 -7.23206553e-02  3.12390963e-01  3.89157304e-01
   1.83810299e-01 -1.74598322e-01  2.08514414e-01]
 [-4.32594639e-01  1.55703559e-01 -1.35047384e-01 -7.06968639e-02
  -8.85212011e-02 -1.98920524e-03  2.09809800e-01 -1.27613925e-02
   6.91545603e-02 -2.30489820e-01 -5.88703994e-02  7.41029038e-02
  -2.35760461e-01  3.74304844e-01  1.82123728e-01 -2.20289166e-02
   3.11651343e-01 -8.25340107e-02  3.41650139e-02  4.02926140e-01
  -2.83762255e-01 -1.60308260e-01  2.08514414e-01]
 [-4.24131438e-01  5.79775108e-02 -2.39153590e-01 -9.10042472e-02
   1.44205636e-01 -6.45983625e-02 -1.51105291e-01  7.57419935e-03
  -1.46414513e-01  2.31601786e-01  2.66277868e-02  2.44358242e-01
  -3.84992260e-02 -2.84263300e-01 -3.30545170e-02 -2.47682938e-01
  -1.43276624e-02 -6.70419425e-02  1.25779088e-01 -4.84792231e-01
  -2.07569730e-01 -2.84755060e-01  2.08514414e-01]
 [-4.04063349e-01  1.67592884e-01 -1.31308866e-01  8.82786063e-02
  -2.74313179e-03 -3.11318826e-02 -7.81159817e-02  6.13474131e-02
   3.41027697e-02 -1.21181367e-01  3.27888344e-01  7.64999902e-02
   7.95565234e-02  4.19226464e-03  3.72567710e-02  1.56394488e-01
  -1.02084795e-01  5.52789608e-01 -1.29833451e-01 -1.01677527e-02
   3.77203222e-01  3.04375792e-01  2.08514414e-01]]
Singular Values 
[1.25565660e+01 1.12698353e+01 1.05032228e+01 9.24341340e+00
 8.71267483e+00 8.08335111e+00 7.12882126e+00 6.76237744e+00
 6.61919104e+00 6.29724901e+00 5.71049419e+00 5.36918769e+00
 5.10255087e+00 4.58260210e+00 4.22003759e+00 3.81407882e+00
 3.49037815e+00 3.35982525e+00 2.92311770e+00 2.38993335e+00
 2.26789410e+00 1.89576558e+00 1.40484615e-15]
Singular Vector V (transpose) 
[[-2.20491884e-01  8.10053441e-03 -1.12394421e-01  3.61275742e-02
   6.19207656e-02 -3.67965744e-02  1.57487147e-01  1.92885618e-01
  -3.02549497e-01 -2.34504607e-01 -2.23995319e-01 -2.69802815e-01
   1.18710119e-01 -9.27693033e-02  1.33526074e-01 -4.82822868e-02
   6.28041593e-02  1.13417691e-01 -1.20844893e-01  2.44751582e-02
   1.41968920e-02  6.08851344e-02 -8.43072581e-02  2.91318055e-02
   3.18057324e-01 -2.00047962e-01 -8.70859224e-02  1.72288921e-02
   1.05656800e-01  1.15568328e-01  2.05616801e-01 -1.16479790e-01
   3.09951503e-01 -2.12850145e-01  1.06775878e-01 -1.95996336e-01
   1.29910342e-01  3.86806074e-02  1.78128724e-01 -2.59157810e-02
   1.33575287e-01 -1.08969931e-01  1.13345099e-01]
 [ 2.11693656e-02  7.53247015e-03 -9.62133480e-03 -6.05458863e-02
   2.18397933e-01  1.32308620e-01  1.92109760e-01 -2.22395175e-01
   1.16973806e-01  1.55313725e-01 -1.54091465e-01 -1.07407816e-01
  -6.11322513e-02  2.33795072e-01 -1.13579441e-01 -9.03493898e-03
  -2.42291958e-01  2.09358997e-02 -2.27645962e-01 -2.25093796e-01
  -6.49882891e-02  2.99536575e-01 -2.68155341e-01  1.03122134e-02
  -4.35047239e-02  2.39127673e-01 -4.14860869e-02  2.33418716e-01
   2.76978021e-01  4.95660372e-02  3.87485480e-02 -1.85341852e-01
   3.99506018e-02  5.48563935e-03  4.52542178e-02 -2.13045989e-01
  -2.10371134e-02 -1.74740390e-01 -1.70521653e-01  1.29968565e-01
  -7.04424242e-02  8.82258463e-02  5.52106341e-02]
 [-1.19552681e-01 -4.59126080e-02 -7.47762678e-02  8.31042317e-02
  -2.24442205e-01  2.90137168e-01 -6.33228509e-02 -6.82504899e-02
   5.64042334e-02 -1.24378219e-01  1.27647451e-02 -2.10426298e-02
   1.96602868e-01 -9.30705595e-02  2.39133533e-01  8.92886349e-02
  -2.49465391e-01 -4.22156629e-02 -2.06175716e-01 -2.00486623e-01
  -2.44517594e-01  4.83313239e-02 -1.34243611e-03 -1.39402983e-01
  -1.59113640e-01 -1.89981576e-01  2.55350619e-02 -2.08710364e-01
  -1.83932177e-01 -5.97011556e-02  1.99420168e-01  2.16841079e-02
  -1.84094386e-01 -1.68442046e-01 -1.92883567e-01 -7.53020233e-02
  -1.53598195e-01 -8.00260507e-02 -8.13835643e-02  3.16116295e-01
   1.56722895e-01 -9.24898855e-02 -9.90571078e-02]
 [-2.21884465e-01 -3.92274817e-01 -2.61639375e-01 -4.02050888e-02
  -1.33249794e-03  8.35680377e-02 -5.39556525e-02 -6.74690403e-02
   1.73643629e-02  1.73460059e-01 -2.28944055e-02 -8.51136504e-02
   1.19705602e-01 -1.91656270e-01 -1.11929088e-03 -1.77935061e-01
   1.98618853e-01  4.75937406e-02 -2.00163866e-02  1.68629855e-02
   2.39594888e-01  5.57784788e-02 -2.54520491e-01 -3.93561366e-02
  -9.98382757e-02  3.89194026e-02  1.92110186e-01 -1.10048643e-01
  -4.16007096e-02  4.25046216e-02 -1.55501148e-01  1.63866927e-01
  -3.42448906e-02 -5.44441588e-02  2.88533343e-01 -1.55720803e-01
  -1.44635947e-01  1.50054528e-01  4.91388718e-02  7.20150926e-02
  -6.28803986e-02  2.89884198e-01 -2.37715555e-01]
 [-2.57739680e-01  9.80558627e-02 -3.21368688e-01  2.36725334e-01
  -1.55136106e-01  1.23156695e-01  8.97471386e-02 -1.96699837e-01
   1.62754256e-01  1.54041642e-01 -2.88709525e-01 -4.40596402e-02
  -1.45086231e-01  2.41634444e-01  2.35232412e-01  1.57816430e-01
  -2.93206399e-02 -1.56558720e-01  8.26400371e-02  1.88797518e-01
   2.57478769e-03 -2.28409655e-01  5.02698468e-02  1.20006604e-01
  -3.32190600e-04  1.64683995e-01  1.61548567e-02  1.50429843e-01
  -2.24958767e-02 -9.50478983e-02  4.26743520e-02  1.29927416e-01
   2.51539969e-02  6.65023210e-02  8.52248834e-02  4.43358021e-02
  -1.33482092e-01  2.00448604e-01  4.63294962e-02 -6.80151872e-02
   1.84272354e-01 -6.09493487e-02  2.27023854e-01]
 [-6.66507028e-02 -1.13931620e-02 -9.79946020e-02  3.11523709e-01
   1.81732642e-01 -1.31023948e-01 -4.78137986e-02  1.37494819e-01
  -1.89755727e-01 -1.12040669e-01 -3.45296744e-03  2.93038985e-02
   9.60951137e-02  8.60442268e-02 -6.90777026e-02  1.81057769e-01
   3.02418404e-03 -4.22074192e-01 -1.37832409e-01 -5.56772836e-02
   1.26366084e-01 -7.94878762e-04 -1.49822024e-01  1.65672619e-01
  -7.02049592e-02  4.08150469e-02  1.17211531e-01  1.17842949e-01
  -2.36696299e-01 -1.54469823e-01 -1.17230914e-01 -7.15085653e-02
  -9.64927728e-02  9.25185227e-02 -1.79288349e-01 -3.37412762e-02
   1.98524705e-01 -2.66292331e-01  3.01356424e-01  1.04097387e-01
  -8.89786993e-03  2.26240793e-01 -1.72646588e-02]
 [-6.65764968e-02  1.51537870e-01 -2.16075507e-02  3.53245939e-01
   6.16080650e-02 -1.48578464e-01 -9.82147465e-02  5.61146278e-02
  -1.22562683e-01  1.71536532e-01  2.19079026e-01  2.15860941e-01
   2.87812582e-01 -3.52384721e-02 -6.82468285e-02  1.98510484e-01
  -1.92782250e-01  2.76028354e-01 -2.27517134e-02 -1.53787611e-01
  -8.51032880e-02 -1.64894899e-01 -9.99617389e-02 -2.08851349e-01
   5.09574778e-02  1.26174223e-01  1.70689309e-01  1.91085684e-01
   8.88987961e-02  1.02017394e-01 -8.27275345e-02 -6.13662328e-02
   4.88398446e-02 -1.11400474e-01  1.67707765e-01  5.45233956e-02
  -3.25142733e-02  7.91775521e-02 -8.72917766e-02 -1.75251634e-01
   2.96568374e-01  1.91732744e-03 -1.52787687e-01]
 [-3.24216349e-02 -1.12880570e-01 -9.13895456e-02  8.09244466e-02
  -1.97306697e-01 -4.54488374e-02  3.85323618e-01 -1.82320747e-01
  -1.69296224e-02 -2.72017647e-02 -7.85624695e-02  9.13890867e-02
  -1.04563982e-01 -1.18235633e-01 -1.00455118e-01  2.04260459e-01
  -6.10132989e-02  3.43662351e-02  5.24771718e-02  1.82770890e-01
   5.91900796e-02  7.35392038e-02 -7.63504253e-02 -1.35611579e-01
  -5.47013806e-02 -1.47096291e-02  3.53115634e-01 -6.08362678e-02
  -1.39559794e-02 -4.68885586e-02  1.13231759e-01 -3.37497365e-01
   6.45861245e-02 -1.38508412e-01 -5.73586763e-02  2.94762905e-01
   2.45050353e-01  7.09220117e-02 -2.43134799e-02  1.69645636e-02
  -3.06743293e-01 -1.38908910e-01 -1.68900766e-01]
 [ 6.53979424e-02 -2.33724778e-01  2.00133300e-01 -6.70853871e-02
   2.25097058e-01  1.50307174e-02 -3.05800515e-02 -1.54825026e-01
  -1.82132995e-02  7.94323918e-03 -1.08901447e-02 -1.21743576e-02
  -1.58646746e-01 -1.18336446e-01  1.68403689e-01  2.09877790e-01
  -2.53948381e-02  1.61156155e-02  4.77255670e-02  2.31101889e-01
   9.01238634e-02 -1.59306826e-01 -1.80429840e-01 -4.09806432e-01
   5.21742626e-02 -1.01808088e-01 -1.93963917e-01  5.40003261e-04
  -1.47881723e-02 -4.02068786e-01 -8.38252324e-02 -1.71925530e-01
  -4.94158084e-02 -1.83390534e-01 -1.04633798e-02 -7.58783918e-02
  -1.05398542e-01 -1.32730949e-01 -1.19375400e-02 -1.34940799e-01
   1.53997620e-01  1.49660055e-01  1.83321466e-01]
 [ 1.41781794e-01 -1.01362220e-01  1.18309470e-01  1.88209496e-01
  -3.88104195e-02  1.69497042e-01 -1.69441944e-01 -1.38721713e-01
  -5.93553079e-02 -1.04817445e-01 -8.42523732e-03 -2.33218311e-01
   3.27436272e-01  2.12100815e-02 -2.24069122e-01 -8.96717733e-02
  -9.61555005e-02  1.25732712e-02  1.00778182e-01  4.68884736e-02
   2.76479843e-01  4.47349856e-02 -5.07877997e-02  2.98202898e-01
   1.17292736e-01  4.63781235e-02 -9.55173449e-02 -6.19026193e-04
  -6.05033336e-02 -3.81114588e-01  1.33208343e-01 -9.29920842e-02
   1.18832905e-01  7.67949916e-02 -1.76942556e-02  1.40796406e-01
   2.70879830e-02  2.10978124e-01 -3.38341438e-01  2.61138765e-02
   1.05052930e-01 -3.35671508e-02 -4.86870525e-02]
 [-1.03773222e-01 -3.99231630e-02  3.32178188e-02  2.24446665e-01
   1.37188166e-01 -1.10176107e-01 -1.24026865e-01 -1.50649846e-01
  -1.77155676e-02 -5.74184104e-02 -2.43506640e-02  6.76198273e-02
  -9.04016607e-02  6.71250146e-02  2.36742406e-02 -3.71344644e-01
  -1.04129117e-02 -2.00220596e-01 -3.41228056e-02 -7.62297672e-02
  -4.24022619e-02 -2.04521202e-01 -1.54897112e-01 -1.29468868e-03
  -9.24287066e-02  9.05906087e-02 -3.15185266e-01 -1.41851235e-01
   1.21859745e-01  9.74593026e-02 -2.74046072e-01 -1.42491546e-01
  -1.15916719e-01 -3.44033581e-01 -3.24612760e-02  8.32792596e-02
   1.27843846e-01  2.24301751e-01  2.24331011e-02  1.07100032e-01
  -1.01415382e-01 -3.21819870e-01 -6.46625063e-02]
 [ 5.46484137e-03 -2.47905458e-01 -7.49957698e-02  1.31261846e-01
   6.45366195e-02  1.16833007e-01  7.70076581e-02 -7.89782337e-02
   7.27826928e-02 -9.97516235e-02 -1.72547695e-01  2.32962175e-01
   1.17834679e-01 -2.69361793e-01 -2.84895044e-02  1.91504387e-01
   5.30626649e-02 -5.85795481e-02 -8.63054476e-02 -6.58493782e-02
  -1.21040898e-01  1.62127692e-01  1.84984684e-01 -1.01383975e-01
  -1.27204563e-02 -2.00932598e-02 -3.34849928e-01 -2.02387664e-02
  -1.26116758e-01  2.37373805e-01 -1.84740411e-01 -5.86468407e-02
   5.23447200e-03  3.36313236e-01  1.15693215e-01 -2.00518078e-02
   3.19998237e-01  1.70984873e-01 -1.84753168e-01 -6.26405740e-02
   6.88700936e-02  7.54479114e-02  1.70362099e-01]
 [ 2.33111473e-01 -6.41862357e-02 -4.97254136e-03 -1.43985130e-02
   4.48539503e-02 -3.75121019e-01  1.98662061e-01 -4.44387456e-02
  -1.42701872e-02  1.75826502e-02 -7.25321414e-02 -9.14520110e-02
  -5.51380768e-02 -1.43260583e-01 -2.06957765e-02  2.24486728e-01
  -4.34763807e-02 -6.12526339e-02 -3.10731205e-01 -8.13635520e-02
   3.51119520e-01 -7.33779297e-03  1.26272947e-01  3.30862818e-02
   4.87573986e-02  1.03252395e-01  1.15898731e-02 -2.40976850e-01
   9.46013637e-02  7.85108850e-02 -1.28542683e-01  9.56201925e-02
   3.27831906e-02  7.79414696e-02  1.72674675e-02  1.07697624e-01
  -3.26699960e-01  1.46266063e-02  5.67887112e-03  2.64092418e-01
   2.39854353e-01 -2.31511741e-01  2.23523855e-02]
 [ 3.57087564e-02 -1.60989644e-01 -2.20640576e-01 -5.08817858e-02
  -1.42035685e-01 -2.21501895e-01 -1.82582206e-01 -1.14892113e-01
  -1.06545182e-01 -1.29550474e-02  7.74214607e-02  6.22993073e-04
   7.83137647e-02 -7.78999055e-02 -1.28531095e-01 -1.95920884e-01
   9.36187457e-02  9.64652996e-02 -2.68327222e-01  2.73392774e-01
  -2.66229642e-01  1.57596800e-01  5.27053633e-03 -1.68710876e-01
  -1.22515552e-02  7.30339690e-02  4.60130881e-02  2.84894541e-01
   2.53659376e-01 -1.90479011e-01  1.94258113e-02  1.87926691e-01
  -2.79575677e-02  6.44546499e-02 -2.73993381e-01  1.40752109e-01
   9.56539382e-02  9.53605331e-02  9.40642314e-02  1.69516687e-01
   9.48231665e-02 -2.37875601e-03  2.05895541e-01]
 [ 1.48691569e-01 -1.92476284e-01 -1.22169025e-01  6.68313104e-03
  -5.84459634e-02 -3.70425105e-02 -2.53907578e-01 -7.82192222e-02
   4.06288206e-02 -2.03058064e-01  8.68676552e-02  1.43769188e-01
   5.94182561e-02  1.10322170e-01 -4.98284383e-02 -4.77180873e-03
  -1.03795171e-01  1.65299448e-01 -6.86331287e-02  5.31749940e-02
  -1.06875525e-01 -1.84955693e-01  6.91292216e-02  2.56043583e-01
  -4.68253373e-02  6.02018994e-03  2.18783234e-01 -1.93569576e-01
   1.60093632e-03  9.82310701e-02 -1.54538186e-02 -3.62137445e-01
   4.97588091e-02 -5.44928647e-02  2.67460263e-01 -7.57526646e-02
  -1.46311114e-01 -9.04003443e-02  9.13647118e-02  6.76730394e-02
  -1.36807529e-01  8.91471843e-02  4.68083000e-01]
 [ 1.12675895e-01  1.26448362e-01 -8.32640962e-02 -2.66411813e-02
  -1.46329546e-01  6.70939645e-02  7.51015839e-02  1.67182587e-02
   7.31101772e-03 -1.32638715e-01  1.17514703e-01  2.54725619e-02
  -1.70547947e-02  3.08861995e-02  1.36570251e-01  1.95835770e-01
  -1.76174160e-01  2.24467018e-01 -2.82710795e-01 -3.10768439e-02
   9.16080338e-02  1.12278301e-01 -1.00368090e-01  2.04498151e-01
  -7.09075202e-02 -4.85837642e-02 -2.47429304e-02 -7.60815348e-02
   2.96567433e-02 -2.41367406e-01 -3.95205017e-01  2.59298323e-01
   2.81839246e-02 -1.41888410e-01 -1.13927729e-01 -2.34418190e-01
   1.27332269e-01  2.10138149e-01  3.34078892e-02 -3.19680707e-01
  -2.31771975e-01 -4.44126225e-02  4.12140341e-02]
 [-6.98136794e-02 -6.33285170e-02  8.70600625e-02 -9.08750797e-02
   3.96594090e-02  1.29609259e-01 -5.52572745e-02 -3.94593018e-02
   1.10910236e-01  2.42498394e-01  2.59767011e-01  2.58852295e-01
   1.56519544e-01  1.75088775e-01  4.19381766e-01  7.79764258e-02
   8.82749555e-02  6.54662429e-03 -1.14212654e-01  2.94863985e-01
   6.82086119e-02  5.81646265e-02 -4.19015506e-02  1.98684307e-01
   1.90580103e-01 -9.89209298e-03 -7.80908884e-02 -1.01099208e-01
   1.33628945e-01  8.81375113e-02 -9.20358133e-02 -1.12834680e-01
   3.18290079e-01  6.74804984e-02 -1.19011644e-01  9.64983796e-02
   1.42766953e-01 -1.10311965e-01  2.43861677e-02  2.30811581e-01
   6.94515549e-02  7.72214555e-03 -1.79702353e-01]
 [-6.96664768e-02  2.59974541e-01 -5.04201884e-03 -7.56315663e-02
   2.69612233e-01 -7.26568554e-02 -1.19326894e-01  9.70954410e-05
   1.49963524e-01 -1.22202251e-02  1.08230685e-02 -2.20743936e-01
   2.07324024e-02  2.00595041e-01 -1.62220396e-02  1.57949160e-01
   1.22696116e-01 -3.09200240e-02  3.29152488e-02 -8.93958724e-02
   2.67381148e-02  8.97350541e-02 -3.19607369e-02 -1.33459305e-01
  -2.28188727e-01 -2.85581889e-01  1.89444008e-01 -2.41806018e-01
   1.32406266e-01  7.56546798e-02 -2.41403170e-02 -5.66924688e-02
   7.60695317e-02 -4.76890525e-02 -1.31531655e-01  1.76024121e-01
   1.39717587e-01  3.93335827e-01 -7.93371055e-02  1.01407781e-01
   1.15061439e-01  3.03142472e-01  1.79518115e-01]
 [ 1.92519630e-01  3.21810471e-02 -2.67804118e-01 -8.14298529e-02
   8.41003857e-02  1.04910281e-01 -2.26606858e-01 -1.82677818e-03
  -1.54356649e-01  5.42781202e-03  1.31171875e-01 -1.14369602e-01
  -3.36909194e-01  1.19117069e-02  2.23702043e-01 -8.23090140e-02
  -1.62168848e-01 -5.77220119e-02  2.57519826e-03 -2.03641119e-01
  -9.81420712e-03  8.03285959e-02 -9.96366918e-02 -1.45434478e-01
   1.90025830e-01  3.18618020e-02  1.56326706e-01 -8.06568912e-02
  -1.24321006e-01 -1.23575577e-01 -2.61303379e-02  1.30781648e-01
   5.80385478e-02  1.27892387e-01  3.58561445e-01  2.41758892e-01
   3.29156616e-01 -9.90171636e-02 -7.97769632e-02  7.14645141e-02
   6.65505125e-02 -1.51767281e-01  1.92713350e-02]
 [ 3.75851266e-02  1.25833725e-01  1.62696199e-01  1.61136789e-02
   5.34578306e-02 -1.31008314e-01 -2.91883858e-02 -1.01051382e-02
  -1.90064821e-02 -1.99997029e-01 -2.13003552e-01  1.54664009e-01
   1.69920479e-01  2.30938963e-01  1.74735025e-01 -1.46996577e-01
   1.98555682e-01 -1.25330809e-01 -4.49442135e-01  2.12131800e-01
  -9.64619199e-03 -2.40818959e-02 -1.34174456e-01 -1.53234877e-01
  -8.72521613e-02  1.48879213e-02  1.34697681e-01 -1.07764166e-01
  -5.69128258e-02 -1.56572917e-02  2.13467804e-01  7.38748919e-02
  -8.79365913e-02  1.44435566e-01  2.27465206e-01  4.08987917e-02
  -4.92556839e-02 -4.48839052e-02 -2.67226617e-01 -2.75208012e-01
  -9.76904200e-02 -3.82701485e-02 -1.00283006e-01]
 [-1.08368601e-01  4.10706997e-03 -2.57775725e-01 -1.74081120e-01
   6.77666429e-03  4.53018498e-02 -1.86333289e-01  4.18879482e-01
   8.25852056e-02  7.65088600e-02 -8.28425224e-02  2.41330668e-01
  -6.80618394e-02  8.29457320e-02 -1.86747924e-01  1.22577054e-01
  -8.95100747e-02 -7.81551836e-02 -1.54275756e-01  6.24501361e-02
   2.67806208e-01 -6.37036039e-02  3.13039833e-01 -9.97270617e-02
   8.39901019e-02  1.01512476e-01 -1.21667312e-01 -9.46484625e-03
   1.61818411e-01 -1.68811767e-01  1.84717306e-01 -8.81482414e-02
  -1.51223594e-01 -2.41507005e-01  6.46186140e-02 -1.26403257e-01
   1.44513599e-01  7.46095677e-02 -1.75920374e-01  1.16436895e-01
  -6.72012236e-02  4.43695507e-02 -8.28642378e-02]
 [-9.48619316e-02  9.81895450e-02  3.95334593e-01 -1.83225501e-02
  -1.09905069e-01  1.82951553e-02 -1.05849364e-01 -1.01336695e-03
  -1.46946362e-01  8.52412621e-02 -2.43177199e-01 -1.17642943e-01
   2.01508609e-01 -1.26018541e-01  2.08050538e-01  1.34300509e-02
  -3.53437456e-01  2.16962638e-02  3.65356903e-02  1.11900686e-01
   9.45565469e-02  1.36409626e-01  1.74123835e-01 -1.83751798e-02
  -9.22451368e-02  1.68414748e-01 -1.59344744e-02 -6.20675188e-03
   1.75892653e-01  3.31402474e-02 -5.17109799e-02  9.83093730e-02
  -2.02092075e-01 -4.66241776e-02  2.50530067e-01  2.25715369e-01
   1.29974280e-01  3.19060576e-03  2.68186550e-01  1.02434710e-01
  -1.48938402e-01  1.82713669e-01  9.34006485e-02]
 [ 1.62376669e-01 -3.93594755e-01  5.81377291e-02 -9.01171722e-02
   8.21190584e-03  1.32003924e-02 -2.02722426e-01  2.39158915e-01
  -2.11884040e-02  2.34186873e-01 -1.42338805e-01 -2.22856538e-01
  -3.65077805e-02 -9.40930970e-02  2.06574972e-01  1.56944661e-01
   1.84869748e-02 -5.74585068e-02 -6.44518721e-02 -6.75738478e-02
  -2.80453820e-02 -1.22894044e-01 -1.19564986e-01  2.31316368e-01
  -1.64832617e-01  6.17815247e-02  1.48760366e-01  1.28156632e-01
   7.59293189e-02  2.61103643e-01  1.19571534e-01 -4.19044587e-02
  -1.24915581e-01 -1.07717004e-01 -2.47902387e-01  9.34363071e-02
   1.27270944e-01  1.01122636e-02 -1.54653434e-01 -2.97235624e-01
   6.52044263e-02 -1.35511852e-01  4.25069412e-02]]

Kinase CDK6
Singular Vector U 
[[-0.10071681 -0.25953311 -0.0907619 ]
 [ 0.03961565 -0.15092352  0.04046181]
 [ 0.08512365 -0.03182311 -0.18750543]
 [ 0.18262565  0.18457501  0.14217708]
 [ 0.17142873  0.1415247   0.06512819]
 [-0.31945673 -0.04916588  0.21356835]
 [-0.01916693  0.4176627   0.27471841]
 [-0.39921903  0.12596109 -0.30261369]
 [-0.58760829 -0.13958024 -0.22257419]
 [ 0.05482177 -0.302262    0.03068711]
 [ 0.27056711 -0.03868469 -0.23335641]
 [ 0.12068981  0.11893819  0.08741331]
 [ 0.00406561  0.02045552  0.03836376]
 [ 0.02721602  0.04756887  0.06438797]
 [-0.0371518  -0.17464358  0.48226341]
 [-0.07024396 -0.09360161  0.23065115]
 [-0.17751164  0.50911644 -0.03195311]
 [ 0.11629642  0.30284929 -0.05775516]
 [-0.05474801 -0.30664203  0.26122839]
 [ 0.33588691 -0.19184601 -0.02504385]
 [ 0.05733039 -0.01290242 -0.10791595]
 [ 0.19582533 -0.00937413 -0.29389951]
 [ 0.10433015 -0.10766948 -0.37766974]]
Singular Values 
[5.6338591  4.90550685 3.63257954]
Singular Vector V (transpose) 
[[-0.43187381 -0.72695407  0.53387526]
 [ 0.76410084  0.01959837  0.64479904]
 [-0.47920237  0.68640636  0.54700219]]

Kinase AKT1
Singular Vector U 
[[-2.45654896e-02 -2.03225727e-01  3.31164244e-01  2.65476881e-01
   1.29936246e-01 -3.84016003e-02  2.50599477e-01  4.28274030e-02
   2.70347624e-02 -6.24882644e-02  1.57544901e-01  1.03257958e-01
   4.62745508e-01  4.80315950e-02  1.57806835e-01 -4.49983828e-01
  -2.24365299e-02  3.65549238e-01  4.57041161e-02  1.74774072e-01
   2.68074390e-02]
 [-1.65587315e-02  1.10543542e-01 -2.47977633e-01 -1.53940012e-01
   3.18206488e-01  1.71758352e-01  1.77113012e-01 -1.23484068e-01
  -9.26356154e-02 -1.62524630e-03 -6.48204264e-02 -5.12667395e-01
   2.57690889e-03  4.00016548e-02  2.87050602e-01 -1.19568883e-01
   4.46617367e-01 -8.80069603e-02 -2.28421014e-02  1.53349407e-01
   2.48636981e-01]
 [-6.72084933e-02  1.97670256e-01 -2.26036249e-01 -4.51504650e-02
  -2.22666055e-01 -2.84807434e-01 -2.77218129e-01  1.32640531e-02
  -9.00106250e-02 -1.72137257e-01 -2.41087803e-01 -3.43551125e-01
   2.04558406e-01  3.10775481e-01 -2.67540260e-01 -6.16381516e-02
  -6.46752998e-02  4.19574847e-01 -1.34643329e-01 -4.03978898e-02
  -6.84159387e-02]
 [-4.94133492e-02  6.02947404e-02  2.43129466e-02 -4.81154473e-01
  -1.59993300e-01  2.20672090e-01  9.50126539e-02 -3.56384838e-01
   1.07624851e-01 -8.05982796e-02  7.13221919e-02  2.51415074e-01
   7.38213963e-02 -6.37569416e-02  1.43322709e-01  1.42386619e-01
  -1.10152694e-01  2.15330278e-01  1.45768961e-02 -8.70669270e-02
   3.52825334e-01]
 [ 9.66006366e-02 -1.37603212e-01 -1.57341332e-01  2.94756038e-01
  -7.30047121e-02 -2.32554967e-01 -6.81787338e-02 -3.68702609e-01
  -2.83951044e-01 -1.06445637e-01 -3.17926364e-01  1.23620047e-01
   1.24118854e-01  1.03000116e-01  2.68442074e-01  4.60019639e-02
  -2.48214190e-01 -3.70642626e-01  3.04338216e-01  2.98984973e-02
   1.24777954e-01]
 [-5.47027010e-02  2.58210901e-02 -2.04855031e-01 -3.25542263e-01
