Method Singular Value Decomposition(One of the PCA methods)
X = U(SIG)V*

X shape (nxm)

U shape (nxn)

(SIG) shape (nx1)

V shape (nxm)

Kinase CAMK2A
Singular Vector U 
[[-1.61641737e-01 -2.87112047e-01  9.69395140e-02  1.67528347e-01
   1.70297415e-01 -3.79693565e-02  5.28058960e-02 -4.56332547e-02
  -1.74736227e-01 -1.30611570e-01 -1.06622702e-01  2.83361584e-01
  -1.93886536e-02 -1.50575709e-01]
 [-7.51174296e-02  3.09664837e-03 -1.77079591e-01  3.62478245e-01
   2.54311382e-02 -3.70541902e-01 -3.79247417e-01 -7.72462904e-02
   3.07440128e-01 -2.79856229e-01  1.70393613e-01  1.97515411e-02
  -3.16280334e-01  2.90445283e-01]
 [-2.23872720e-01 -1.47990373e-01  1.85033035e-01 -8.05382779e-03
   2.63309490e-01 -3.05818411e-01  1.40922699e-01 -1.31919718e-02
   2.17720222e-01  2.10604940e-01  6.47312127e-02 -3.57040474e-01
   1.67447723e-01  2.00253799e-01]
 [-8.01590362e-02  5.10639222e-02 -2.51582911e-01  1.92261433e-01
   1.58664997e-01 -1.09575692e-01 -2.29071893e-01  2.17428732e-01
  -3.71342927e-01 -1.61907421e-01 -1.28726158e-01 -8.44213610e-02
  -1.09861732e-01 -4.94121430e-01]
 [ 1.81120546e-01 -1.09318744e-01  3.89997317e-02  3.01178265e-01
   1.86520974e-01 -2.93726704e-01  3.10185188e-01 -1.72245054e-01
  -3.59541571e-01 -5.53334346e-02  9.26461231e-02  1.96873857e-02
   4.92400411e-02  2.96846365e-01]
 [-1.53162371e-01  1.07680305e-01 -1.02631603e-01 -5.77584019e-01
   3.09400684e-01 -5.63054407e-02 -2.65961033e-01 -1.02888850e-01
   2.51964348e-01 -1.76046828e-01  3.38268982e-02  9.07294468e-02
   2.07623728e-02  3.37615229e-03]
 [-1.07206829e-01 -4.30862738e-01 -1.75122776e-01 -1.28459541e-01
   8.40057434e-02  8.61103793e-02  1.03599773e-01  1.33055983e-01
   7.13472939e-02 -4.77897132e-04 -1.69985145e-01  4.78353808e-01
   1.44434644e-02  1.58932180e-01]
 [-1.70373460e-01 -1.62458879e-01 -1.14084008e-01  1.79315480e-02
  -3.79895111e-02 -1.20635613e-01 -2.99728449e-02 -2.45297739e-01
   1.13124103e-01  3.98810323e-01  1.44051486e-01  3.12574765e-01
   2.33280818e-01 -2.79360818e-01]
 [-9.72306935e-02 -3.43689516e-02 -1.96007588e-01  6.35379365e-02
   1.91546379e-01  1.39103837e-01 -9.10961588e-02 -1.60014781e-01
  -9.64244703e-02  2.17021269e-03  5.56114606e-01  1.39948540e-01
  -8.32072232e-02  2.61742628e-02]
 [-2.08113657e-01 -4.82566836e-02  2.01560909e-01  1.08353475e-01
  -3.77226309e-02 -5.29913947e-02  1.50472383e-01  2.92614527e-01
   2.36321669e-01 -1.83183233e-01 -1.27915734e-01 -1.07749175e-01
   7.58008886e-02 -1.97070118e-01]
 [-4.64486321e-02  1.23448171e-01 -3.38612869e-02 -1.91953702e-01
  -5.78749929e-01 -4.54622003e-01 -5.57763983e-02 -2.41071259e-02
  -1.72636298e-01  5.65137552e-02 -1.69870582e-01  1.60896784e-01
   5.50945346e-03  1.82667691e-01]
 [-1.03930549e-01 -9.61821117e-02 -5.65865273e-02 -1.01060773e-01
   1.68749469e-01 -1.69001286e-02  7.57928934e-02  5.90377675e-01
  -9.56305053e-03 -4.45644243e-02 -2.32887712e-02 -1.92591931e-02
  -2.64413892e-01  1.90569704e-01]
 [ 2.29121344e-01  8.55477637e-02 -7.90858773e-02 -8.48170456e-02
   3.85847715e-02 -3.50051544e-01  3.87937974e-01 -1.06800582e-01
   3.47797500e-01 -3.54979268e-01  3.17385016e-02  2.41169866e-02
   7.70691291e-02 -3.29868191e-01]
 [ 2.82641364e-01  1.23853176e-01  1.25359984e-01 -3.24584074e-01
  -1.44346174e-02  1.45721839e-01  1.12840203e-01  7.76863327e-02
  -2.00944174e-01 -1.77489200e-01  3.20568167e-01  4.87402886e-02
  -1.07023217e-01  1.67356094e-01]
 [-5.47473749e-01  1.20457459e-01  3.72951421e-02 -6.64438407e-02
   1.18368549e-03 -2.13465788e-02  2.38049579e-02  1.89054386e-03
  -2.30376546e-01 -2.33205266e-01 -9.55283145e-02  4.52698817e-02
   3.01024294e-01  2.79931570e-01]
 [-2.67216501e-02 -1.87610764e-01  3.26461229e-01 -2.94138245e-01
   2.73928286e-01 -2.66023963e-01  9.99861529e-02 -1.45738326e-01
  -2.21460468e-01  1.63309417e-01 -1.70297318e-02 -8.72728985e-02
  -3.63258776e-01 -1.42106526e-01]
 [-6.82214752e-02 -3.27412312e-01 -6.15192276e-01 -1.24280362e-01
  -1.16973412e-01  1.13494118e-01  2.19069050e-01 -8.49030096e-02
  -4.74792841e-02 -9.34887380e-03  2.43933519e-02 -5.12567455e-01
   8.83548951e-02  6.00243791e-02]
 [-1.87713786e-01 -2.62366376e-02 -1.08456749e-01 -1.07199629e-01
  -2.92083498e-01 -2.54418506e-01  1.47276729e-01  3.25485608e-01
  -3.62616475e-02  2.30725537e-01  4.27103300e-01  4.56757784e-02
  -2.37774262e-01 -1.78913276e-01]
 [-3.35760678e-01 -3.64272656e-02  2.19099388e-01  1.34208626e-01
  -2.67366163e-01  3.07123465e-01  3.46708298e-01 -1.58081476e-01
   1.42144193e-01 -2.86616451e-01  2.08598329e-01  7.05601408e-02
  -2.29680368e-01 -5.77757995e-02]
 [-2.34805433e-01 -1.64579249e-01  2.09002227e-01 -1.48539173e-01
  -1.64748205e-01 -1.65295924e-02 -2.73549568e-01 -2.55087567e-01
  -2.21767587e-01 -2.31386919e-01  8.99409538e-02 -2.87621828e-01
  -1.50334631e-02 -1.65104341e-01]
 [ 2.30806898e-01 -2.81899285e-01  4.06326051e-02 -9.43798560e-02
  -5.56711496e-02 -1.49201975e-01 -8.67739791e-02  1.99903334e-01
  -1.29466463e-01 -3.69831085e-01  2.60186451e-01  9.35375777e-02
   4.72208812e-01 -5.97353036e-02]
 [ 1.19847128e-01 -3.26363634e-01  3.30219247e-01  1.06553073e-01
  -1.28911017e-01  6.53596637e-02 -3.24942951e-01  2.26961951e-01
   1.52650983e-01  1.37830966e-01  2.10951990e-01 -1.34979314e-01
   1.87623968e-01  2.09143394e-02]
 [ 2.02380908e-01 -4.84582387e-01  6.19649459e-03 -9.37400412e-02
  -2.03004718e-01  3.80880674e-02 -1.05092069e-01 -1.80694175e-01
   8.65301273e-02 -1.37322770e-01 -2.53850075e-01 -1.92286224e-03
  -3.22353285e-01  4.98067311e-02]]
Singular Values 
[12.23452427 11.70985155  9.67525567  8.99338243  7.48926146  6.74479819
  5.63101075  4.99772031  4.41992801  3.45836529  2.90200524  2.44250498
  1.37793664  1.19360384]
Singular Vector V (transpose) 
[[-0.14551274  0.09747156  0.03257129  0.35328545  0.30227829  0.12141313
   0.19205426 -0.14393263  0.05550063  0.45756664 -0.26203817  0.5083936
  -0.20760789 -0.31154846]
 [-0.21230547 -0.05852587  0.19874917 -0.30365081  0.32821706  0.20575654
   0.01347554  0.01121609 -0.15853013 -0.48781885  0.23466952  0.33614066
  -0.48053846  0.08573167]
 [ 0.08708084 -0.31194136 -0.0635113   0.07696232  0.20637597  0.19867978
   0.02885893  0.21966477  0.00590813  0.3827665   0.13460051  0.12585002
   0.05459101  0.75532885]
 [-0.03743197 -0.05508618 -0.12737107  0.00699602 -0.3703368  -0.48631488
   0.51852486 -0.0270404   0.23093705 -0.15915647  0.16842575  0.4503978
   0.0299208   0.15892748]
 [ 0.0834725   0.04868579 -0.7461817  -0.38895364  0.00767172  0.01064215
   0.01011107  0.24921742 -0.36975043  0.15478981 -0.01534044  0.14786146
  -0.06168222 -0.18337936]
 [-0.17171773  0.09730145 -0.28254598 -0.17780859  0.62834871 -0.17124608
   0.06191979 -0.31851051  0.30143441 -0.18281477 -0.13225935 -0.07513976
   0.39925943  0.11548351]
 [ 0.29705146  0.05748619 -0.06793184  0.10427968  0.10249685 -0.09638941
  -0.57417975  0.24658426  0.43593018 -0.05021003  0.35289855  0.35359478
   0.08002142 -0.18481836]
 [-0.17325102 -0.02625765 -0.069968   -0.26146408  0.019554   -0.25237529
  -0.02671763 -0.04713136  0.43791825  0.36919606  0.1380106  -0.36629298
  -0.58965708 -0.00580655]
 [ 0.44418296  0.0738259  -0.02474051  0.16098572  0.11836501 -0.4816627
  -0.25519841 -0.38437456 -0.34941917 -0.0424862  -0.17345053  0.0469961
  -0.30819813  0.24630233]
 [-0.2441977   0.72096287  0.19348165 -0.2346979  -0.12957635 -0.03308333
  -0.14591551 -0.12232237 -0.1664842   0.28617057  0.2517981   0.14591219
   0.16860763  0.22625509]
 [ 0.31802524  0.27531712  0.0345184   0.25904741  0.35587481 -0.06042437
   0.46130666  0.20306971 -0.13812532  0.0019599   0.49726086 -0.28774219
  -0.02894967 -0.14296768]
 [-0.50945286  0.13836263 -0.08745347  0.39217554  0.09746411 -0.35284665
  -0.16534414  0.53942356 -0.12610826 -0.16133973 -0.18721113 -0.0942443
  -0.08251689  0.12196103]
 [ 0.36892904  0.4594705   0.02409426 -0.13209374 -0.03646293  0.20840214
   0.16891918  0.30299718  0.32981389 -0.17098387 -0.50378438  0.0120684
  -0.18499925  0.20848309]
 [ 0.127813   -0.19901134  0.4955641  -0.44217576  0.21706244 -0.39980973
   0.06169618  0.34185002 -0.12436075  0.21365429 -0.1971473   0.0884194
   0.19876664 -0.16738098]]

Kinase CDK6
Singular Vector U 
[[-0.05076919  0.03068896  0.16353507]
 [-0.32881209  0.10386372  0.17997165]
 [ 0.37271704  0.14567373 -0.07567675]
 [-0.10151011  0.09896879 -0.00377717]
 [ 0.14869092  0.10843515 -0.031794  ]
 [-0.01156627 -0.32627663  0.1990281 ]
 [-0.06004426 -0.19327684 -0.10794905]
 [-0.11233188 -0.25871949 -0.26612915]
 [ 0.17920171 -0.40826087 -0.02765105]
 [ 0.14581739  0.12563705  0.26863675]
 [-0.11686369  0.3611507  -0.08908777]
 [ 0.0049796   0.0712666   0.00503542]
 [-0.21029123  0.02382908  0.05481949]
 [-0.31555537  0.03629027  0.05586027]
 [-0.03149974 -0.13138375  0.47270393]
 [ 0.02662388 -0.09979816  0.24492853]
 [-0.56302304 -0.21794797 -0.3580335 ]
 [-0.02231511  0.06870582 -0.23792427]
 [-0.22409746 -0.02413492  0.43593031]
 [-0.25517942  0.39742671  0.16851078]
 [ 0.13914236  0.1053081  -0.02891728]
 [-0.11886383  0.31076841 -0.14067853]
 [ 0.15080255  0.26315945 -0.1330938 ]]
Singular Values 
[10.37373117  5.87105054  4.0407543 ]
Singular Vector V (transpose) 
[[ 0.99906225 -0.0309801  -0.03024641]
 [-0.0403001  -0.41000563 -0.91119223]
 [-0.01582763 -0.9115567   0.41086965]]

Kinase HIPK2
Singular Vector U 
[[-0.07982177 -0.04734651  0.18688506 -0.15567004]
 [-0.3256618   0.04596693 -0.06737127  0.0171117 ]
 [ 0.42556474 -0.01618679 -0.41985505 -0.36615175]
 [-0.07306022  0.00586409 -0.24845382 -0.17419915]
 [ 0.15191644  0.13444928 -0.02056461  0.04877032]
 [ 0.04433582 -0.23348592 -0.34007478  0.60859721]
 [-0.03830261 -0.22865511 -0.15002336 -0.12611577]
 [-0.14683364 -0.09190104  0.31129047  0.12319899]
 [ 0.1811505  -0.42226745  0.04098171 -0.05705955]
 [ 0.1575798   0.00473999 -0.11676416 -0.06169423]
 [-0.11828408  0.30253374 -0.0563177  -0.24827441]
 [-0.01251805 -0.00286694  0.09982001 -0.25435197]
 [-0.1785636  -0.03140114 -0.25941967 -0.00358496]
 [-0.32881499  0.05694707  0.07826036  0.07372335]
 [-0.05077543 -0.35076438  0.10572832 -0.23760514]
 [ 0.04070925 -0.21088209 -0.11267104 -0.04386508]
 [-0.52624653 -0.16987257 -0.27141389 -0.06406296]
 [-0.04423134  0.18318155  0.17438812  0.03618161]
 [-0.1842543  -0.1681989  -0.32907603  0.11903073]
 [-0.23349487  0.1975267  -0.26837645 -0.33512018]
 [ 0.16923581  0.15686878 -0.20899633  0.20338549]
 [-0.10881466  0.41000469 -0.09398714  0.17739511]
 [ 0.17082499  0.31303858 -0.15618162  0.07254087]]
Singular Values 
[10.60293072  6.0660651   5.60806112  3.77136718]
Singular Vector V (transpose) 
[[ 0.96902754  0.12780935 -0.03024586 -0.20913055]
 [-0.01260538  0.39601485 -0.86471538  0.30867563]
 [ 0.24518625 -0.39577414  0.12778314  0.87573855]
 [-0.02665399  0.81865734  0.4847927   0.30670143]]

Kinase AKT1
Singular Vector U 
[[ 2.89727199e-02  3.85573328e-01  8.26162863e-02  1.41930694e-01
  -2.60023435e-01  3.96696595e-02 -1.23797264e-01 -3.28654194e-01
   4.15988579e-01 -1.54720435e-01  1.47734412e-01 -1.82462303e-01
   1.25081816e-01 -2.40410516e-01  2.23016944e-02 -1.90219024e-01
   3.38416883e-01 -8.59133352e-02  3.29481568e-03 -1.54189814e-01
   1.45999813e-01 -3.06442646e-01 -8.86405389e-02]
 [-2.52391924e-01 -6.20295266e-02  3.65288857e-01 -2.22176170e-01
  -1.26737226e-01 -1.45306625e-01  3.04887528e-02  2.84040861e-01
   5.60168428e-02  6.63559263e-02  2.10345343e-01  2.45809967e-01
   4.19358553e-01 -3.67988790e-03  2.28821913e-01 -2.97390947e-01
  -1.43672553e-01 -8.25331368e-02 -1.75545977e-01 -2.16607599e-02
   2.56149527e-01  1.08148975e-01 -2.56777685e-01]
 [-8.23715009e-02 -2.61466692e-01  4.18256110e-03  4.90477075e-01
  -4.25528288e-02  1.20658747e-01  3.61475551e-02  3.65020748e-01
   1.18523720e-01  3.43543667e-01 -2.57850358e-01 -1.97926951e-01
   9.96752684e-02 -2.38939612e-01 -9.53490020e-03 -3.34220883e-01
   1.90470057e-01  1.49666368e-01  1.53757845e-01 -5.83409696e-02
  -1.79123629e-03  1.12298025e-01  1.35856173e-01]
 [-3.31127843e-01  2.30655116e-01  9.50451888e-02  7.32266887e-02
   2.12615166e-01 -2.53287137e-01 -2.96755043e-01  9.58768817e-02
   1.27227417e-01  6.39373490e-02 -8.82439942e-02 -2.62687115e-01
   2.99609325e-02  8.16340787e-02 -1.05852679e-01  2.61052764e-01
  -3.61822962e-02  5.70181697e-02 -4.45184429e-01 -3.88734438e-01
  -7.11357194e-02  2.04870370e-01  1.76815869e-01]
 [-1.46273333e-01  8.33489002e-02  1.62061971e-01  2.46048476e-01
  -1.14379872e-01  3.65805344e-01  2.08114770e-01  5.62563375e-02
   1.79292378e-01 -1.46201605e-01  2.17102738e-01  2.17917473e-01
   3.91437812e-01  1.50293433e-01 -3.64941642e-01  3.64165484e-01
   4.25334630e-04  6.06768421e-02  1.30432526e-01  7.68672061e-02
  -2.10180284e-01  1.49104149e-01  9.33625299e-02]
 [-2.98442040e-01  2.77250876e-01  1.09945878e-02  1.15647050e-01
   3.48821571e-01 -3.29684119e-02 -1.36402973e-01  2.66625717e-01
   1.02701704e-01 -3.33114446e-01 -6.33805068e-02  4.23660913e-01
  -3.32284151e-01 -6.35783835e-02 -1.50455578e-01 -2.83522769e-01
  -7.74192603e-02  5.44711868e-02  2.20521572e-01  2.55786903e-02
   4.94252664e-06 -1.64919581e-01  1.31086672e-02]
 [ 4.09088750e-02  1.17156752e-01 -9.10349916e-02 -2.26435505e-01
  -9.03095492e-02 -1.21092974e-01  4.64337140e-01  1.50409791e-01
  -2.86300621e-02 -4.54966538e-02 -3.85245598e-01  2.50157308e-01
   1.31745399e-01 -4.81852057e-01 -1.41181752e-02  1.84403326e-01
   7.78603585e-02 -1.18458219e-01 -1.52874172e-01 -2.31427192e-01
  -1.39580802e-01 -1.73504319e-01  1.40549328e-01]
 [-7.49273150e-02  3.12246159e-01 -1.20598779e-01 -1.14143892e-01
   4.63538981e-02 -3.57773600e-01  1.68615486e-01 -1.25996940e-01
  -2.54800291e-01  6.35098926e-02 -6.60940787e-02 -2.56385584e-01
   2.56675781e-01  1.03654230e-02 -4.13191307e-01 -2.39276637e-01
  -3.00444204e-02 -4.33764212e-04  3.80058075e-01 -6.13891531e-03
  -6.22815279e-02  2.49152031e-01 -2.24697435e-01]
 [-1.85361648e-01  3.42646152e-02 -2.00465845e-01  1.74084682e-01
   1.11148528e-01 -2.18773372e-01 -2.78729427e-01 -7.31859480e-02
  -3.27373990e-02  3.57989353e-01  1.93104937e-01  1.51665351e-01
   1.90547288e-01 -2.57550046e-01  1.49734885e-01  2.50668436e-01
  -9.72874970e-02 -4.53906365e-01  2.30492499e-01  2.41030783e-01
  -4.14133567e-02 -1.33026667e-01  1.64826460e-01]
 [-1.52029364e-01  6.99095916e-02 -9.26038249e-02  1.62331911e-01
   2.08507975e-01  2.17917708e-01  1.96278908e-01 -4.31588105e-01
  -1.57032722e-01  4.56553310e-01  6.40535675e-03  3.87671257e-01
  -3.73998792e-02  1.81855444e-01 -1.91158483e-02 -1.89203473e-01
   1.25058625e-01  1.08567057e-02 -2.16289619e-01 -2.82595703e-01
  -1.12172577e-02 -4.11433499e-02 -1.51768841e-01]
 [-1.99667610e-01  2.48878255e-01  1.38264327e-01 -1.51960305e-01
  -5.60493785e-02  3.98431496e-01 -1.22186560e-01  7.24578055e-02
  -3.58228761e-01 -5.95287297e-02 -2.61781124e-01 -6.18231679e-02
  -1.10266561e-02  1.04942854e-01  2.53742881e-01  1.35549963e-01
   2.99633663e-01 -2.44796293e-01  2.74695842e-01 -1.12085073e-01
   2.91310166e-01  1.96578343e-01  1.20692711e-01]
 [-1.33671803e-01 -3.97555565e-01  1.12738257e-01  1.20314449e-02
   5.07299138e-02 -5.48933856e-02  9.04366286e-02  1.12357627e-01
  -2.55505570e-01 -1.56959209e-01  4.65686958e-01 -1.35096255e-01
  -1.90283616e-01 -1.17491851e-01 -1.77377452e-01  3.49864448e-02
   2.30115219e-01 -2.67805661e-01  1.18545019e-01 -4.48616911e-01
  -1.06483072e-01 -1.37277979e-01 -8.32854270e-02]
 [-1.13324791e-01 -1.89170199e-01  3.94869113e-03 -5.51536308e-01
   1.24063173e-02  2.98292436e-01 -4.24070841e-01 -6.98721542e-03
   1.44057526e-01  2.03038505e-01 -1.29767962e-01  2.32386828e-02
   7.00979620e-02 -1.23768058e-01 -3.55917135e-01 -1.13309346e-01
   1.68189130e-01 -9.68736290e-03 -2.97730769e-02  1.00179904e-01
  -2.93630518e-01 -9.04722541e-02 -7.30329992e-02]
 [ 5.32784071e-01  3.49605939e-01  3.28613956e-01  5.64194023e-02
  -1.04032384e-01 -1.06461481e-01 -1.39094352e-01  3.17852538e-01
  -1.43569338e-01  3.40671654e-01  1.65158935e-01  1.89974419e-01
  -2.09024867e-01 -2.96925340e-04 -1.87692139e-01  5.78068818e-02
   2.03488617e-01 -4.56177366e-02 -6.27665315e-02  3.10202811e-02
  -6.32763692e-02  6.24688216e-02 -4.02118918e-02]
 [ 5.16450527e-02 -1.31344721e-01  2.24420104e-01  1.71949173e-01
   1.76568604e-01 -3.20226353e-02 -3.49736515e-02 -2.55715058e-02
  -2.94875285e-01 -9.08675396e-02 -2.31352392e-01 -8.95000759e-02
   2.41678438e-01  1.05722179e-01 -3.81719180e-01  4.91913213e-03
   2.22680838e-02 -1.11620599e-01 -2.42013031e-01  2.32917268e-01
   3.76772309e-01 -4.68559859e-01  8.20247355e-02]
 [ 4.21895764e-02 -1.59804775e-01  4.08650513e-02  1.67296417e-01
   2.64944343e-02 -8.24719366e-02 -1.46948607e-01 -2.80721609e-01
  -1.51281024e-01 -3.23449477e-01 -2.44142080e-02  2.12781401e-01
  -1.32430716e-02 -3.62217850e-01 -7.08517669e-02 -1.03988629e-01
   2.53737011e-01 -9.62906896e-02 -2.74536260e-01  2.30565926e-01
  -5.42838205e-03  5.58742624e-01  1.12308725e-02]
 [-9.51331921e-02 -6.47563590e-02  5.76565871e-01 -5.95960942e-02
  -1.47967439e-02 -2.38012038e-02  2.47503564e-01 -2.90533425e-01
   2.52232220e-01  1.59037086e-01 -1.50159764e-01 -1.04367140e-01
  -3.35847637e-01 -4.40839885e-02 -9.97939324e-02 -6.83704891e-02
  -2.79494050e-01 -3.08144139e-01  1.23859007e-01  7.70906385e-02
  -2.29545290e-02  1.10631364e-01  2.13257063e-01]
 [-1.00283625e-01  2.41392446e-01  1.63385019e-01 -1.67371806e-03
   1.44275418e-01  3.47883012e-01  4.65608788e-02 -3.05883358e-02
  -3.47705115e-01  5.31888385e-02  2.57195866e-01 -2.60291462e-01
  -2.37841918e-02 -4.97713437e-01  9.94606440e-02 -1.28500623e-02
  -3.10178838e-01  3.10796713e-01 -1.30578150e-01  1.31746678e-01
  -9.47144281e-02 -8.38790092e-02 -2.90319314e-02]
 [-2.74022876e-01  1.47149823e-02  2.77065001e-01  1.23144222e-01
  -4.56555255e-02 -2.16052678e-01  7.57378722e-02 -1.50939788e-02
  -1.13035507e-01 -3.30597841e-02 -1.79692475e-01 -7.28993603e-02
  -4.44900516e-02  1.53691932e-01  2.88950942e-01  1.12149240e-01
   3.38665321e-01  8.94898556e-02 -2.26463181e-02  3.10409673e-01
  -4.96300065e-01 -1.99446060e-01 -3.15010616e-01]
 [-8.72745951e-02 -1.85507615e-01  2.18404049e-01 -1.66286988e-02
  -1.90227054e-01 -2.33744705e-01 -2.05546024e-01 -2.33605465e-01
  -7.02565410e-02  9.51934018e-02 -8.96826470e-02  2.41326896e-01
  -4.03403335e-02 -1.79881892e-01 -5.77367059e-02  3.10074724e-01
  -2.44928223e-03  5.49518644e-01  3.15550403e-01 -1.80635108e-01
   2.64386363e-01 -5.24741854e-02 -4.21187301e-02]
 [-2.96885957e-01  3.20706730e-02 -2.36165180e-01  2.57171404e-03
  -1.59833449e-01  5.15708561e-02  1.94632983e-01  1.61003337e-01
   1.57346598e-01  1.60453286e-01  3.07414718e-02 -9.41890266e-02
  -3.57770872e-01 -1.11947157e-01 -2.28777660e-01  2.72815142e-01
   8.60441896e-02 -6.53346430e-02 -1.61648495e-01  2.64773414e-01
   3.84032303e-01  8.18538729e-02 -4.16331183e-01]
 [-2.94733668e-01  7.32978994e-02 -1.19691218e-01 -1.51279389e-01
  -3.78844356e-01 -1.55509933e-01  1.17596012e-01 -4.21208832e-03
  -1.63837028e-01  7.11315211e-02  2.55479708e-01  3.28520864e-02
  -1.25205557e-01  1.34346130e-01 -7.94328140e-02 -2.18009827e-01
   1.96420395e-01  1.83261743e-01 -1.28816472e-01  2.04953261e-01
   1.71823618e-02 -6.74649252e-02  6.06274200e-01]
 [-8.99975561e-02  2.31334227e-02 -8.45985068e-02  2.44205059e-01
  -6.25676601e-01  7.76903828e-02 -2.52923765e-01  1.18442271e-03
  -2.46509896e-01 -8.41882840e-02 -1.98786090e-01  7.34001024e-02
  -9.44278387e-02  3.70628425e-02 -1.11832800e-01 -1.02444557e-01
  -4.20548897e-01 -1.95946078e-01 -1.02465836e-01 -1.62785794e-01
  -1.91655899e-01 -6.66164998e-02 -1.53684646e-01]]
Singular Values 
[18.85727965 15.2049917  13.33820851 11.11781125 10.28982814  9.84772426
  7.48924746  7.17383342  6.32482517  5.36525649  5.31198552  5.09060322
  4.60939213  3.97258398  3.74074158  3.34876324  2.67690467  2.48319316
  2.22954137  1.89922637  1.44511566  0.95647983  0.8058834 ]
Singular Vector V (transpose) 
[[ 9.94305885e-03  1.30076731e-01 -1.91718160e-01 -5.61549629e-02
  -3.25081960e-02  6.49571338e-01  4.31621236e-02  5.60078740e-02
   2.81397565e-01  2.66586809e-01  4.32179350e-02  2.14336753e-02
   3.17710678e-02  1.30761589e-01  2.97541016e-01  4.82347005e-02
   4.33905842e-02 -3.27471701e-02  1.61483780e-01  1.31107621e-02
  -3.35146221e-02  1.96248480e-01  1.38600122e-01  1.04249703e-01
   3.91139339e-01 -6.67737738e-03 -3.96681358e-02]
 [-1.09499461e-01  9.30463236e-02 -8.27872749e-02  4.04429276e-02
   1.10935163e-01 -8.42986595e-02 -6.26519840e-02  3.54015254e-02
   1.88010996e-01  1.17732869e-01 -7.45636122e-02  1.39038694e-02
  -1.48872866e-01 -8.96886944e-02 -2.87463947e-01  2.36079055e-01
   5.01336042e-03 -8.68265787e-02  1.63346683e-02  3.78867732e-02
  -6.61921992e-02 -7.26772378e-01  6.30761701e-02  8.38260073e-02
   4.00280014e-01  3.35556095e-03 -9.82179239e-02]
 [-5.79476960e-01  1.54335366e-02  3.92836960e-02 -2.76562306e-02
   4.34440807e-02 -3.98453524e-01  1.11668129e-01  1.13592342e-02
   3.88089790e-01  1.67837488e-01 -2.04772214e-02 -1.22411009e-01
   2.49790057e-01  7.25248216e-02 -8.10318879e-02  1.57802820e-01
  -6.11362487e-02 -7.13432634e-03 -6.15411206e-02 -2.23467229e-02
   9.72191342e-02  3.40300532e-01  4.05524048e-02  6.94070400e-02
   1.40933099e-01  1.45615252e-01  1.19331765e-01]
 [ 5.00670641e-01 -2.13301567e-01  1.47784921e-01 -1.15034875e-02
  -1.21435940e-01 -3.86841215e-02  1.27578532e-01 -1.03674906e-02
  -1.39813073e-02  6.84219241e-02  3.12029684e-02 -1.72679567e-01
   2.09318300e-01  4.06286207e-02 -3.58508737e-01 -1.17188957e-01
  -6.29568761e-02  1.27216249e-01 -2.83283351e-01  1.49876386e-01
   2.38128343e-01  1.39106722e-01 -1.46678193e-03  1.23415853e-01
   4.42070701e-01  1.20066349e-01 -4.29470724e-02]
 [ 8.33296077e-02 -8.65793981e-03 -3.11972109e-01 -1.88000071e-01
  -1.09308403e-01  3.73367600e-02 -3.12368768e-02 -4.46709039e-01
   1.64324829e-01  3.71270058e-01 -1.15775200e-03 -2.32972075e-01
  -2.48062207e-01 -4.10287075e-01 -1.47976828e-01 -9.41005681e-04
  -1.00718432e-01  2.00386079e-01 -1.20971157e-01 -2.23221467e-01
   1.62774021e-02  6.44056580e-02  1.15549695e-02 -1.11445787e-01
  -1.83789011e-01 -5.75116346e-02  8.20998305e-02]
 [ 2.92898087e-01  1.98003466e-01  2.09572499e-01  1.30673116e-01
   2.42030979e-01 -1.54322703e-01  1.68665814e-01  1.59319090e-01
   3.54654908e-01  3.73906598e-02 -1.22193784e-01  1.15840332e-01
  -3.95216456e-01 -4.84408269e-02  3.01774014e-01  2.00606638e-01
   4.67393437e-02  2.99650734e-01 -8.14457162e-02  1.73488766e-01
   2.56345675e-01  3.60943137e-02 -1.06513998e-01 -9.27797483e-02
  -7.32653087e-02  7.43652616e-02  7.63433884e-02]
 [ 3.28786453e-02 -3.72277814e-01 -2.02792635e-01 -1.63609620e-01
   7.16142084e-02  3.83076789e-02  1.04596673e-01  1.93494297e-01
   1.77052320e-01 -3.75994693e-02 -1.25363410e-01 -5.59389908e-02
   1.66428768e-01 -1.07247611e-01  8.02459082e-03 -4.68698032e-02
   1.17627721e-01  3.43490366e-01  1.90445028e-01  2.05364310e-01
  -2.12489350e-01 -1.35398932e-01 -6.54370234e-02  5.08757833e-01
  -2.83993998e-01  1.54667434e-01  5.43053258e-02]
 [ 1.74013879e-01  3.03070111e-01 -2.32529599e-01  4.75692602e-02
   3.03591987e-01 -5.31427392e-02 -6.06852065e-02  1.45550905e-01
   1.38498718e-02  5.45352311e-02 -8.93413709e-02 -8.57450193e-02
   1.66363461e-01 -4.38667882e-03 -2.98681823e-01 -1.35988277e-02
  -3.09725127e-01 -5.98448398e-02  2.55149139e-01  3.66679969e-01
   3.50853633e-02  1.51038306e-01  3.68541545e-01 -1.01669643e-01
  -2.05851056e-01 -2.16324682e-01 -8.74214775e-02]
 [-3.78048086e-03  6.15459762e-02  4.59220287e-02  1.15431358e-02
  -1.40322978e-01 -1.06795159e-02 -1.36650499e-01 -6.77429044e-02
   2.55529968e-01 -2.43716446e-01  4.21315458e-01 -8.66779295e-02
   1.06032278e-01 -4.63215374e-01  1.99316552e-01 -1.08451442e-01
  -2.10915461e-01 -2.57888553e-01  4.41868814e-02  3.92532998e-01
   3.01191725e-02 -4.64564140e-02 -2.77170053e-01  4.58519259e-02
   7.23860382e-02 -5.85408354e-02  7.86845185e-02]
 [-8.04835376e-02  3.52944011e-01  8.09362577e-03  8.04249592e-02
  -2.96946106e-01 -1.03271939e-01 -4.89687369e-02 -3.60045603e-01
  -3.14878628e-01  6.97472258e-02 -1.81820729e-01 -8.71779553e-02
  -7.84715469e-02  9.25144608e-02  2.24545120e-01  1.58111726e-02
  -5.15408590e-02  4.66976171e-02  1.52236873e-02  2.77326170e-01
   2.06432775e-01 -7.26709106e-02  1.79108478e-01  4.71864702e-01
  -2.65506986e-02  1.90054676e-01  7.14627109e-03]
 [ 6.82904083e-02 -9.49832730e-02  2.20673728e-01  1.16187749e-01
  -3.17144553e-01  1.01727572e-01 -1.62212188e-01  1.49399564e-01
   1.95580861e-01  2.84535262e-01 -1.40251541e-01  5.63833072e-02
   4.13389285e-02 -1.23570845e-01 -1.26811021e-01  1.51238274e-02
   4.08982951e-01 -3.90499547e-01 -1.15790203e-01  1.93479441e-01
   2.12456975e-02 -2.58547527e-02  2.66378317e-01 -1.07623709e-01
  -3.05171148e-01  1.54162157e-01  1.34356246e-01]
 [-6.33092801e-02  7.01331646e-02 -1.84285095e-01  1.44233870e-01
  -1.72902705e-01 -6.28232226e-02  1.42131164e-01  4.12291458e-02
  -8.63029020e-03 -2.34200586e-01 -4.34588336e-02  6.25550910e-01
   8.31283576e-03 -4.53621579e-01 -1.28221156e-01 -5.90691952e-02
   1.15991881e-01  1.38396604e-01 -1.92458857e-02 -1.14975940e-01
   7.13113057e-02  1.87898029e-01  2.62779543e-01  1.14228031e-01
   1.56377087e-01 -4.63716684e-02 -1.06645851e-01]
 [ 3.34020148e-01  1.14913530e-01  1.63983825e-01 -3.22226717e-01
  -8.88034328e-02 -2.95233669e-01  5.78955006e-02 -6.87752520e-02
   1.90225790e-01  1.04200907e-01  1.19123322e-01  8.05289328e-02
   3.62957555e-01  2.77597348e-02  2.60662643e-01  7.97404651e-02
   3.98340172e-02 -1.18302287e-01  1.71632888e-01 -3.71648984e-01
   8.50650406e-02 -1.66560383e-01  1.67934467e-01  1.42480491e-01
  -1.02806982e-01 -2.13697621e-01 -2.09672207e-01]
 [-9.59094309e-02 -1.86570522e-02  2.60419986e-01 -2.16631820e-01
  -2.96741129e-01  2.29419960e-01 -1.09271375e-01  6.03468220e-02
   2.93966926e-01 -5.09876781e-01 -9.27190399e-02 -1.72264424e-01
  -2.16718795e-01  1.17020961e-01 -1.80329793e-01  3.70654863e-02
  -2.64301246e-01  1.42711902e-01  7.53543578e-02 -1.46683170e-01
   1.51836546e-01 -3.93825602e-02  2.99982616e-01  5.82453406e-03
  -8.82505628e-02  2.82899079e-03  1.94210835e-02]
 [ 6.98856571e-02 -5.17467321e-01 -2.96775674e-01  1.08368240e-02
   8.35398389e-03 -1.53436281e-01 -2.32922767e-01 -9.92930028e-02
   4.43527449e-02 -1.13525183e-01 -4.59416981e-01  4.67771167e-02
  -6.25444487e-03  1.40802243e-02  3.49745034e-01  1.02685606e-01
  -1.89921057e-01 -2.27744363e-01 -2.81317565e-02  7.40601961e-02
   1.94576443e-01  1.82131447e-02  9.03533230e-02 -1.34405429e-01
   1.50089912e-01 -8.88724598e-02 -3.39982859e-02]
 [ 4.53563763e-02 -5.72843505e-02  2.46353861e-01 -2.72167097e-02
  -3.91252046e-03  1.22235402e-01  1.02009751e-01  2.24046364e-01
  -3.13548965e-01  1.48710868e-01 -1.04010501e-01 -3.11547877e-02
   5.71011603e-02 -3.85546999e-01  3.75602918e-02  4.62648087e-01
  -4.05316834e-01 -1.07765204e-01  1.57356095e-01 -1.59201987e-01
  -9.20426034e-02  8.50768390e-02 -2.84483468e-02  1.42792084e-02
  -1.28942141e-04  3.39051991e-01 -2.03064907e-02]
 [-5.85631144e-02  8.32161323e-02 -6.92929064e-02 -1.43148684e-01
   1.23609203e-01  2.62311217e-02  2.86962249e-01  4.92659236e-02
  -1.09081615e-01 -7.08664505e-02 -6.53499848e-02 -1.29565210e-01
   2.21215711e-01 -1.60840032e-01  1.97660969e-01 -3.77438350e-01
   4.57686138e-02  6.27012725e-02  7.21905450e-02 -5.23036316e-02
   1.99132238e-01 -2.88104237e-01  2.56508263e-01 -3.45651712e-01
   9.89918856e-02  3.06793164e-01  3.78777547e-01]
 [-1.14619160e-02 -2.77687168e-01  2.93407656e-02  3.71373834e-01
   3.57421707e-02 -5.22902600e-02  3.04168788e-02  4.20443365e-02
   8.45876650e-02  2.47045172e-01  3.98938859e-01  1.74082740e-01
  -1.56303400e-01  1.61783811e-01  1.13861318e-01 -2.51928486e-01
  -4.40037183e-01  5.71727601e-03 -1.06118167e-01 -1.13089694e-01
  -4.60295104e-02 -1.33564300e-01  3.27314643e-01  1.34372741e-01
  -1.24971029e-01  1.12175240e-01  3.90897121e-02]
 [-5.75227110e-02  9.08209824e-02 -3.61917312e-01  5.05334346e-02
  -4.36123161e-01  6.07575004e-02  4.40422955e-01  2.90626360e-01
   2.88371886e-02  5.65943632e-02 -4.47749342e-02  1.05323613e-02
   6.99837633e-02  1.60775565e-01 -3.36939210e-02  5.88954460e-02
  -1.96025801e-01 -9.36653583e-02 -1.59063263e-01  1.49557035e-02
   2.52155299e-01 -1.68745038e-01 -3.00753523e-01 -9.98940185e-02
  -2.19820588e-01 -8.02268158e-02 -1.45268915e-01]
 [-1.99913138e-01 -8.89531451e-02  3.29986622e-01 -5.07166081e-01
  -7.59638913e-03  1.15887844e-02  2.28203305e-01 -7.56339021e-03
  -8.13606473e-02  2.45242921e-01 -1.71370520e-01  2.53797280e-01
  -1.66875480e-01 -3.62529361e-02  3.34467518e-02 -2.56654303e-01
  -1.86750990e-01 -1.67866868e-02 -1.29866582e-01  3.30396497e-01
  -1.57133547e-01 -1.71981961e-02  2.21822609e-02 -4.64621232e-02
   5.34900919e-02 -2.69746638e-01 -1.12001278e-01]
 [ 6.70504511e-03 -1.73898590e-01 -1.03050382e-01 -2.05953993e-01
   1.12407736e-01  7.21108400e-02  2.70457266e-01 -4.01105864e-01
   1.82632952e-03 -1.65752328e-01  3.36806730e-01  1.79481481e-01
  -1.33147202e-03  1.62716933e-01 -6.34272797e-02  3.78257581e-01
   1.09543832e-01 -6.89271103e-02 -1.36167259e-03  2.73625095e-01
   3.44943126e-02 -1.69589152e-02  1.62046804e-01 -2.03269630e-01
  -1.26326801e-01  3.19373398e-01 -1.98653204e-01]
 [-1.14515498e-01 -2.67765945e-01  1.45409038e-01  1.58264380e-01
  -1.44585563e-02 -1.89622563e-02  2.00907963e-01 -6.76075524e-02
  -6.59950764e-02  1.41657524e-01  6.55169165e-02 -1.14964382e-01
  -2.26906651e-01 -6.78551931e-02 -1.29432733e-01 -1.31413537e-01
   1.65366654e-01 -6.92635634e-02  6.59412857e-01 -4.48492115e-03
   4.16416459e-01  3.67937277e-02 -8.97807697e-02  1.11974194e-02
   4.22583784e-02 -1.36251895e-01 -1.45486214e-01]
 [-2.46004501e-01 -1.15247388e-01  1.95982413e-02 -4.68617151e-02
   1.27691188e-01  1.21864278e-01 -1.94312239e-01  2.55679828e-01
  -2.23168599e-01  6.32166189e-02  2.49032925e-01 -2.23520742e-01
   9.30029702e-02 -1.92980685e-01  1.66489197e-01  1.69092515e-01
   1.69054193e-01  2.58933872e-01 -3.24241421e-01  6.32522129e-02
   3.57624819e-01 -7.37216437e-02  2.20700735e-01  9.97915824e-03
  -5.81052791e-02 -2.38149965e-01 -2.72695814e-01]]

Kinase ROCK1
Singular Vector U 
[[ 2.67470552e-01 -2.67821254e-01 -2.55138363e-01  1.98476488e-01]
 [ 9.21217566e-03  6.95621714e-02  8.18395604e-02  2.69982048e-01]
 [ 3.91785834e-02  1.90500756e-01 -2.15483506e-01  3.58815320e-01]
 [ 1.69925857e-02 -1.11657798e-01  7.05987194e-01  1.08160825e-01]
 [ 1.90593769e-01 -1.37354421e-01 -1.02574677e-01 -1.85491797e-01]
 [ 1.15017944e-01  3.70036263e-01 -3.80444191e-02  1.89605599e-01]
 [ 4.19409743e-02  2.02541816e-01 -1.16712534e-01  1.44406691e-01]
 [ 9.00407756e-02 -4.56087782e-02 -3.07011366e-01 -1.87665320e-02]
 [ 7.38670146e-02  2.46186763e-01 -2.31259608e-02 -7.92208375e-02]
 [ 1.65356153e-01  5.35697669e-02  6.40507771e-02 -2.99983424e-01]
 [-4.26164654e-02 -2.94804390e-02 -3.09021738e-01 -1.64394410e-01]
 [ 9.88512588e-02  1.50690558e-01  5.43355970e-02 -1.96588852e-01]
 [-1.52687694e-01  8.97091058e-02  2.99485879e-01 -8.08902289e-02]
 [-2.96278359e-01  2.29771611e-01 -1.30398560e-01  1.03978489e-01]
 [-5.57581614e-01  1.88285860e-03 -1.02824587e-01 -2.03784898e-01]
 [-3.13957561e-02  5.47192143e-01 -4.08895856e-02 -6.67809852e-02]
 [ 9.19870522e-02  6.30639853e-02  2.93978222e-02 -3.07356110e-01]
 [ 7.23907267e-02  1.87614071e-01 -5.42015121e-02 -3.20267716e-01]
 [ 1.69029542e-01  1.99244228e-01  7.04082945e-02  3.40834369e-01]
 [-2.61148987e-02  3.20400623e-01  8.15464013e-02 -1.97522188e-01]
 [ 3.49161555e-01 -4.81871358e-04  1.07204715e-02 -2.74382720e-01]
 [ 3.75589812e-01 -2.39850680e-02 -4.78480932e-02 -4.43109383e-02]
 [ 3.06314950e-01  2.15295446e-01  1.53853256e-01  3.08799980e-02]]
Singular Values 
[11.9335774   6.95231559  6.17060453  3.47013142]
Singular Vector V (transpose) 
[[ 0.05117073 -0.30381421  0.3860719  -0.86949811]
 [-0.2925424  -0.56042157 -0.75850122 -0.15818502]
 [ 0.94567884 -0.04939293 -0.31433814 -0.06665888]
 [-0.13225744  0.76888551 -0.42049485 -0.46314914]]

Kinase PAK1
Singular Vector U 
[[ 0.01251647  0.21888451  0.10753076  0.26878884 -0.25095756 -0.29758104
   0.09968599  0.16646544]
 [ 0.14072365  0.00909269 -0.16679109 -0.0110618   0.02510513 -0.16454493
  -0.32279518 -0.29588554]
 [ 0.06886669  0.2690658  -0.14471792  0.19700016  0.66225512  0.03974095
   0.33224909 -0.20054554]
 [ 0.11820351  0.08388571  0.03115763  0.06646468 -0.19617976 -0.24053837
   0.02145496 -0.09580708]
 [-0.13182429  0.11501843  0.2347303  -0.20118373  0.17113287  0.02052503
  -0.40151419 -0.09944994]
 [ 0.09014331  0.01616385 -0.19342125 -0.16043963  0.23780057 -0.04154603
  -0.42255139 -0.28675331]
 [-0.0179287  -0.22153886 -0.07386151  0.3001965   0.2350811   0.14722142
  -0.12619865  0.23660502]
 [ 0.07571457  0.0807759  -0.06323513  0.2701843  -0.06461183 -0.40041676
  -0.13152203 -0.15244755]
 [ 0.33017199  0.00897285  0.05341607  0.10717473  0.05216831 -0.17869543
  -0.01290628 -0.0239129 ]
 [ 0.3538732   0.00849269  0.0362393   0.04951407  0.18992766 -0.17308218
   0.19481751  0.11417405]
 [ 0.39004887  0.14562167 -0.43816728 -0.27143448 -0.12317952  0.01727333
  -0.05413975  0.43947107]
 [-0.26861664  0.26267032  0.42280485 -0.13266402  0.13522386 -0.30765799
   0.05194795 -0.03003334]
 [-0.01324213  0.14065702  0.19759348  0.00723137  0.25512751 -0.13474241
  -0.16643504  0.60421613]
 [-0.21885809 -0.15231332 -0.31134572  0.54409871  0.00768422 -0.16849013
  -0.16112564  0.03174226]
 [-0.12730734  0.40063925 -0.18877473  0.17825782 -0.11059159  0.09567023
  -0.15340609 -0.00068452]
 [-0.09165509  0.39359895 -0.0318117   0.08079037 -0.29702283  0.11596136
   0.18599225 -0.11688548]
 [ 0.29577915  0.06587856  0.14263087  0.04371451 -0.17799118  0.31211134
   0.06856607 -0.21233789]
 [ 0.20644513  0.21058854 -0.05124624 -0.21787498 -0.04851451 -0.31395633
  -0.17925342 -0.03127856]
 [ 0.20000285  0.14638692 -0.05731026 -0.08601813  0.18951985  0.01802213
   0.24726808 -0.09293649]
 [ 0.03925688  0.49909905  0.09331295  0.21887099  0.04341045  0.39250342
  -0.27884917  0.10063084]
 [ 0.25677662 -0.14122645  0.40976815  0.15531127  0.00224863 -0.05518371
  -0.08650125  0.00223977]
 [ 0.25429701 -0.00958132  0.11198342  0.21562679 -0.04499485 -0.00857826
   0.06902853 -0.10779611]
 [ 0.31033003 -0.1243223   0.27162376  0.20039109 -0.04823967  0.24760283
  -0.24189067 -0.01254224]]
Singular Values 
[13.88889655  9.79984185  9.44082355  5.71636312  4.24748979  3.18211566
  2.84385991  2.46553843]
Singular Vector V (transpose) 
[[-0.31158983  0.06514841  0.30657904 -0.25158487  0.07963849 -0.73290303
  -0.43743674  0.08088124]
 [ 0.13290803 -0.08334097 -0.57176648 -0.79116908 -0.05335735 -0.0087453
  -0.02228521  0.13821796]
 [-0.45459913 -0.14739824  0.49418518 -0.39722159 -0.39954191  0.2609575
   0.37437604  0.04146605]
 [ 0.54722375 -0.42090513  0.13467222  0.1254876  -0.56890614 -0.31016435
   0.03420969  0.26167702]
 [-0.45537054 -0.74081843 -0.29153977  0.23528135  0.2243169  -0.0495406
   0.03922529  0.22172509]
 [ 0.39938137 -0.24002145  0.45174972 -0.251006    0.66766838  0.0805302
   0.16293307  0.19232535]
 [ 0.10850175 -0.42809687  0.11104651 -0.13690526 -0.04653253  0.16413864
  -0.40851394 -0.76019448]
 [-0.02219453  0.01527819  0.12382332  0.01095618 -0.09622033  0.51244029
  -0.68691724  0.49001329]]

Kinase PIM1
Singular Vector U 
[[ 6.18880721e-02  4.14357177e-01  5.58912186e-02]
 [ 6.63013656e-02  1.41411837e-01 -4.24537479e-02]
 [ 8.05656901e-01  1.40474161e-02 -2.51636342e-01]
 [ 1.97496067e-02  1.65928151e-01  1.37077412e-01]
 [ 1.37281581e-02  2.70405166e-02 -1.46198300e-01]
 [-1.62998702e-01 -2.02268564e-01  5.51709469e-02]
 [ 3.52757245e-01  4.74295154e-02  1.19216786e-01]
 [-1.52727623e-01  1.41118069e-01 -2.02158227e-01]
 [-1.97383286e-02  1.33161163e-01  3.45863695e-02]
 [ 2.33186542e-02 -4.27484654e-01 -2.99456517e-01]
 [ 2.42722932e-02 -2.51702363e-01  4.12058541e-02]
 [ 1.10238781e-01 -6.23654401e-02 -2.19214947e-01]
 [ 4.30819667e-02 -3.10212088e-01 -1.13405657e-01]
 [ 1.98707227e-02 -2.65916887e-01  1.15753347e-01]
 [-2.50185587e-01 -2.01539777e-01  4.19945923e-04]
 [ 1.73206647e-01 -1.73322309e-01  2.40230607e-01]
 [-1.45947616e-02 -1.22778867e-01  4.32502985e-01]
 [-8.13192043e-02 -1.00869867e-01 -1.63703685e-01]
 [-3.15700425e-02 -1.39540505e-01 -2.47015074e-01]
 [ 1.66541555e-01 -9.42140761e-02  5.56424964e-01]
 [ 6.03995983e-02  4.61696275e-02  9.14433548e-02]
 [-1.15023991e-01  3.32394485e-01 -1.23978006e-01]
 [ 8.26068570e-02 -2.12692195e-01  2.55915955e-02]]
Singular Values 
[7.58074658 4.94084027 3.34048701]
Singular Vector V (transpose) 
[[ 0.155259    0.96897872 -0.19228856]
 [-0.33055966  0.23438686  0.91421721]
 [ 0.93092693 -0.07837761  0.35669595]]

Kinase GSK3B
Singular Vector U 
[[-1.05750798e-01 -1.08922643e-01 -1.21862646e-01 -1.34356120e-01
   1.28427044e-01 -1.98088613e-01  1.35878790e-01 -5.34942292e-02
  -3.46494314e-02 -3.03730218e-01 -2.93688811e-01 -1.77915035e-01
   5.50661075e-02 -2.96114136e-01 -4.24115765e-02  7.10424469e-02
   1.04624239e-02 -4.13328435e-02  5.64842947e-01 -4.13410155e-01]
 [-2.31585507e-01 -1.93985247e-01 -3.57599600e-01  1.63518150e-02
  -1.26401875e-01  1.46945740e-01 -3.35092937e-01  2.22858104e-01
   9.91306818e-03 -1.49830372e-01 -4.50109149e-01 -1.81035528e-01
  -5.29653344e-02  4.20726478e-01 -1.15456556e-01  5.12109799e-02
  -7.10139804e-02  1.39970228e-01 -2.10139491e-01 -8.82938355e-02]
 [-1.63601442e-01 -1.91880940e-02  8.27888572e-02 -2.70183463e-01
  -2.54488358e-01  8.46469371e-02 -1.81838397e-01  1.90206618e-01
  -2.69836178e-02 -9.85122593e-02 -5.80469914e-02 -1.87405710e-01
   1.05623481e-01 -6.52220111e-02  3.48371060e-01  1.25598674e-01
   3.20525204e-01 -1.66618739e-01 -1.23550316e-02  1.12210770e-01]
 [-8.77514027e-03 -1.36268871e-01 -9.17101912e-02 -5.09367132e-02
   2.23775504e-01 -1.22214383e-01 -1.74114374e-01 -1.07395335e-01
  -3.75252149e-01 -3.95366620e-01  6.51020877e-02  1.79291277e-01
  -7.82706680e-02 -1.66956213e-01 -3.58634677e-01  9.31252253e-02
   3.38001768e-01 -1.22025701e-01 -6.18447477e-02  3.46612818e-01]
 [-6.03661741e-02  1.93192317e-01  1.25087951e-01 -2.11547659e-01
   1.99891563e-01 -1.91483817e-01 -6.19717629e-02 -3.16340678e-01
  -1.07941974e-01 -8.72373085e-03  1.53803216e-01 -2.34645509e-01
   1.88636080e-01  4.58238725e-01 -2.42856973e-01  2.48819091e-01
  -1.45573015e-01 -3.42297305e-01 -1.51702313e-01 -2.62225881e-01]
 [ 1.31390074e-01 -4.07155469e-01  1.68159420e-01  6.47826490e-03
   1.19607097e-01  9.83852763e-02 -2.05755069e-01 -3.09793064e-01
   5.11362963e-01 -2.35079232e-01 -1.43869659e-01  5.42903381e-02
  -1.37371649e-01 -1.68051870e-03  1.03922324e-01 -1.00566226e-01
  -2.70278424e-01 -2.58774768e-01  7.94757530e-02  9.27830684e-02]
 [-1.09113834e-01  6.06399461e-02  1.14391658e-01 -7.00049400e-02
  -3.26146317e-01  5.00010668e-02 -2.71626932e-01 -1.15325458e-01
   1.22096725e-01 -4.00558494e-01  2.02158098e-01  2.08016185e-01
   5.06206953e-01 -7.76700905e-02 -1.34462611e-01 -3.46394612e-02
  -4.80991256e-02  3.08133195e-01 -6.70184082e-03  5.53111331e-03]
 [-1.65055385e-01 -8.69891921e-02 -6.53161183e-02  2.27569586e-01
   2.69416291e-01 -1.87147778e-01 -3.11878223e-01  3.78298017e-01
  -1.65130850e-01 -1.03138812e-01  3.79847991e-01  1.35435830e-01
   3.24408107e-02 -4.77512672e-03  2.04810101e-01 -3.12278312e-01
  -2.22664639e-01 -4.36722407e-02  1.87788164e-02 -3.48104034e-01]
 [ 1.53096842e-02  6.22376809e-02 -8.04672820e-02  1.62349489e-01
   3.45299836e-01  5.48957479e-01 -9.57361617e-03  8.01447046e-02
  -1.07983201e-03 -7.09013683e-02  2.09839719e-01  2.86596259e-02
  -6.60192448e-05  2.58589379e-01 -5.40081088e-02  3.14538839e-01
  -6.05768223e-02  1.85477346e-01  4.46024098e-01  1.81167697e-01]
 [-1.47290066e-01  2.05613214e-01  1.07158711e-01  4.87706472e-03
  -1.08210436e-01  4.96089569e-01  2.23386701e-01  2.20432858e-02
