Method Singular Value Decomposition(One of the PCA methods)
X = U(SIG)V*

X shape (nxm)

U shape (nxn)

(SIG) shape (nx1)

V shape (nxm)

Kinase VRK1
Singular Vector U 
[[-0.09015159  0.13431649  0.12386575]
 [ 0.057551    0.04465504 -0.22818491]
 [-0.32687451 -0.09426171  0.39032132]
 [ 0.19915792 -0.25418249  0.13209471]
 [-0.14192923  0.20038467  0.11126948]
 [-0.14797516  0.04617634  0.12147848]
 [-0.22018135  0.06803087  0.12928677]
 [-0.37687077 -0.07571282 -0.32038956]
 [ 0.34218515  0.00670309 -0.07083291]
 [-0.15686349 -0.05334589  0.1499466 ]
 [-0.20474182  0.04211163  0.08933313]
 [-0.11595586 -0.05459079 -0.23662345]
 [ 0.10793473  0.1254316   0.00859371]
 [-0.13727684  0.10490416 -0.51719982]
 [-0.24590116 -0.36539098  0.01512683]
 [-0.07418412 -0.2895812  -0.22150875]
 [-0.20400066  0.10440651  0.25958617]
 [-0.27460702  0.00735563  0.05411634]
 [-0.25788042 -0.21668516  0.0258147 ]
 [-0.32719574  0.02481396 -0.19969122]
 [ 0.0128704   0.40835217  0.19013681]
 [-0.11713681  0.45995926 -0.01093069]
 [-0.10723412  0.40649354 -0.24662096]]
Singular Values 
[10.31327408  8.41032361  4.71827579]
Singular Vector V (transpose) 
[[ 0.96314533  0.24985343  0.09962092]
 [-0.10032387 -0.00995338  0.99490505]
 [ 0.24957201 -0.96823251  0.01547971]]

Kinase MELK
Singular Vector U 
[[-0.1743737   0.05334382  0.34028253 -0.57147294 -0.1895423  -0.18707232]
 [ 0.00058661  0.45698652  0.11684086 -0.29942774 -0.11878749 -0.11540578]
 [ 0.06507416  0.19716671 -0.01946402  0.1070777   0.01400383 -0.23541694]
 [-0.15578267  0.13265925  0.18674659  0.05210176 -0.103623   -0.03272468]
 [-0.10584354  0.38240213  0.16745048  0.06644197 -0.03949617  0.00929042]
 [ 0.22580634  0.04823094 -0.2020406   0.22132976  0.10152322 -0.27870595]
 [ 0.16608824  0.10724516 -0.34349651 -0.12070158  0.14786853 -0.22232526]
 [ 0.26725292 -0.05318454 -0.41888395 -0.06065649 -0.39141853 -0.16646443]
 [-0.38317898 -0.08006228 -0.29810499 -0.03036446 -0.15283623  0.25583789]
 [ 0.04512659  0.10830892  0.16271861  0.28283194  0.13977907 -0.13471887]
 [ 0.50893415  0.15039225  0.23557823  0.19340026 -0.26785433  0.15653875]
 [ 0.08495324  0.24234453 -0.14005623 -0.15793377  0.42454332  0.03907715]
 [-0.01572477  0.14699091 -0.06550987  0.09443331  0.34870786 -0.05670714]
 [ 0.25900663  0.13531492 -0.04952222 -0.06674722 -0.07842522 -0.07124873]
 [ 0.15377506 -0.35776396  0.26441554 -0.02481409 -0.17406456 -0.37848597]
 [ 0.15152993  0.1249971  -0.08276621 -0.17014508  0.02077582  0.1894753 ]
 [ 0.12075188  0.13151729 -0.05533838 -0.23823211 -0.11488395  0.03751223]
 [ 0.38431698 -0.18247517  0.36673122 -0.08047261  0.28922315  0.35527347]
 [-0.28939993  0.09158374  0.20868164  0.28934042  0.12669768 -0.23908464]
 [ 0.03401514  0.01232089 -0.09523313 -0.31840923  0.29096106 -0.01185655]
 [-0.04280634  0.39297847 -0.0483209   0.23526316 -0.2920381   0.35256888]
 [ 0.03764862  0.16989437  0.0617775  -0.07356463  0.12601342  0.09621173]
 [ 0.02041423  0.20857136  0.05195898  0.05136373 -0.0025384  -0.35316143]]
Singular Values 
[13.17542724 10.94400295  8.61175373  5.74607422  4.49045527  3.55712285]
Singular Vector V (transpose) 
[[-0.03386151  0.12564196  0.51352515  0.04177653 -0.04281096 -0.84603863]
 [ 0.10132003 -0.72903862 -0.05698198 -0.06760035 -0.66089099 -0.11680447]
 [-0.0919839   0.24782693  0.69838807  0.07757064 -0.44234112  0.49060371]
 [-0.56884017 -0.38184529  0.28172374 -0.56517983  0.35138264  0.09137164]
 [-0.38737725  0.48513892 -0.38263526 -0.45611687 -0.48973177 -0.14244141]
 [ 0.71167854  0.10066282  0.13971785 -0.67837812  0.04916996  0.03528479]]

Kinase DYRK1A
Singular Vector U 
[[-0.19253396  0.27691435  0.36088814 -0.11068852]
 [-0.08772925  0.17989849  0.26275511  0.09894779]
 [-0.11588933 -0.14618127 -0.21774192 -0.12381412]
 [ 0.05035492  0.09954843 -0.0786493  -0.18443264]
 [-0.17666209 -0.22992382  0.17171639 -0.04850197]
 [-0.2194205   0.11207655  0.20002174 -0.04117713]
 [ 0.21608789 -0.05740704 -0.04109168 -0.00696011]
 [-0.29720358  0.14181507  0.25178846  0.05425084]
 [ 0.34341848  0.07433756  0.04760542 -0.31863461]
 [ 0.01655643 -0.25915846 -0.25487597 -0.39261074]
 [-0.12799168  0.04857251  0.12825031  0.05247288]
 [-0.5935951  -0.42994253 -0.22527163  0.04499615]
 [-0.20578946 -0.13006382  0.01260726 -0.20246552]
 [ 0.24957158 -0.37624024  0.54702595 -0.32548661]
 [-0.11747684 -0.15654868  0.29510382  0.10672258]
 [-0.09889249 -0.02064663  0.02605574 -0.50858629]
 [-0.09804949  0.06190657 -0.01161842 -0.08394277]
 [-0.092649   -0.02653769  0.1043335  -0.04040022]
 [-0.10247834  0.08008108 -0.06859111 -0.35631542]
 [-0.09016558 -0.0786257   0.18014785 -0.07215694]
 [-0.05586454  0.24763774 -0.10777644 -0.15438432]
 [-0.06544954  0.31766644 -0.17606204 -0.15992   ]
 [-0.2559153   0.38492689 -0.01280742 -0.23213112]]
Singular Values 
[11.61034999  6.35565724  5.18411729  2.07214953]
Singular Vector V (transpose) 
[[ 0.07570877  0.05231162  0.99303631 -0.07355657]
 [-0.76375759 -0.63638806  0.09550311  0.05063336]
 [-0.63732657  0.75032798 -0.00393773 -0.17551997]
 [ 0.06897373 -0.17111881 -0.06886613 -0.98041748]]

Kinase MAPKAPK2
Singular Vector U 
[[-3.81917690e-01 -2.34705730e-01 -3.23385366e-03 -1.98289461e-01
   2.92685523e-02  1.31021909e-01 -2.13728417e-01  2.05430551e-01
  -4.66102202e-01 -4.49232493e-02  1.46641851e-02  1.39476738e-01
   5.51726115e-02 -1.73488793e-01  2.04310711e-01]
 [ 1.47256352e-01  5.22821546e-02 -6.91103861e-02  2.52818276e-01
  -5.40036669e-02  3.08540258e-01 -1.04229414e-01 -2.90722575e-01
  -4.64925721e-01  1.66366327e-01  8.23841571e-02  1.51191561e-01
   8.89856231e-02 -2.52941798e-02 -3.42615173e-01]
 [ 2.20904844e-01 -2.32700466e-03  3.16195239e-01 -6.60886105e-02
   3.51509967e-02 -2.58394419e-01  1.91146605e-02  1.23172451e-01
  -2.40896560e-01  1.98033644e-02  1.54728157e-01 -8.83755297e-02
  -4.56909031e-01  2.40363689e-01  1.11850543e-01]
 [-1.93981459e-01  1.43561275e-02  2.28995404e-01 -4.85943364e-02
  -3.54199817e-02  9.44456962e-02 -1.23020800e-02  2.08001893e-01
  -2.86704914e-01 -1.30924960e-01  5.49837368e-03 -4.29688367e-01
  -4.77238074e-02  2.15552560e-01 -3.80733140e-01]
 [-3.49479650e-02  9.60666446e-02  2.02428281e-01 -2.32451447e-01
  -2.71740747e-02  2.50868339e-01 -8.23801419e-02 -2.30985769e-01
  -5.46639191e-02 -4.48615801e-01 -1.28102269e-01 -3.68744868e-01
  -9.76589524e-02 -1.83970290e-02  2.11405070e-01]
 [-1.29640337e-01  5.01617065e-02  3.78858896e-01  1.52176458e-01
   7.05286647e-02 -1.37766409e-02 -2.22478367e-02  1.17218473e-01
   1.94376986e-01 -4.28994694e-01  1.47073347e-01  3.99616104e-01
   7.42558376e-03  1.90236261e-01 -8.51425674e-02]
 [-6.85820475e-02 -2.22408110e-01 -1.25287116e-01 -1.24133296e-01
  -4.58638343e-01 -7.98079184e-02 -2.71018699e-01 -5.25152909e-02
   2.68088784e-01 -2.14723542e-01  5.04911698e-01 -1.66692878e-01
   1.07249922e-01 -1.57480156e-01 -2.65649058e-01]
 [-4.58045950e-01 -3.16063109e-01 -5.48191556e-02  1.61461446e-01
  -2.30305120e-01 -4.56500679e-02 -1.60750035e-01 -1.09856670e-01
  -9.16510603e-02  2.19019935e-02 -2.50127665e-01  3.84019997e-02
  -1.52736917e-01  2.00588489e-02  2.53088262e-01]
 [ 1.61949949e-02  7.69221129e-02 -1.73786838e-02 -2.30550943e-02
   2.55237309e-03  2.11867321e-01 -9.27495491e-02  5.51809134e-01
   1.00636919e-01 -1.76961512e-01  1.63282918e-02  3.58878061e-01
  -6.32874633e-03 -1.51297473e-01  5.23596193e-02]
 [-1.27399642e-01  1.36342742e-01  4.28870327e-01  3.72345439e-02
  -1.14130078e-01 -6.74925641e-02 -2.68511442e-01 -4.64411789e-02
   2.73305569e-01  2.25349708e-01 -4.17557398e-01 -8.57806139e-03
  -8.53542205e-02 -4.63588309e-02 -2.97279882e-01]
 [-1.22156939e-01 -2.16032086e-01 -1.80656541e-03  1.40533109e-01
  -7.83641755e-02  4.75532253e-01  5.42932459e-01  8.07392401e-02
   2.95552905e-01  9.50797580e-02 -1.75117228e-03 -2.21884896e-01
  -2.23112565e-01 -1.25337302e-01  8.37562766e-02]
 [ 2.31018509e-01 -3.24748193e-01 -4.99661754e-02  9.82691140e-04
   5.42237711e-01  1.38452257e-02 -1.72587124e-01 -1.41865885e-01
  -4.91414019e-04 -1.89509215e-01  1.54086058e-01 -5.00876647e-02
  -2.79635875e-01 -2.56093881e-01 -6.40129944e-02]
 [-2.47255373e-02  5.55335132e-02 -1.81394152e-01 -1.95020399e-01
   1.03823421e-01 -4.16000911e-01 -8.61916954e-02  2.58010182e-01
   6.38519540e-02  1.65646943e-01 -8.19293379e-02 -2.55635605e-01
   7.68096613e-02 -7.32567815e-02  1.75363389e-01]
 [-3.24091043e-02  1.20866563e-02 -1.86047111e-01 -1.06726808e-01
  -1.44065580e-01 -1.07062974e-01  3.92623226e-02 -3.78784986e-01
   9.89251260e-02 -1.92469726e-01  6.14619350e-02  1.80714732e-01
  -1.69307673e-01  4.15697320e-01  2.03158215e-01]
 [ 2.71687499e-01 -2.77072207e-01  1.22320076e-01  3.37053491e-01
   3.59624058e-02  4.07656090e-02 -1.22372582e-01  8.89145879e-02
   4.24694318e-02 -1.32240772e-01 -2.04338095e-01 -5.75258968e-02
   8.99097568e-03  3.00790924e-03  1.54201047e-01]
 [ 1.93210077e-01  4.20211274e-02  1.27176239e-01 -5.35563008e-01
  -2.04106716e-01  5.66433894e-02  4.76100529e-02 -1.53168633e-01
  -4.61390067e-03  3.11481737e-02 -1.81366651e-01  2.50678744e-01
  -2.78897536e-01 -4.43578677e-01 -8.28290052e-02]
 [ 1.90326472e-01 -3.55158498e-01 -8.32839290e-03 -2.09871011e-01
   1.23931564e-01  2.58899704e-01 -3.75276101e-01  1.03179537e-01
   2.52345821e-01  2.10953838e-01 -6.02765468e-02 -1.15479819e-01
   1.27884686e-01  2.85030443e-01 -5.66114054e-02]
 [-3.44367444e-01 -3.80995341e-01  1.89648401e-01 -2.31969162e-01
   3.65459848e-01 -1.84750683e-01  2.96587883e-01 -1.99774472e-01
   6.49974609e-02  1.10689131e-01  3.55444038e-02  1.74796718e-01
   1.42721539e-01  5.74043491e-02 -2.52352234e-01]
 [ 7.22817797e-02 -5.07811741e-02  4.91819417e-01  2.41212064e-02
  -1.11333649e-01  1.11304951e-01 -1.27740918e-01 -1.46760915e-01
   1.57674351e-02  3.92235048e-01  3.86440578e-01  4.37295584e-02
   1.58560011e-01 -3.36954315e-02  4.40838643e-01]
 [ 2.20375718e-01 -8.51510159e-02  2.18460378e-02 -4.22278693e-01
  -1.06189478e-01  1.92174729e-01  2.34830342e-01  1.31455550e-01
  -1.22171114e-01 -2.48928463e-02 -8.16669284e-02  7.36155732e-02
   3.08536323e-01  3.54269675e-01  2.46152140e-02]
 [-2.23235133e-01  3.14906896e-01 -2.23499275e-01 -1.35961462e-01
   2.87125783e-01  3.44389725e-01 -3.18038042e-01 -1.12025355e-01
   1.76753457e-01  1.15491999e-01 -7.18880505e-03  6.91200972e-02
  -1.85250201e-01  2.29339280e-01  4.47882799e-02]
 [-2.35389311e-01  3.02445867e-01  5.33926452e-02 -6.78074160e-02
   1.59455427e-01  7.77098834e-02  5.77326249e-02  1.11933408e-01
   2.95636148e-02  1.79799776e-01  4.03850611e-01 -1.16690961e-01
  -1.55384314e-01 -6.85087925e-02  2.20314855e-03]
 [-4.53112022e-02  2.25156161e-01  1.51639414e-01 -1.31732653e-04
   2.37684688e-01  9.51228817e-03  1.22704085e-02 -2.09186354e-01
   4.75703110e-02 -2.32402856e-01 -7.70233581e-02 -1.61051063e-01
   5.19921612e-01 -2.31404718e-01  1.67640908e-01]]
Singular Values 
[23.62332495 10.81070617  9.74757317  6.62906865  6.33788701  5.52070287
  4.83196484  4.01682711  3.78386473  3.17136651  2.64263093  2.48199748
  1.94122368  1.31396018  0.95123221]
Singular Vector V (transpose) 
[[-6.78164185e-02 -1.65045240e-01 -4.46237221e-02 -3.32495556e-02
   6.80236547e-03 -4.83388183e-02 -3.46217169e-03  5.10196374e-01
   1.23016755e-02  8.28201369e-01 -1.25400900e-01 -1.56418628e-02
  -7.53632162e-03 -1.12118446e-02  1.21473761e-02]
 [ 1.68321353e-01  2.78623756e-01 -2.51043138e-02 -6.49715321e-02
  -3.80037479e-02  8.70757128e-01  1.29181239e-01 -8.25367940e-02
   2.08618749e-01  1.44807847e-01 -1.42895660e-01  1.32161709e-01
   2.76489705e-02 -3.74485901e-02  3.84574860e-02]
 [-4.06694308e-02 -2.99915507e-01 -1.01661010e-01  1.85566693e-01
   8.75770086e-02  1.32935643e-01 -4.16905478e-01 -9.31771529e-02
  -5.99007395e-02 -6.25035928e-02 -4.69219475e-01  1.41919618e-01
  -4.20542708e-01  1.32408003e-02 -4.80581493e-01]
 [ 1.21507728e-01  7.32546958e-01  2.86075695e-02  5.28015755e-02
  -1.76943898e-01 -3.04887530e-01 -2.54575169e-01 -2.06924955e-01
   4.66458360e-02  2.42738878e-01 -1.95291667e-01 -9.12678834e-02
   1.29064955e-01 -3.35361500e-02 -2.96248763e-01]
 [-8.01438692e-02  2.92389632e-01  3.42214966e-01  5.43105926e-01
  -3.77560907e-02  4.40645032e-02  2.26009855e-01  4.04122887e-01
  -7.39023758e-02 -1.09000410e-01  2.57435236e-01  2.03324513e-01
  -3.45929441e-01  6.65874465e-02 -1.70849913e-01]
 [ 9.14024772e-02 -7.22350060e-02  4.76790752e-01  1.14873453e-01
   8.10005202e-02  9.77220041e-02  1.53375726e-02 -4.10278752e-01
  -5.22661286e-01  2.72676224e-01 -2.03320045e-02 -2.84628864e-01
  -2.02800908e-01 -1.99817885e-01  2.26314538e-01]
 [-9.08119994e-02  5.46899767e-02 -4.95261993e-01  3.05779018e-01
  -1.11629570e-01  2.35210760e-01 -4.15238765e-01 -9.97637188e-04
  -2.16639508e-01  7.02625813e-02  4.61015409e-01 -3.31615662e-01
  -1.03640132e-02  1.67500435e-01  8.50292739e-02]
 [ 2.97844819e-01 -7.80634672e-02 -2.41589155e-01  1.74797423e-01
   3.93931989e-02 -2.15678099e-01  1.33704356e-01 -3.79877034e-01
   4.41435856e-01  2.53668861e-01  2.62230892e-01  2.10694235e-01
  -4.41231495e-01 -1.30650268e-01  1.47977991e-01]
 [-1.35800650e-01 -1.57598984e-01  4.29450014e-01  3.96673478e-02
   7.43549581e-02  6.87985639e-02 -9.66795486e-02 -1.21252428e-01
   5.50894569e-01  7.02174635e-02  1.23559368e-01 -4.57922256e-01
   3.00236460e-02  4.14454297e-01 -1.74241588e-01]
 [ 4.59549354e-01 -1.25857777e-01 -1.97220501e-01  3.34891321e-01
  -2.79977176e-01 -5.27886697e-02  3.70601625e-01  1.35900541e-01
   5.82320045e-03 -1.32589604e-01 -3.78033910e-01 -4.65682732e-01
   3.45201243e-02  7.78754453e-02  1.72488601e-02]
 [-3.00043815e-01 -1.81432192e-01 -5.61806250e-02  4.71390884e-01
  -9.21095224e-02 -7.12721037e-03  2.37210940e-01 -3.72982716e-01
  -7.17594324e-02  1.89175837e-01 -8.43757069e-02  3.31627138e-01
   4.95251888e-01  1.93802031e-01 -8.30900176e-02]
 [-2.97970503e-01  1.76577610e-01 -1.51956371e-01 -2.86719405e-01
  -1.97638633e-01 -5.17945383e-02  2.63125425e-01 -1.37465157e-01
  -1.73279906e-01  5.32969795e-02 -1.78363047e-01  1.46254844e-02
  -4.24027260e-01  6.10552378e-01  1.65507432e-01]
 [ 3.82803787e-01 -2.41318954e-01  1.58484230e-01 -2.77755126e-01
  -5.61325133e-01  4.18272641e-02 -1.65170615e-02 -4.08074182e-02
  -1.86848267e-01  7.93524539e-02  3.42874928e-01  1.95452480e-01
   4.30963936e-02  1.56179694e-01 -3.88541385e-01]
 [ 3.87029564e-01 -4.59183518e-03  2.10247199e-01  1.55487803e-01
   2.65560711e-02 -5.74417864e-02 -4.37115741e-01  1.10868231e-01
   1.47735699e-02 -4.43570433e-02 -1.58795348e-01  3.19619529e-01
   1.03724551e-01  4.21369712e-01  5.06527731e-01]
 [ 3.66256955e-01  7.56913941e-02 -1.38720941e-01 -7.59461215e-02
   7.00199096e-01 -1.34996529e-02  1.98812075e-01 -1.71757628e-02
  -2.37283944e-01  7.32343077e-02  1.32946547e-01  4.19915351e-04
   1.01459774e-01  3.42884862e-01 -3.12453311e-01]]

Kinase MARK2
Singular Vector U 
[[-1.78674519e-01  7.49699583e-02 -2.71926587e-01  8.72460392e-02
   4.79856312e-01 -2.04067062e-01]
 [ 1.81851067e-01 -3.01638943e-01  4.82060292e-02 -1.00785158e-01
  -9.75309275e-02 -5.99872639e-02]
 [-5.32591306e-02 -2.13422409e-01  4.91944653e-02 -2.52884708e-01
   6.22878073e-02  6.06804837e-02]
 [-2.88563834e-01 -1.72776151e-01  1.57064199e-01 -1.80274430e-01
  -2.03755888e-01  1.12270410e-01]
 [-2.55625102e-01  1.68594864e-01 -2.72718043e-01 -3.25201391e-04
   2.19158944e-01 -9.91480410e-02]
 [ 1.03308763e-01 -3.80363538e-01  3.13461405e-01  5.08367787e-02
   3.60893420e-01 -1.53756242e-01]
 [-1.11542820e-01 -3.04439916e-02 -3.26421662e-01 -5.21512328e-02
   6.23989734e-02 -2.00642707e-01]
 [-3.50040333e-01 -4.76019889e-02 -3.55622242e-01  1.33634550e-01
  -2.66138862e-01  2.53502863e-02]
 [-6.69665252e-02 -1.90476914e-01 -1.13381459e-01 -2.88183743e-02
  -2.80694639e-01  9.77479353e-02]
 [-1.93077109e-01 -1.52524683e-01 -2.67997375e-01 -7.09441770e-02
  -3.80844484e-02  4.28545170e-01]
 [ 5.47514697e-01 -5.75826832e-03 -2.58002097e-01  2.97502787e-01
  -1.58248048e-01  8.03504160e-02]
 [-9.35697813e-02 -1.92310099e-01 -1.23848703e-01 -9.41640597e-02
   1.62917048e-01 -4.25026826e-02]
 [-1.69694417e-01 -3.73366180e-02  2.59246365e-01  3.13932789e-02
  -2.42881372e-01  1.90637998e-01]
 [ 1.70623681e-01  5.06716648e-01 -6.20618560e-02  1.33247124e-01
  -6.88559260e-02  1.79572367e-01]
 [ 1.22191091e-01  7.07977226e-03  1.36112132e-01 -1.89299129e-01
   2.83930798e-02 -1.16486699e-01]
 [ 1.24480639e-01 -2.57269106e-01 -1.20207622e-01  9.92220863e-02
   1.95156524e-01  4.42626745e-01]
 [-5.16292610e-02 -1.04185530e-01 -1.39807558e-01  1.16881436e-01
  -7.10680683e-02  1.29599791e-01]
 [ 2.68316879e-01 -3.97478144e-01 -2.77802370e-01  1.48994204e-01
  -1.76571670e-02 -4.12067023e-02]
 [-5.92514535e-02 -9.67092603e-02 -1.29393450e-01 -1.43440898e-01
  -3.48228407e-01 -4.12984226e-01]
 [ 2.47903941e-02 -1.56899511e-01 -1.16890050e-01  1.49157680e-01
  -1.84501167e-01 -3.90475882e-01]
 [-2.11081000e-01 -6.03923033e-02  1.31946772e-01  1.74826258e-01
  -2.79226938e-02  8.81426285e-02]
 [-1.91581934e-01 -1.49480370e-01  2.28704814e-02  3.21114872e-01
   2.30669069e-01  1.04660950e-01]
 [-1.98100335e-01 -4.40361269e-02  2.74433692e-01  6.94692599e-01
  -1.12818791e-01 -1.55918153e-01]]
Singular Values 
[12.21385739 10.02395504  7.01804556  4.50156657  3.77449123  3.07582237]
Singular Vector V (transpose) 
[[-0.04018602  0.54203332  0.24982026 -0.03292797 -0.5444959   0.58703898]
 [ 0.20473875 -0.19382542 -0.31077104 -0.03273455  0.48071255  0.76927174]
 [-0.29722444  0.63696491  0.22130539  0.0992091   0.66367989 -0.0815096 ]
 [ 0.62402191 -0.11572581  0.73263385 -0.17623105  0.17091031 -0.01356902]
 [ 0.68362848  0.4338669  -0.42125958  0.35412232 -0.04706739 -0.19832805]
 [-0.10664665 -0.24753654  0.27896798  0.91188911 -0.02330218  0.13207677]]

Kinase SRC
Singular Vector U 
[[-6.39113249e-02  3.47014034e-01  2.48007033e-01  9.57884431e-02
  -2.48444452e-01  8.57904665e-02  3.00965840e-01 -3.49686547e-01
  -2.89349467e-01  1.05259636e-01 -2.10144548e-01  2.04155605e-01
   3.10590132e-01  1.24712898e-01  1.53861172e-01 -2.41456806e-01
  -2.33951913e-01 -1.61216769e-01 -3.17287947e-02 -1.53948403e-01
  -1.88998762e-02 -1.30067006e-01]
 [-2.05403565e-01  2.88845776e-01 -3.51196327e-01  8.57638842e-02
  -5.32304881e-02 -3.13084503e-01  1.55559766e-01 -8.87055754e-02
   7.99854710e-02 -5.68440937e-01 -9.31223489e-02 -1.23885417e-01
  -1.10028492e-01  1.53807614e-01 -2.80569154e-01 -1.94471599e-01
   3.60900156e-03 -8.93833023e-02  8.55408401e-02  2.79104704e-02
   2.08890184e-01  1.68996077e-01]
 [ 3.16463930e-01  1.34985879e-01 -6.78907341e-02  1.68913816e-01
   3.85577966e-01 -2.43612487e-01 -1.10032096e-01  3.92405835e-02
   1.03771021e-01 -5.97949382e-02  2.33051037e-01 -2.09824604e-02
   3.32316174e-01 -1.04622337e-01  3.55375575e-01 -3.59854254e-01
   2.81078478e-01  5.31583029e-02 -1.20095753e-01 -1.68773862e-01
   1.86770653e-02 -2.18267162e-02]
 [ 2.30818678e-01 -4.54307345e-04 -1.44035276e-02 -6.72817167e-02
   1.75306313e-02  4.38404429e-01  4.88090737e-02  1.62950920e-01
   1.36610203e-01 -2.13754723e-02 -2.84956042e-01 -6.48934936e-01
   1.74416673e-01  6.34189088e-03 -9.02644691e-02 -1.84897566e-01
  -1.44015250e-01 -6.35479777e-02 -6.21324808e-02 -2.18800273e-01
   2.00436477e-01 -1.72932931e-02]
 [ 3.28330901e-01  6.79907431e-02  2.02565376e-01  2.64337382e-01
  -2.41824953e-01 -1.61724348e-01 -4.16831833e-01 -8.94039447e-03
   2.01737906e-01  2.79001996e-02  7.12535305e-02  3.00714938e-02
  -1.42781910e-01  5.45835249e-01  4.32185828e-02 -4.66288226e-02
  -1.71862250e-01  1.91247597e-03  2.48508303e-01 -1.26215846e-01
   8.37367139e-02 -1.89085055e-03]
 [ 1.85878026e-01 -2.44639425e-01 -8.07117679e-03 -3.41768438e-01
   2.29048609e-01 -2.54802066e-01  6.40434859e-02 -3.94843977e-01
   2.66374949e-01  1.38309983e-01 -2.88459478e-01  1.34642152e-01
   6.80000605e-03 -7.97942086e-02  7.73513531e-02  9.42097564e-02
  -3.03288478e-01  7.41013118e-02  8.78158466e-02 -9.30961687e-02
   3.00895959e-01  2.85011950e-01]
 [ 1.54320662e-01  1.39079031e-01  4.98623957e-02  7.81884853e-03
   2.20253122e-01  1.64464643e-01 -2.75360385e-02 -2.35502817e-01
  -2.57693610e-01  2.10779764e-01 -4.59253119e-02  8.94468060e-02
   2.90307707e-02  1.88303530e-01 -4.56219689e-01  2.21979550e-02
   4.63788475e-01  2.72146006e-01  7.86171214e-02  8.77883549e-02
   3.84050634e-01 -7.77955084e-02]
 [ 1.27329915e-01  2.06698063e-01 -1.98846957e-01  6.18524573e-02
  -3.60419686e-02  1.42929424e-01 -1.81227124e-01  1.85213723e-02
  -3.07183605e-02 -5.84839501e-02 -1.90593572e-01 -2.15873553e-02
   2.99565837e-02 -2.84409976e-01  4.94144423e-02  1.09820946e-01
  -1.44145623e-01  3.25535100e-01  6.23565758e-01  9.81485630e-02
  -1.99420874e-01 -1.87123392e-01]
 [ 1.50697485e-01 -5.38301404e-02 -1.07406453e-01 -2.22596900e-01
   1.57881933e-01  8.99596527e-02 -8.80262931e-02 -4.10320094e-01
  -3.28199539e-01 -3.37721143e-01  3.16545961e-01 -2.26747758e-01
  -1.87107183e-02  2.38305721e-01  2.88652921e-02  2.94393829e-01
  -1.66558152e-01  9.60314770e-02 -1.51623787e-01 -2.05486934e-01
  -2.62911566e-01 -1.12866050e-01]
 [ 1.69722892e-01 -9.04375419e-02 -5.31493857e-02  2.49052688e-03
   1.45370141e-01 -4.62958476e-02  2.55975364e-01  1.47520404e-02
  -2.30328720e-01  1.92658430e-01 -3.16093931e-03 -1.25972936e-01
  -6.05381860e-01  9.77573473e-02  1.05743499e-01 -4.98711359e-01
  -1.68007441e-01  1.69302931e-01 -2.86806895e-02  2.20143084e-01
  -1.18256204e-01 -6.92970738e-02]
 [ 1.13095047e-02  4.80622964e-01  7.01945104e-02 -3.64931354e-01
  -5.38168613e-02 -1.25773087e-02 -2.02069900e-01  8.72555749e-02
   1.42341071e-01  3.30500761e-01  3.44707832e-01 -7.91007002e-02
  -1.07403218e-01 -8.19275631e-02 -2.98129242e-01 -3.06219663e-02
  -1.72048094e-01 -1.64752918e-01 -1.32267808e-01  2.41850074e-03
  -4.87923007e-02  1.46245893e-01]
 [ 1.21592908e-01  1.25338303e-01 -1.54940668e-01  1.19939293e-01
   5.04201351e-02 -3.11925650e-03 -4.24577117e-01 -3.84870782e-01
   4.70100317e-02 -3.27034914e-02 -2.10358560e-01  6.32197487e-02
  -5.63445392e-02 -3.56796132e-01 -1.35542962e-01 -1.71032531e-01
  -8.75015911e-02 -2.25962450e-01 -2.71692319e-01  2.48787235e-01
  -1.14312957e-01 -1.97019573e-01]
 [-5.06373648e-01  1.10124213e-01 -1.34895774e-01  1.50240502e-01
   6.62939623e-02  8.11865909e-02  6.93270404e-02 -3.32287128e-01
   4.15187263e-01  2.70273451e-01  2.26680588e-01 -2.00725435e-01
   4.23368330e-02  7.62108133e-02  1.05360844e-01 -7.58075452e-02
  -5.18082320e-02  3.83000808e-01  2.41548410e-02 -6.18352004e-02
  -2.61521341e-02 -1.12678540e-01]
 [-1.16206746e-01  1.61935963e-01  2.87383667e-01  1.65714460e-01
   5.33641651e-01  4.84636763e-01 -1.34198703e-02  5.62435359e-02
   1.78862172e-01 -2.92223057e-01  1.17666912e-02  3.10764945e-01
  -2.11186944e-01  4.83289042e-02  3.74102791e-02  8.83924455e-03
  -1.74213150e-01 -9.76268980e-02  2.70251602e-02 -1.53187048e-03
   1.83524814e-02  1.50345753e-01]
 [ 7.57864123e-02  1.72658515e-02  2.97738393e-01 -7.19571457e-02
   1.57181775e-01 -2.13435274e-01  2.04918831e-01 -3.41154350e-02
   5.69048538e-02 -2.29308707e-02 -3.52058037e-02 -3.66512104e-02
   8.05699451e-02 -1.20837861e-01 -3.89239647e-01 -1.68081533e-01
   1.02506438e-01  3.02924650e-02  2.81408451e-01 -2.77146269e-01
  -5.36089445e-01  1.58457041e-01]
 [ 2.43295668e-01  1.88924414e-02  8.66067073e-02  1.59923744e-02
  -1.85608066e-01  7.15731598e-02  2.51248551e-01 -1.59074614e-01
   5.02874544e-01 -7.84349225e-02 -1.94787593e-01  3.01217214e-02
  -2.46958096e-01  7.80930719e-02 -2.17880348e-02  1.86319613e-01
   3.48319100e-01 -2.58092188e-02 -2.25505487e-01 -2.44566922e-02
  -2.31001168e-01 -2.93973451e-01]
 [ 2.38657035e-01  6.39152934e-02 -2.33594121e-01  2.14133865e-01
   2.47081965e-01 -1.17147847e-01  3.22507818e-01  1.92898394e-01
   1.09794244e-01  1.47811022e-01  4.70240647e-02  6.35119104e-02
   3.36736458e-01  2.38322139e-01 -2.21032307e-01  2.42506627e-01
  -3.50272871e-01 -3.56276152e-02 -9.76861180e-02  3.64951087e-01
  -1.22439779e-01 -1.35216592e-01]
 [ 5.31921702e-02  5.08530810e-01 -1.52659661e-01 -3.72467050e-01
   1.13085812e-01 -1.16559934e-01  1.11853342e-01  2.27414328e-01
  -3.14018147e-02  6.70957127e-03 -1.77461147e-01  1.17982253e-01
  -1.67168993e-01  4.58177689e-02  3.09668931e-01  1.82041902e-01
   7.56174984e-02  6.82725206e-02 -8.26853358e-03 -1.85878752e-01
   8.45460860e-02 -2.02422351e-01]
 [ 1.79129620e-01 -5.71761785e-02  7.56537650e-02 -2.41739104e-01
  -3.03483553e-01  1.35012472e-01  7.03374701e-02  1.04691243e-01
   1.39679133e-01 -3.23456995e-01  2.28998974e-01  3.23677252e-01
   1.49690468e-01 -1.29578347e-01 -1.43113925e-01 -2.72455475e-01
  -1.83180175e-01  4.98423213e-01 -1.83204347e-01  6.63568962e-02
   1.20882276e-01 -8.76871370e-02]
 [ 2.25144050e-01  2.30154980e-01  3.27795192e-01  1.00349348e-01
  -1.32774680e-01 -2.35755880e-02  2.49888293e-01 -2.04215875e-01
  -1.60411115e-03 -1.13776621e-01  2.49294985e-01 -3.00734371e-01
  -3.37893751e-02 -2.49567244e-01  2.35087099e-01  2.10070192e-01
   7.78118775e-02 -9.50762052e-03  1.19249956e-01  4.20659484e-01
   1.57333312e-01  2.69006713e-01]
 [ 1.46050884e-01 -1.45158612e-01 -3.49926573e-01 -1.85916131e-01
  -6.85173331e-02  2.77746603e-01  1.92720621e-01 -1.47320434e-01
   1.23718238e-01  5.13522684e-02  3.65565339e-01  1.87169071e-01
   6.96534966e-03  1.31137948e-02  3.28164898e-02 -1.75771868e-01
   1.16421862e-01 -4.69287058e-01  4.13571825e-01 -2.43704133e-02
   7.13617037e-02 -1.15126159e-01]
 [ 1.46466724e-01  1.15834013e-01 -3.77043600e-01  4.89011113e-02
  -1.70481283e-01  2.80484753e-01 -2.97146041e-02 -4.68697319e-02
  -2.04478900e-02  1.09586940e-01 -1.41323753e-01  1.40072629e-01
   4.95573108e-02  1.60758384e-01  1.22710405e-01 -2.03815367e-02
   1.53981546e-01  1.51470083e-01 -1.48490305e-01  2.38667537e-02
  -2.98239797e-01  6.72391629e-01]
 [ 1.76884864e-01  3.43746676e-02 -1.76997022e-01  4.66059794e-01
  -9.25255536e-02 -7.87851407e-03  1.81293762e-01  1.06793108e-02
  -9.71428594e-02  1.15344553e-01  1.70415300e-01  9.72042233e-02
  -2.56104037e-01 -3.68729256e-01 -1.56064164e-01  2.01521362e-01
  -1.57268357e-01  4.59550897e-02 -1.09280602e-01 -5.22629070e-01
   1.86535880e-01  4.68348484e-02]]
Singular Values 
[20.52557612 15.74059943 11.92995276 11.32352795  8.98707656  7.92089121
  6.76566039  6.38322987  5.98754263  5.48646031  4.71675588  3.59319855
  3.38315461  3.177969    2.84783764  2.70985902  2.21158769  1.96412864
  1.47403906  1.1045846   0.93190379  0.67015387]
Singular Vector V (transpose) 
[[-4.51003002e-02 -2.23704402e-01 -2.87238479e-01 -1.69111572e-01
  -1.12970040e-01  1.28195621e-01  6.29793917e-02  6.53906747e-02
  -6.66033098e-01  4.44693325e-02 -2.04252559e-01  5.08399977e-02
  -8.01118707e-03 -4.75533584e-02  1.02708760e-01 -9.58023232e-02
  -4.85570150e-01 -1.05843013e-02  9.00316546e-02 -1.72877214e-01
   4.45711886e-02 -1.07590089e-01]
 [ 3.15636189e-02 -2.77739795e-01  2.59806367e-01  1.24152499e-01
  -4.53533884e-02 -3.54949222e-01  1.05317987e-01  8.80599437e-02
  -8.03201433e-02 -2.16159180e-01 -2.90781798e-02 -5.44413852e-01
   6.66096146e-02  1.04534522e-02  1.89976507e-02 -3.48658344e-02
  -2.61771426e-02  8.70800868e-02 -9.66258025e-02 -3.19244610e-01
  -4.64657725e-01  9.97184469e-03]
 [-2.09740301e-01  5.72422131e-02  6.80677461e-01  1.07170240e-01
  -9.71984909e-02  8.32272036e-02  5.30565725e-02  1.13267266e-01
  -1.81937762e-01 -7.70567952e-02 -2.81529464e-01  1.26878440e-01
   5.04406703e-02  8.31352851e-02  1.57448119e-01  1.43358910e-01
  -5.84227471e-02  2.05143644e-01  2.66174594e-01  1.24856671e-01
   1.88221326e-01  2.98915168e-01]
 [ 1.39600796e-01  1.32261890e-01  1.73950741e-02 -3.33393211e-01
   6.22996509e-02  6.56021609e-01  1.27906745e-01  3.50400770e-02
   7.91713417e-02  6.27288709e-05 -2.25970637e-01 -1.37722767e-01
   6.20068022e-02  1.75789640e-01  1.07361369e-01  1.31384826e-02
   1.35479604e-01  6.08690479e-02  4.94811688e-02  6.63621674e-02
  -4.95636452e-01 -4.91868755e-02]
 [-2.48928774e-01  2.10939912e-01 -1.50023732e-01  2.00195138e-01
   1.43225799e-01  1.96487279e-01 -2.12284677e-01  9.57253373e-02
   2.02282234e-01 -6.96949100e-02 -1.31408599e-01 -7.28038574e-02
   1.32166781e-01  2.36546594e-01 -3.87140396e-01 -1.46874540e-01
  -2.34457664e-01 -8.54143301e-02  1.33135970e-01 -4.75226605e-01
   4.56901191e-02  3.10594956e-01]
 [ 1.76128688e-01  3.90150494e-01  1.40860850e-01 -1.51520531e-01
   1.93301804e-01 -3.70109067e-01  1.09291003e-01  1.44679731e-01
  -1.28060821e-01  1.29870718e-01 -1.76389467e-02  4.13860175e-01
   2.94558510e-01  2.43089055e-01  9.20962891e-02 -3.20720250e-01
   4.81162589e-02  3.93008464e-02 -3.85245575e-02 -2.14313826e-01
  -1.57190257e-01 -1.69402895e-01]
 [-1.04110628e-01 -1.11476906e-01  8.31379843e-02 -7.50318218e-02
   1.14682719e-01  2.26952311e-01  1.73064548e-01  5.50301146e-02
  -7.72635258e-02  3.29954651e-01  3.73560692e-01 -7.40101599e-02
  -1.61605602e-01  6.98151533e-02  1.87208332e-01  9.56600161e-02
   2.91550399e-01  2.59207110e-01 -7.22123620e-02 -5.46083085e-01
   2.75337343e-01 -8.82785895e-03]
 [ 2.15549058e-01 -6.73427010e-02  3.05055744e-01  2.14626880e-01
  -8.00287547e-02  2.71950131e-01  8.71451158e-02 -3.18253673e-02
  -2.03305906e-01  5.86480779e-02 -2.03155916e-01  9.95830676e-02
   6.37198476e-02 -3.27505774e-01 -4.16728784e-01 -2.03112446e-01
   2.34310165e-01 -2.81213033e-01 -3.57459958e-01 -1.28687130e-01
   9.50258302e-02 -1.06590480e-01]
 [-1.72396091e-01  5.45993511e-03 -1.43594811e-01 -7.73658474e-03
   6.28445272e-02  3.12048911e-02  5.40966254e-01 -1.37705835e-02
  -1.68191193e-01 -3.58131606e-01  2.21847074e-01 -1.61635511e-01
   2.73642665e-01  9.56581404e-02 -5.43841561e-02 -2.09202795e-01
   2.76785398e-01 -2.59621759e-01  2.85626210e-01  1.48120567e-01
   1.94632586e-01  6.12596361e-02]
 [ 2.06759768e-02 -2.10002964e-01 -5.83742316e-02  3.39882910e-01
   1.27555486e-01  1.44195566e-01  1.84292286e-01 -1.10388311e-02
   9.38073353e-02 -1.95210554e-01 -6.01725409e-02  9.90575528e-02
   1.75676892e-01  4.87261818e-01  1.42095650e-01  9.60263765e-02
  -2.05378014e-01  1.41893610e-01 -5.28617209e-01  1.26655252e-01
   1.56915002e-01 -1.57931318e-01]
 [-3.97098728e-01 -3.10852763e-01  2.65495168e-01 -1.59976035e-01
   5.79614919e-02  9.17123357e-02 -4.26206537e-01 -3.15173055e-01
  -1.04678389e-01 -6.25285072e-02  2.66727394e-01  1.25339292e-01
   7.73130348e-02  2.32156206e-01 -1.37710547e-01 -2.18491264e-01
   5.95394512e-02 -6.06097037e-02  6.01595390e-02  7.66107954e-02
  -1.43150928e-01 -3.02241755e-01]
 [ 9.27519010e-02  4.52667837e-02  2.83406220e-01 -4.73454066e-01
   1.05310460e-02  1.09870725e-03  1.71368493e-01  5.39977306e-03
   2.49209518e-01 -5.40580386e-02  1.71290747e-01 -1.22934623e-01
   2.58774131e-01 -1.14459069e-01 -2.33354169e-01  2.96572967e-01
  -4.48677517e-01 -1.09335633e-01 -3.42163992e-02 -8.16401283e-02
   2.30548697e-01 -2.21701712e-01]
 [-2.28247558e-01  2.43922990e-01 -1.57509508e-01 -3.25108631e-01
  -3.45609225e-01 -1.58420965e-01 -1.01497738e-01  1.79461997e-02
  -2.23374334e-01 -2.49820083e-01 -1.88482474e-01 -2.99570112e-02
  -3.24570953e-02  1.91277336e-01 -2.63232720e-01  3.14884520e-01
   3.35949529e-01  1.63194678e-01 -3.12893947e-01 -5.93218945e-02
   8.31727106e-02 -9.24802240e-03]
 [ 2.62196448e-01 -2.33626805e-01  6.99469772e-02 -1.48773394e-01
   3.65649074e-01 -1.36092934e-01 -1.59602711e-02  7.18965732e-02
  -1.94227062e-01  1.27195231e-01 -2.96957796e-02  3.39684310e-02
  -2.80081961e-01  3.99504571e-01 -1.91252495e-01  3.03590119e-01
   6.85900144e-02 -4.25965611e-01  3.67357839e-02  6.65496427e-02
  -2.13106505e-02  2.77280529e-01]
 [-2.14891781e-01 -1.80234753e-01 -1.13141956e-01 -3.20523685e-02
   5.46842179e-01 -1.43420927e-01  5.16467955e-02 -2.27571461e-02
   5.89267272e-02  1.70969052e-01 -4.91153039e-01 -1.11099152e-01
   1.55338571e-01 -1.84780519e-01 -1.50987432e-01  1.02293148e-01
   1.80276784e-01  2.52007507e-01  1.37588258e-01  6.61646442e-02
   1.17503848e-01 -2.71628852e-01]
 [ 3.87639132e-01 -2.02720305e-01 -2.95906404e-02 -1.47691771e-01
   4.51176132e-02  5.35190664e-02 -4.38883955e-01  1.44286364e-01
   7.76650588e-02 -4.32529125e-01 -1.34500790e-01 -8.79847559e-03
   1.94119695e-01 -3.92920911e-02  3.23723735e-01 -5.92435677e-02
   2.14187551e-01 -6.88220912e-02  1.15580516e-01 -2.07365577e-01
   3.18162314e-01 -2.45071278e-02]
 [-2.22291276e-01 -6.26505117e-02  3.46105975e-02 -2.35813059e-01
  -5.55841978e-02 -1.17928110e-01  2.09609140e-01 -5.03162170e-01
   2.56929047e-01 -2.63532352e-03 -3.55207615e-01  7.85209192e-02
  -1.56682363e-01 -1.53033222e-02  3.35214497e-01 -1.56071215e-01
  -1.66900131e-02 -3.17192389e-01 -1.74037473e-01 -2.24825150e-01
   5.19705289e-02  1.77361527e-01]
 [ 2.91453636e-02  2.77519026e-01  3.52858850e-02  1.35262029e-01
  -1.28321321e-01 -1.91057293e-02 -2.25590432e-01 -1.49182051e-01
  -1.51520232e-01  4.36245582e-01 -8.14062068e-02 -5.22277554e-01
   2.83104902e-01  2.14203934e-01  2.14092198e-01  2.57502406e-02
   2.85652441e-02 -2.72829029e-01 -1.72701681e-02  1.16050575e-01
   2.00396910e-01 -1.35051416e-01]
 [ 3.42447146e-01 -2.26669684e-01 -1.10652371e-01  7.71278760e-02
  -2.69152181e-01 -3.82850599e-02  8.38389802e-02 -5.11562962e-01
   8.92053638e-03  1.57403464e-01 -1.05437780e-02  1.62084945e-01
   3.73527602e-01  1.23116768e-01 -1.96501293e-01  1.77798086e-01
   7.23501740e-02  2.62299627e-01  2.63596266e-01 -1.15431031e-01
  -6.04910976e-02  1.84060009e-01]
 [-1.16236992e-01 -2.54123708e-01 -5.84185172e-02 -2.98713324e-01
   1.04567607e-02 -1.95547111e-02 -8.99352998e-02  2.35455674e-01
   2.45682717e-02  2.51370042e-01  8.32992778e-02 -3.91906574e-02
   3.87770516e-01 -1.21308898e-01  4.44086565e-03 -2.35344285e-01
   1.51141356e-02  9.77240044e-02 -3.43484894e-01  2.28919649e-01
   3.11241024e-03  5.40666655e-01]
 [ 8.82788073e-02  3.31237221e-01  2.77524170e-02  1.61039035e-02
   4.73550759e-01  6.43335994e-02 -1.26894287e-01 -4.49637015e-01
  -3.28604932e-01 -2.54270227e-01  1.84700995e-01 -9.13482764e-02
   4.46452147e-02 -2.46275601e-01  7.79385252e-02  1.05595009e-01
  -9.88213449e-02  1.54314366e-01 -2.03010424e-01  1.26967837e-02
  -4.14599965e-02  2.51315397e-01]
 [ 2.83974007e-01  3.58371420e-02  8.34763698e-02 -1.82422321e-01
  -1.22617886e-02 -4.17587841e-02  4.11678629e-02 -1.36147833e-01
   3.23684255e-02 -1.71807139e-02 -7.55020618e-02 -2.78682409e-01
  -3.71651444e-01  2.24815068e-01 -2.29701626e-01 -5.26211307e-01
  -9.30986983e-02  3.67025321e-01  2.10604018e-02  1.60996215e-01
   2.87374262e-01  1.85933818e-02]]

Kinase CLK2
Singular Vector U 
[[-3.00223146e-01 -4.29881799e-02 -2.33793018e-02]
 [ 2.72666478e-02  2.04801239e-02 -3.35607122e-01]
 [-5.44974815e-01  1.00336282e-01  6.00837363e-03]
 [ 6.06539305e-02 -1.74133593e-01  1.39905811e-01]
 [-9.66618838e-02  1.33762196e-01  1.20275431e-04]
 [-2.69638833e-02  6.85791156e-02  4.75439565e-01]
 [-1.58208863e-02  1.53440694e-02  3.04212477e-01]
 [ 9.59691942e-02 -3.44424660e-01 -2.05607719e-01]
 [ 1.77710491e-01  9.84501117e-02  2.12673848e-02]
 [-7.43770825e-02 -2.26239832e-01  1.60336216e-01]
 [ 1.60270146e-01  3.34246328e-02  4.97780724e-02]
 [ 1.71003355e-03 -6.20486774e-02  7.89054534e-02]
 [ 4.13567912e-02 -1.71313963e-01  2.51163119e-02]
 [-1.17825138e-01  1.85540487e-01 -3.26147356e-01]
 [-2.87242896e-02 -4.11871466e-01  2.33172796e-01]
 [ 3.80325299e-01  5.17670168e-02  3.65410230e-01]
 [-3.17810934e-01 -7.86803779e-02  2.39623197e-01]
 [ 3.12944878e-01  4.04428197e-01  1.11333867e-01]
 [-1.24669272e-01 -2.88760378e-01 -4.48824049e-03]
 [ 2.79662849e-01 -1.03007588e-01 -6.89306491e-02]
 [-1.91980680e-01  4.70972606e-01  1.08459379e-01]
 [-2.87222437e-02  1.65494945e-01  3.50239575e-02]
 [-1.86208586e-01  3.15916310e-02  2.98348329e-01]]
Singular Values 
[7.83455636 5.05785226 2.95574514]
Singular Vector V (transpose) 
[[-0.52884632  0.84868631 -0.0072875 ]
 [ 0.82056088  0.51347603  0.25104224]
 [-0.21679807 -0.12678293  0.9679487 ]]

Kinase CDK9
Singular Vector U 
[[-4.63398527e-02  4.86399448e-01 -7.70896302e-02  1.64227368e-01
   2.01413377e-01 -1.46452857e-01  6.27617886e-02 -1.09393784e-01
  -2.35857491e-01  4.84967851e-02  4.85697063e-02]
 [-6.39175379e-02  8.49930847e-02 -4.41258982e-02 -2.24892834e-01
   3.22815253e-02 -2.07711371e-01  2.74854875e-01 -3.41371322e-02
  -4.02952696e-01 -3.42948276e-02 -4.71112184e-01]
 [-1.79753615e-01  6.42947754e-02  1.63754287e-04  2.50272760e-02
  -1.94445706e-02  3.33200511e-02 -3.21317684e-01  2.88989361e-02
   1.09200914e-01 -7.10662910e-02  3.30244186e-01]
 [ 2.41360068e-01 -3.84596090e-01 -2.53185340e-01 -1.72107471e-01
  -2.90860297e-01 -1.62281459e-01 -6.72636340e-02 -1.58877585e-01
   9.15310726e-02  4.94903192e-02 -3.73816882e-02]
 [-1.89467029e-01 -2.22312905e-01  5.47465219e-02  1.29537721e-01
   2.85976510e-01 -2.93494019e-01 -4.14807239e-02  4.90966187e-04
   3.63580731e-01  7.02141640e-02  1.43297452e-01]
 [-3.59070556e-01  4.10400216e-02 -1.48782621e-01 -1.27574981e-01
   3.56337521e-02 -2.94446920e-01 -1.75584836e-01 -1.87626181e-02
   1.68085869e-01  1.84906752e-01 -3.93887724e-01]
 [-1.48711902e-01 -5.31186653e-02  5.09230815e-01 -3.72668171e-01
   2.65660697e-01  2.57508061e-01 -2.26875814e-02  6.54095971e-02
   1.89987757e-01  3.44637644e-02 -1.94507444e-01]
 [-4.45905983e-01  1.75324785e-01 -1.17217127e-01 -6.96159215e-02
   3.34706898e-02 -2.15513293e-01  2.62114665e-01  1.05527606e-01
   6.14658434e-02 -1.49930840e-02  1.46739965e-01]
 [ 2.77973329e-01  4.95384037e-01 -1.22180670e-01  2.35328527e-01
   2.07244788e-01  1.13945173e-01 -4.35971096e-02 -4.91588993e-02
   3.88358436e-01  2.61801545e-02 -2.06084771e-01]
 [-1.54020323e-01 -1.36634745e-02 -6.12441378e-02 -6.02189064e-02
   8.86301712e-02  3.26503890e-02 -3.62427452e-01 -3.03179849e-01
  -5.89857767e-02 -1.80587164e-01 -2.44043836e-02]
 [-1.82195963e-03 -1.99429457e-01 -2.74026169e-01  2.17298150e-01
  -8.02863730e-02 -1.21443376e-01 -2.20006875e-01  3.47221829e-01
  -9.24140367e-02 -2.26814333e-01 -3.11030372e-01]
 [-3.76213295e-01 -1.39005053e-01  1.20847129e-01  3.89773821e-01
   1.34422235e-02  1.17399286e-01  1.59244151e-01  2.65449362e-02
  -2.47612938e-01 -3.59769900e-01  3.54021648e-02]
 [-2.48925914e-01  1.81585875e-01  1.76914502e-01  1.07897618e-01
  -6.55677361e-01  3.84298189e-02  2.57361096e-02  8.81423276e-03
   6.91956522e-02  1.91528923e-01  1.45197490e-01]
 [ 1.89782523e-02 -6.97771110e-02  3.35292458e-02  1.97063027e-01
  -1.45568274e-02  9.32116173e-02  1.86059419e-01  6.55551288e-01
   2.49373865e-01 -1.30058590e-02 -1.63817706e-01]
 [-1.97512929e-01  6.43474970e-02 -2.02862421e-01 -6.28865693e-02
  -1.57327613e-01  2.14225837e-01 -1.83476222e-01 -1.25477389e-01
   3.06474009e-01 -2.26770710e-01 -2.34819724e-01]
 [-1.45032364e-01  4.68978706e-03  1.22430057e-02  2.07700915e-01
  -1.03500901e-01 -1.36073609e-01 -5.22657881e-02 -1.92982969e-01
   5.70000565e-02 -1.29575552e-02 -5.80060970e-02]
 [-1.61708548e-01 -3.05902973e-01  9.29094887e-03  2.71407269e-01
   1.54567994e-01  1.51275203e-01  3.16818743e-01 -4.23778169e-01
   1.87210602e-01 -2.72338820e-02 -1.67553817e-01]
 [-1.89953251e-01 -1.57312528e-01  2.84268931e-02 -5.25670832e-02
   1.60402692e-01  3.31040830e-01 -2.39482284e-01  1.13989569e-01
  -2.90858538e-01  4.02595130e-01 -3.29163258e-02]
 [-2.53630959e-01  3.82388373e-02 -3.73560366e-01 -1.05163757e-01
  -4.37138031e-02  1.44566844e-01  1.07227934e-01  7.67510719e-02
   5.37344763e-02  4.65854270e-01  2.36598044e-02]
 [ 6.60975691e-02 -1.43909772e-01 -2.00935615e-01  4.09224855e-01
   2.22455115e-01  1.02041556e-01 -1.52041348e-01 -2.55133976e-02
  -1.66810583e-01  3.56405915e-01  3.92932785e-02]
 [ 7.59373546e-02  5.40333453e-02  3.67136429e-01  3.02079035e-01
  -2.98303482e-01  6.06868899e-02 -5.34599633e-02 -1.65185585e-01
  -2.13487452e-02  2.64619414e-01 -3.76337637e-01]
 [ 1.02550589e-01 -1.43470357e-01  2.55247755e-01  7.93699039e-02
   6.43101665e-02 -5.17143460e-01  8.28397546e-02 -1.86667641e-02
