Method Singular Value Decomposition(One of the PCA methods)
X = U(SIG)V*

X shape (nxm)

U shape (nxn)

(SIG) shape (nx1)

V shape (nxm)

Kinase AURKA
Singular Vector U 
[[-0.04443555  0.23908177 -0.18038336 -0.07319775  0.07391277  0.00779284
  -0.13934522 -0.25526608  0.43597829 -0.00258989  0.25986679]
 [-0.06562482  0.40015246  0.08000856 -0.00296361  0.16831714  0.15489586
   0.29970918 -0.02780179 -0.12969018 -0.12782768  0.28584835]
 [-0.15503745 -0.27682831 -0.0870174  -0.00268416  0.22332096 -0.04120012
  -0.11892246 -0.12543699 -0.08450335  0.01770591 -0.00677233]
 [ 0.13908326  0.05897157  0.17461797 -0.26535247  0.07646565 -0.26290875
   0.24757139 -0.19122239  0.02612479 -0.15280157 -0.06680772]
 [-0.185704   -0.12892649 -0.30316927  0.28459231  0.15336578  0.22774517
  -0.03720507 -0.17968533 -0.0617836   0.16112065 -0.11461258]
 [-0.33262124 -0.10841586  0.2441442  -0.18129709  0.01233788  0.21707323
  -0.00142613 -0.29475331  0.27768104  0.26068146 -0.02915112]
 [ 0.00240077  0.20039291 -0.30971314  0.42092339  0.25600397 -0.03359975
  -0.15254104  0.31498798  0.32998366  0.05381762  0.14207872]
 [-0.34285131  0.26970298 -0.23753491 -0.10806087 -0.51736071 -0.15357122
   0.26007195  0.32516116  0.05292071  0.2299732  -0.27827309]
 [ 0.30056003 -0.03725712  0.01304327 -0.07208135 -0.05916333  0.10783602
   0.22018128 -0.23265272  0.05154532  0.47987203 -0.06098333]
 [-0.14721945 -0.23398842 -0.02550947 -0.23153827  0.1443545  -0.07277125
   0.09961657  0.33741226 -0.03591889 -0.32784784  0.09349052]
 [-0.13620085 -0.12735629  0.45657737  0.42326192 -0.24087488  0.22845799
   0.2126124  -0.03177897  0.10083999 -0.103533    0.06066715]
 [-0.41914907  0.00336145 -0.28106785  0.00566614 -0.39593291 -0.00470141
  -0.11158164 -0.3380603  -0.14118002 -0.22458682  0.2292614 ]
 [-0.21816218 -0.11296022 -0.15254371 -0.19532772  0.18354898 -0.02353851
   0.2789671   0.1254664  -0.26888003  0.32189921  0.34500734]
 [-0.04739689  0.01862737  0.01689985  0.09529699 -0.11123806 -0.27764469
   0.08406152 -0.27787914  0.28060016 -0.1536021   0.12449223]
 [-0.2256687  -0.01808948  0.06065565  0.04267583  0.23911675 -0.1393106
   0.01851781 -0.08401286 -0.0612259   0.15279009  0.16498756]
 [-0.18103638 -0.20412201  0.0081592   0.09196416  0.09736892 -0.18615852
  -0.17318058 -0.01397478  0.08392592 -0.01084135 -0.52923044]
 [-0.32509955  0.29485926  0.22731741 -0.10430976  0.27788778  0.2191652
   0.15351754  0.15286469  0.27922798 -0.16836861 -0.23096539]
 [-0.17333796 -0.10517221  0.3541074   0.31157054 -0.10638734  0.01227595
  -0.12366607  0.22870313 -0.19586936  0.13807222  0.22369946]
 [-0.28352581 -0.10304853  0.0623331  -0.31118132  0.17123534  0.09495443
  -0.20334385  0.03889717  0.01867438  0.07463512 -0.04235956]
 [-0.08182277 -0.17555793  0.06489254  0.18646868  0.11690795 -0.54187428
   0.31677059  0.02854157  0.24824941  0.24156731  0.08082178]
 [ 0.07264839 -0.02308208 -0.22408823  0.0971744   0.07108081  0.41345793
   0.31959018 -0.00840674  0.00660882  0.08837859 -0.16229344]
 [ 0.14059913 -0.3496422  -0.01099625 -0.2625404  -0.25388018  0.2189688
  -0.11962556  0.30622316  0.45338206  0.07452688  0.29188828]
 [ 0.00326813 -0.41429274 -0.26086783  0.08981172  0.02707932  0.10421573
   0.4413028  -0.04824505  0.11351234 -0.36877634 -0.02927402]]
Singular Values 
[15.91097513 11.57162755  9.44922658  8.69103367  7.14483856  5.81850858
  4.80580501  4.05792048  3.26062936  2.45003192  1.74407329]
Singular Vector V (transpose) 
[[-0.15843238  0.0682764   0.94609915  0.08703319  0.07641509  0.09569702
   0.08842734  0.16175617 -0.05250158  0.10529709 -0.06880116]
 [-0.09376353 -0.579991    0.07687266  0.20750256  0.16921594 -0.71650062
  -0.14267262 -0.12596778 -0.05192476  0.13209275 -0.08646918]
 [ 0.29282593 -0.42677164  0.08132512  0.0265988  -0.09541815  0.18497862
   0.71387801 -0.34825999  0.07684885 -0.20168878 -0.06312703]
 [-0.3827027   0.52398274 -0.02969075 -0.11427784  0.20805496 -0.38879553
   0.41432922 -0.40624259 -0.1277254  -0.06353283  0.11635717]
 [ 0.32656899  0.25463575  0.21870594  0.16776405 -0.21384292 -0.23898473
  -0.27343393 -0.30273452  0.59924386 -0.32880887  0.12677139]
 [-0.27476319 -0.03857135 -0.01389182 -0.31356937 -0.70149348 -0.23568193
   0.22124935  0.22872861  0.3015846   0.27964515 -0.08023032]
 [ 0.28450528  0.01362812 -0.03276151 -0.15564566  0.45850954 -0.11722345
   0.25713455  0.34646816  0.406982    0.35625859  0.43690605]
 [-0.53115649 -0.30405528  0.01639591 -0.34682393  0.26510701  0.32207052
  -0.20805152 -0.29421213  0.44019582 -0.07185935  0.04554129]
 [ 0.29630422 -0.04021251  0.1606791  -0.40086238 -0.18036757  0.04798074
  -0.23288102 -0.48226859 -0.31278189  0.44265743  0.32961956]
 [-0.29654825 -0.04027129 -0.0917564   0.68279437 -0.2010116   0.21679541
   0.05436807 -0.13562535  0.05103017  0.29524922  0.48711165]
 [-0.11379612 -0.20013884  0.08881018 -0.19421444 -0.1478596  -0.11250359
  -0.01497185  0.26477509 -0.24987618 -0.57029019  0.63942932]]

Kinase CHUK
Singular Vector U 
[[ 0.2039136   0.32662918  0.24676416 -0.04134782  0.28421095]
 [ 0.2180842  -0.1512145   0.23798087 -0.39585343  0.12854629]
 [ 0.15127569 -0.40397034 -0.07004063  0.29993774  0.28961969]
 [-0.21451592  0.11293074  0.10212079 -0.0615129  -0.14133542]
 [-0.03416949 -0.02965686  0.17275229  0.58616606 -0.18274987]
 [ 0.15320708 -0.03186522  0.14933147 -0.24142287  0.18975649]
 [ 0.03903908  0.01363176 -0.24083647 -0.09955708  0.24891596]
 [ 0.18185036  0.02802797  0.35004454  0.16591647 -0.05568739]
 [ 0.10023518  0.02257563 -0.00177981  0.01547858 -0.05494402]
 [ 0.1488879  -0.21090677 -0.39187305  0.14677648  0.0598388 ]
 [-0.14606441  0.17682828  0.24423422  0.217393   -0.14338814]
 [ 0.03037965 -0.21688752 -0.34852174  0.10535752 -0.25301141]
 [ 0.07422083 -0.33553607  0.12723234  0.16516638  0.11321473]
 [ 0.22301786  0.13544925 -0.3077823  -0.21867198 -0.26528963]
 [-0.13998406 -0.02234859  0.13241117  0.02389308  0.34595061]
 [ 0.14760793 -0.02793439 -0.02806753  0.07889794  0.13197684]
 [ 0.22931863 -0.05026018 -0.04339553  0.01440263  0.19813127]
 [ 0.10205967  0.58642756 -0.33165849  0.25017437  0.3019424 ]
 [ 0.15122644  0.02407127 -0.01848965  0.17639623  0.31157888]
 [ 0.15496825 -0.24061162  0.12609614 -0.02511027  0.00237316]
 [ 0.33656402  0.12256384  0.00974321  0.17098587 -0.16349683]
 [ 0.4648607  -0.00949161 -0.04075649 -0.1131051  -0.22305333]
 [ 0.43859224  0.12695122  0.20164078  0.09961264 -0.22116252]]
Singular Values 
[7.73517139 6.67014501 5.60933367 4.53806095 3.3695269 ]
Singular Vector V (transpose) 
[[ 0.37622888 -0.52013585 -0.6809332  -0.10918542 -0.33514033]
 [-0.30824163 -0.05257964  0.20926258 -0.82551566 -0.42066085]
 [-0.01106747 -0.13292896  0.39021604  0.49968179 -0.76174599]
 [ 0.38019449 -0.64693388  0.56642502 -0.11972315  0.31899493]
 [ 0.78661845  0.53898101  0.1394033  -0.20636598 -0.16944228]]

Kinase IKBKB
Singular Vector U 
[[-0.30067939 -0.00586    -0.01554655]
 [ 0.18033959 -0.07790712  0.24042755]
 [-0.2502835  -0.27046873  0.4053496 ]
 [ 0.09332351  0.19622529 -0.18244885]
 [-0.32906913 -0.20685339 -0.28104544]
 [ 0.32636256 -0.14634806  0.26974744]
 [-0.28338547  0.16649714  0.17542827]
 [ 0.01094918 -0.29449765 -0.10111393]
 [-0.11189149 -0.04695409 -0.08333315]
 [-0.17954062 -0.13975551  0.16825612]
 [ 0.54567989 -0.22219931 -0.12675809]
 [-0.00961483 -0.08304633 -0.07038734]
 [-0.05893551 -0.20795026  0.24068026]
 [ 0.01678692 -0.01618428 -0.23690425]
 [ 0.00990509  0.08428144  0.29172267]
 [-0.18223929 -0.1049531   0.09243786]
 [ 0.07517707 -0.24688471  0.2389431 ]
 [ 0.28207372 -0.23172534  0.0685339 ]
 [-0.03045941 -0.223688    0.25696928]
 [-0.17481914 -0.10043735  0.0774696 ]
 [-0.06694737 -0.35079096 -0.21317827]
 [-0.05996809 -0.31128027 -0.16732616]
 [-0.07764936 -0.4113764  -0.2834876 ]]
Singular Values 
[7.67352153 5.92663684 3.68433774]
Singular Vector V (transpose) 
[[-0.2672991   0.94619921  0.18236843]
 [-0.52282716 -0.3013834   0.7973831 ]
 [ 0.80944607  0.11779262  0.57525816]]

Kinase CAMK2A
Singular Vector U 
[[-0.09974105  0.07125146  0.09120296  0.15754883 -0.03966064  0.26846086]
 [-0.11735836 -0.19875185  0.29271389  0.23722506  0.12176743  0.0987447 ]
 [ 0.09556258 -0.07120345 -0.43723612  0.08230039 -0.48378967  0.32166627]
 [-0.44633437 -0.09500262 -0.14050858 -0.01862279  0.16283132 -0.00893933]
 [-0.47303043 -0.07043203 -0.40368749  0.14475997 -0.02160981 -0.00498557]
 [-0.23672831  0.1770425  -0.08050485 -0.27485197  0.23104312  0.09834554]
 [ 0.20776412 -0.07996741  0.06862591 -0.14710273 -0.07263922  0.23180251]
 [ 0.16344051 -0.05984613  0.21767053  0.27812281  0.0585067   0.22890495]
 [ 0.05821324  0.31315774 -0.02368472 -0.0106423  -0.08968868  0.0843739 ]
 [ 0.02616421  0.12553205 -0.0941959  -0.15781869 -0.29018517 -0.19335355]
 [-0.22429538  0.28159197  0.29303262  0.10394987 -0.1168705  -0.37498512]
 [ 0.18364976 -0.10844731 -0.00386086 -0.12362247 -0.173843   -0.02579792]
 [-0.08761747 -0.12112978  0.05769032 -0.33225972  0.02108597  0.27208444]
 [-0.09347411 -0.13685008  0.23400637 -0.28034035 -0.25927315 -0.0030527 ]
 [-0.27654187  0.04161366 -0.10430257 -0.30070312 -0.16022715 -0.18455019]
 [ 0.31205354 -0.18921016  0.01074543 -0.0430136  -0.06393585 -0.45984537]
 [-0.27786522 -0.52238374  0.29484712  0.0406482  -0.1138055  -0.12625502]
 [-0.15984787  0.39047781  0.25590513  0.22652386 -0.08775204  0.07761817]
 [-0.15424374  0.14462382  0.33038913 -0.01460864 -0.44764138  0.21500763]
 [-0.08371108 -0.20719597  0.12472492 -0.25880922 -0.23055117  0.10694728]
 [-0.0601351   0.0635947  -0.09871553  0.22511804 -0.19579707  0.09620478]
 [-0.04109947 -0.32400681 -0.03258174  0.19207589  0.11783619  0.1824804 ]
 [-0.03185614 -0.14492188 -0.14562813  0.41975209 -0.31704246 -0.26697843]]
Singular Values 
[16.63247297 11.19028411 10.05464205  8.37595013  4.83531538  2.72780577]
Singular Vector V (transpose) 
[[ 0.21517602  0.04699018 -0.08205624  0.94155868  0.24010062 -0.02401933]
 [ 0.4455299  -0.38196456  0.1430329   0.11930168 -0.76312825 -0.1963419 ]
 [-0.80355452  0.01861726  0.19394253  0.31490164 -0.43552917  0.16580449]
 [ 0.23343173  0.90870484  0.14463014 -0.00591865 -0.30823351  0.06167928]
 [-0.13673612  0.06935957  0.54196116  0.0049515   0.19442997 -0.80308347]
 [-0.19056594  0.14489013 -0.78775306  0.00343207 -0.19362438 -0.5335114 ]]

Kinase MAPK1
Singular Vector U 
[[-1.36961142e-01  1.08664038e-02 -2.63857819e-01  4.46391199e-02
  -2.88196724e-01  1.11393400e-01 -4.26106875e-01  2.81190064e-01
  -8.98177217e-02  1.53344203e-01 -5.36750099e-02  3.81148403e-01
  -4.15449629e-03  1.89934665e-01 -1.58936275e-02  3.84969207e-01
  -1.38440257e-01  3.08332239e-01 -7.55319331e-02  1.14715290e-01
  -1.86917813e-01 -1.74321629e-02 -1.44169334e-01]
 [-1.54034946e-01  2.47638472e-01 -3.24967371e-01  2.51051572e-01
  -3.20301996e-02 -1.57068840e-01 -1.56700007e-01  1.17319525e-01
  -2.21629365e-01 -2.23863491e-01 -5.17847593e-02 -7.15345268e-02
  -2.66260214e-01  4.52572727e-02  4.54294249e-01 -3.10508806e-01
   1.16348461e-01 -6.63482907e-02  3.52904295e-01 -5.77524898e-02
  -1.05649117e-02 -2.25319920e-01 -5.32061294e-02]
 [-3.30475910e-01 -7.76407877e-02  2.96624864e-01  1.95070039e-01
  -1.89399939e-01 -3.89707627e-01 -2.80225295e-01 -6.14543980e-02
   3.95954123e-02 -1.65951206e-01  2.89363771e-01  1.38455974e-01
   5.48822979e-02  6.77309206e-02 -4.27606686e-01  5.44422114e-03
   5.67159427e-02 -1.90808546e-01  2.70561516e-01  7.02190016e-02
   2.17727400e-01 -3.06622844e-02 -9.04284370e-03]
 [-1.60020143e-01  1.54036741e-01 -1.14726904e-01  2.19752862e-01
  -7.44432258e-03 -8.31391426e-02 -6.76159494e-02 -2.85250458e-01
  -4.80973340e-02  4.22824290e-02 -3.58201551e-01  2.80502593e-01
   3.02861394e-01 -2.55766911e-01  1.38543310e-02 -8.63946117e-02
  -3.97371657e-01 -3.18256250e-01 -1.70708600e-01 -4.11162479e-02
  -1.24491514e-01 -5.84952577e-02  3.33876291e-01]
 [-3.12828758e-01 -4.01718136e-02  4.36897722e-02 -9.89670056e-02
   7.48245658e-02  1.78837780e-01 -1.24703865e-01 -1.07066102e-01
   1.65224779e-01  3.71306660e-01  1.02155530e-01  1.03801567e-01
   1.95290237e-01 -3.78764037e-01  9.26657013e-02 -3.00610503e-01
   1.31538879e-02  4.38899963e-01  2.57835896e-01 -2.43864937e-01
   1.73300323e-01 -4.70090776e-02 -7.93365152e-02]
 [-8.47529928e-02  1.46616572e-02  6.51048836e-02  2.19994978e-01
   1.14178418e-01 -1.55279093e-01  4.49155384e-01 -2.83399755e-01
   2.71458863e-01 -1.24156278e-02  1.89276934e-01  2.19177313e-01
  -1.48130332e-01  2.85899545e-01  2.46544030e-01  2.03139451e-01
  -3.78977593e-01  2.49399480e-01  2.00445295e-01  6.85259234e-02
  -7.04086675e-02 -2.21394515e-02 -3.42960157e-02]
 [-1.10719651e-02 -1.31147048e-01 -1.24244496e-01  8.92769301e-02
   2.19830300e-02 -2.15107722e-01  4.98350964e-02  5.68834425e-01
   5.56285892e-01 -6.39614364e-02 -1.83478867e-01 -1.26484405e-01
  -2.76258220e-02 -1.06827457e-01 -1.03127590e-01 -2.22808757e-01
  -3.28388235e-01 -2.49021581e-02 -1.01685357e-01  1.98826136e-02
   7.45125671e-02 -3.33492579e-02 -1.57922151e-01]
 [ 3.90450483e-02  4.37993466e-02 -2.59529946e-01  2.30183130e-01
  -1.96045645e-01  2.61480910e-01 -1.10199641e-01 -2.32863329e-01
   2.19643430e-01  1.14723706e-01  1.59237906e-01 -2.33449268e-01
  -5.71158442e-01 -2.30910753e-01 -3.03863872e-01  6.04831750e-02
  -8.49284152e-02 -4.14203335e-02  4.68763445e-02 -9.63178573e-02
  -1.02514133e-01  1.16205991e-01  2.04529599e-01]
 [ 6.87407015e-03  1.06115811e-01  1.41141079e-01  2.10067491e-01
  -2.46300222e-01 -1.17137547e-01 -2.28362288e-02 -3.22732975e-01
   1.81914194e-01  4.77871660e-02 -3.99286169e-01 -1.07014771e-01
   5.74677250e-02  2.03823367e-01 -1.04821824e-01 -2.20365124e-01
   2.61881739e-01  1.41145060e-01 -9.79702664e-02 -1.13157563e-01
  -3.34715541e-01  1.58615486e-01 -4.32234785e-01]
 [-8.73208031e-02  4.54411573e-02  3.66145857e-01  2.03185308e-01
  -1.62948324e-01 -8.43889671e-02 -1.08260825e-01  1.03832630e-01
   8.57689172e-02  5.46234425e-02 -2.66412134e-01 -3.27770683e-01
   5.65528729e-03 -2.35343442e-01  3.98405866e-01  4.85891348e-01
   6.24001605e-02  4.02074049e-02  7.55235089e-02 -6.51014180e-04
   1.93171161e-01  2.19607761e-01  1.51806825e-01]
 [ 5.68411867e-01  2.24174400e-01  1.50267262e-01  2.44771991e-01
   1.29376100e-01 -9.83362964e-02 -1.56158704e-01  4.00388169e-02
   3.76780465e-02  2.16475860e-02  1.97945816e-01  6.86977370e-02
   1.28635717e-01 -2.44363417e-01 -4.85019404e-02  2.07314104e-01
  -3.50538336e-02 -1.96910051e-03  6.16772938e-02 -3.09385211e-01
  -1.23461853e-01 -4.01646597e-01 -2.16938275e-01]
 [-2.30401552e-01 -3.78635565e-01 -1.54447158e-01  1.15886054e-02
   2.33863741e-02  3.89400526e-02 -1.81559497e-01 -2.29949222e-01
   4.78000812e-02  5.85325648e-02  2.98134093e-01 -3.99781057e-01
   2.02086465e-01 -1.25682511e-02  2.58536960e-01  1.22901698e-01
  -1.24503197e-01 -2.63756184e-01 -1.94826084e-01  9.62996486e-02
  -1.73073597e-01 -2.14551473e-01 -3.25590909e-01]
 [-1.34697843e-01  6.62534483e-02 -2.34626885e-01  1.42614592e-01
   2.98576676e-01 -4.99592134e-01  6.47804478e-03 -4.23029262e-02
  -2.80492238e-01  8.73414093e-02  5.56521347e-02 -2.65631395e-01
  -2.42187657e-02 -9.93661567e-03 -1.87729305e-01  8.13141741e-02
   1.75978588e-02  4.13843598e-01 -3.79764919e-01 -1.39328876e-01
   1.08402165e-01  3.68455645e-02  1.03375480e-01]
 [-8.32506316e-02 -6.57827907e-02 -1.95690825e-01  1.42675849e-01
   6.53506402e-01  6.07390070e-02 -1.45037941e-01 -6.31413405e-02
   2.45530349e-01  1.15967058e-01 -2.28635425e-01  2.12007086e-01
  -8.40230207e-02  3.88850861e-02 -6.10949883e-02  2.36002021e-01
   3.62742649e-01 -2.24803471e-01  1.18955110e-01  9.67761391e-02
   9.40691265e-02  8.41073654e-02 -1.17447952e-01]
 [ 1.16204516e-01 -3.31570460e-01 -1.48901751e-03  1.77005696e-01
  -7.63827522e-02 -8.31549237e-03 -3.83814098e-02  5.36775224e-02
   1.76922585e-01  2.34858050e-01 -8.74051093e-02 -1.11081631e-01
   1.48942237e-01  3.52690465e-01  3.44809772e-03 -7.73985119e-02
   2.46010768e-01  1.10717382e-01  8.28863850e-02 -2.29079965e-02
  -1.16549149e-01 -4.12986255e-01  5.58242823e-01]
 [-1.87602995e-01 -6.90114517e-02  1.60967420e-01  8.29966121e-02
  -1.06190165e-01 -1.72419795e-01  3.65125171e-01  2.46347693e-01
  -2.12035936e-01  5.68241724e-01  5.57865910e-02  1.80039945e-01
  -2.77336466e-01 -1.67443312e-01  2.01163216e-02 -5.39927418e-03
   1.63206839e-01 -2.84609819e-01 -1.03076861e-01 -2.52078541e-02
  -1.96149806e-01 -1.11688504e-01 -1.16685438e-01]
 [ 1.62190337e-02 -3.78404961e-02 -2.60955307e-01  5.65841274e-01
  -2.02118273e-01  2.82248276e-01  3.42488045e-01  1.04649153e-01
  -4.61512315e-02 -1.10804683e-01  1.88244456e-01  8.32525302e-02
   3.50756887e-01 -6.87281717e-02 -2.13008450e-02 -5.80873357e-05
   2.34966985e-01  1.17616080e-02 -1.22487659e-01  2.93141677e-02
   2.79762620e-01  1.41781926e-01 -8.18765307e-02]
 [ 3.53970398e-01  8.75996239e-02  8.05119106e-02  1.73954058e-01
   6.06542977e-02 -1.20959306e-01 -3.12978869e-01 -2.61038045e-02
   1.53213423e-02  3.84393356e-01  2.51372884e-01  4.43326567e-02
   1.26670393e-05  1.33399034e-01  2.27397678e-01 -3.36821990e-01
  -1.02408056e-01 -5.34621914e-02 -1.11870684e-01  3.72524818e-01
   1.22907182e-01  3.67989596e-01  4.56411240e-02]
 [-8.21441726e-02 -2.67073817e-01  4.39751086e-01  3.45787346e-01
   2.28306551e-01  3.55092362e-01 -1.35365333e-01  2.92331331e-02
  -2.45571472e-01 -1.81019344e-01 -1.45686330e-01  6.03521888e-02
  -2.97992453e-01  3.74757706e-02 -1.83090621e-02 -1.82254433e-01
  -1.84151984e-01  1.45313560e-01 -2.58299085e-01  2.27924793e-02
   9.35228057e-02 -1.82187907e-01 -7.53675126e-02]
 [-7.62574614e-02 -1.08202840e-01  7.34308927e-02  1.74206788e-01
   2.58549916e-01  9.34706631e-02 -5.36688987e-03  2.73868760e-01
  -1.99220580e-01 -2.81461842e-02  1.15754156e-01 -1.56939559e-01
   2.10489894e-01  6.37930522e-02 -1.00439969e-01 -3.12185136e-02
  -1.50846634e-01 -2.56652965e-02  3.37793696e-01 -2.21046607e-01
  -5.22960295e-01  4.35369603e-01  9.35784729e-02]
 [-2.44766821e-01  3.47140454e-01  1.25082601e-01 -4.72112069e-02
   3.96631261e-02  1.48905129e-01 -1.05636778e-01  1.16861655e-01
   2.53549478e-01 -6.55591217e-03  2.48303364e-01  5.95209780e-02
  -2.00291997e-02  3.52340870e-01  1.57499836e-01 -1.13365955e-02
   6.54497351e-02 -1.95248187e-01 -3.71679599e-01 -5.21476863e-01
   6.37500354e-02  6.15869276e-02  1.17441456e-01]
 [-1.34468844e-01  4.81417443e-01  4.68870861e-02  4.53279522e-02
   7.77218125e-02  2.53104999e-01  9.22097915e-02  6.42518724e-02
  -1.05062520e-01  3.08819496e-01 -1.18733063e-01 -3.71529722e-01
   1.44462254e-01  2.60921787e-01 -2.68707099e-01  4.51307670e-02
  -2.18543072e-01 -6.80185465e-02  1.85859891e-01  2.32133795e-01
   1.75956195e-01 -2.36610528e-01 -1.16946837e-01]
 [-2.05588956e-01  3.36275100e-01  1.54319725e-01  2.18659822e-02
   1.16144226e-01  5.41553617e-02  1.15683446e-02  9.16976575e-02
   2.07812153e-01 -2.10863115e-01  2.08615608e-01 -3.18612342e-03
   4.91160878e-02 -2.66236947e-01  9.41427126e-03 -4.56687486e-02
   2.54291301e-01  1.78805813e-01 -1.85074820e-01  4.90377207e-01
  -4.16122337e-01 -1.30428974e-01  1.64981334e-01]]
Singular Values 
[18.05644027 16.41597781 14.49603664 14.10503017 11.93496889 10.37760774
  9.6932534   8.54980437  8.13142935  7.81935925  7.38685729  6.00800565
  5.48899835  5.11957282  4.67059756  4.44848589  4.05827691  3.85578082
  3.59595685  3.05693749  2.81564871  2.63407235  2.0580669 ]
Singular Vector V (transpose) 
[[-0.09036384 -0.07411793 -0.02083542 ...  0.2278105   0.00252589
  -0.01726851]
 [ 0.01654743  0.17262497  0.08217115 ... -0.10280293 -0.07786466
   0.03130177]
 [ 0.36937583 -0.0272243  -0.05150852 ...  0.02621897 -0.04918661
   0.07233377]
 ...
 [-0.18718616  0.02145987  0.16608899 ...  0.16448874  0.22283779
  -0.03060906]
 [-0.01229246  0.02450945  0.0363606  ... -0.28478634  0.09776133
  -0.04015828]
 [ 0.07547785 -0.23543867 -0.11817014 ... -0.26491226 -0.27843118
  -0.0991826 ]]

Kinase CDK6
Singular Vector U 
[[-0.06991968 -0.0557543   0.05562437  0.25575362]
 [-0.31474036 -0.05337477 -0.21302737  0.0889279 ]
 [ 0.40292678 -0.09632125 -0.20631591 -0.2520921 ]
 [-0.11279827 -0.10996749  0.03465607  0.04015614]
 [ 0.11324167 -0.17254688  0.21555344  0.1365035 ]
 [-0.00241516  0.32995687 -0.01281681  0.19650056]
 [-0.06471032  0.1700419   0.13603849 -0.05388399]
 [-0.10539448  0.24813695  0.13558011 -0.26025684]
 [ 0.17578606  0.36845321  0.19101407  0.0504499 ]
 [ 0.14239941 -0.11826423 -0.10954441  0.26403707]
 [-0.1772978  -0.44794319  0.29497239  0.17221099]
 [ 0.03396331 -0.0135324  -0.22001163 -0.15560513]
 [-0.19516379  0.01459395 -0.14021381 -0.0280046 ]
 [-0.34361835 -0.07259442  0.13598944  0.1948157 ]
 [-0.02931404  0.14618433 -0.13500717  0.47359286]
 [ 0.06093563  0.16473953 -0.27646714  0.07822256]
 [-0.55174202  0.22953121  0.09915404 -0.37961917]
 [-0.07270077 -0.1649777   0.39235567  0.01649407]
 [-0.19139745  0.10681819 -0.37456094  0.26344392]
 [-0.23397111 -0.31774348 -0.3591526  -0.00231186]
 [ 0.14373652 -0.09584908 -0.05091385 -0.06761524]
 [-0.09001694 -0.23922971 -0.26183284 -0.33365547]
 [ 0.13603944 -0.28333428  0.05760294 -0.09311745]]
Singular Values 
[10.66062305  5.94756149  4.99148065  3.69175501]
Singular Vector V (transpose) 
[[ 0.96510919 -0.03787087 -0.01389018 -0.25872207]
 [-0.04486093  0.33101695  0.90472303 -0.26437004]
 [ 0.23772076  0.54155247  0.04883956  0.80487543]
 [ 0.10020272 -0.77182543  0.42296336  0.46405486]]

Kinase HIPK2
Singular Vector U 
[[-0.07051586 -0.00933268  0.00957982  0.30597053  0.12486534]
 [-0.32341066  0.01107514  0.00500314 -0.26885963  0.05948579]
 [ 0.40952126 -0.021455   -0.26719088 -0.07727565  0.08641391]
 [-0.11253239 -0.10516942  0.00586128 -0.0462428  -0.00276558]
 [ 0.13091087 -0.2145912   0.03317459 -0.07152346 -0.36269012]
 [-0.02585087  0.27081153  0.3281591   0.03559387  0.12889252]
 [-0.11510465 -0.06421215  0.36944077  0.16062475 -0.05484294]
 [-0.15884223 -0.08956368  0.41738426 -0.1138637  -0.39031319]
 [ 0.22832123  0.42316443  0.16363236 -0.44583704 -0.02263074]
 [ 0.19265858  0.11646688 -0.32397805  0.02757857 -0.04351077]
 [-0.12300642 -0.24407053 -0.13604354 -0.1849418   0.41358552]
 [ 0.01059613  0.03145221 -0.06190049  0.0257009   0.4074217 ]
 [-0.23927779 -0.04469148 -0.00422733  0.44407717  0.15397258]
 [-0.32694641 -0.03045163 -0.04119435  0.18882354 -0.05011831]
 [-0.01561743  0.31216111  0.04707565  0.07568687  0.19770109]
 [ 0.01903579  0.14132347  0.19683218 -0.10192035  0.19422637]
 [-0.4719831   0.37000932 -0.39521273 -0.18259054 -0.10574632]
 [-0.02846967 -0.11514466  0.02047264 -0.15336646  0.15018385]
 [-0.17256046  0.26853917 -0.29220171  0.10136053 -0.32701412]
 [-0.28094368 -0.29488832  0.00869449 -0.30904726  0.18790418]
 [ 0.12758175 -0.11739601  0.02033534 -0.04286757  0.09884892]
 [-0.11972141 -0.29418191 -0.12272358 -0.33211769 -0.13201669]
 [ 0.14709112 -0.2713668  -0.23383295  0.15061187 -0.15563601]]
Singular Values 
[10.74174257  5.91444639  5.38760223  4.43218324  3.52942268]
Singular Vector V (transpose) 
[[ 0.95302213  0.05536186  0.17088537 -0.01519108  0.24341591]
 [-0.14825819  0.02106326  0.09225589  0.80865825  0.56137022]
 [ 0.23903602  0.24701212 -0.56755957  0.4928713  -0.56285061]
 [ 0.11147145 -0.95720889 -0.01867478  0.18234028 -0.19423833]
 [ 0.01429077 -0.13866346 -0.79988401 -0.26395257  0.52065615]]

Kinase AKT1
Singular Vector U 
[[ 9.75093012e-02 -6.87670247e-02  2.27931629e-01  4.35835045e-01
  -2.75746672e-02  3.05599228e-01 -1.24886204e-01  2.44273924e-02
  -2.67007039e-02 -1.97396966e-01 -2.60422963e-01  2.69322946e-02
  -8.72666919e-02  2.74531398e-02 -2.22336273e-01  1.24913590e-01
  -7.77770426e-02  4.73666031e-01 -7.75992155e-02  3.25560491e-02
  -1.74993175e-01 -7.65408357e-02  4.21796339e-01]
 [ 2.78662748e-01  6.48610277e-02  7.62864201e-02 -7.26249830e-02
  -8.77674297e-02 -4.78779083e-01  1.66378659e-01 -1.28794003e-01
  -5.87059725e-02  7.46250898e-02  9.12084450e-02  9.40619320e-05
  -1.24102146e-01 -4.29982247e-01 -1.15791938e-01  2.60660314e-01
   1.32650832e-01  4.03300861e-03  2.24603460e-01 -3.57568842e-02
  -3.89205191e-01  1.87799542e-01  2.66054075e-01]
 [ 1.02420187e-01 -1.76624414e-02 -4.52672126e-01 -3.14350724e-01
  -2.57000900e-01 -9.20977559e-02 -2.04557295e-01  2.47295214e-01
   6.62427348e-02 -2.83197047e-01  9.72973876e-02 -2.08735895e-01
   3.43719189e-01  8.88255122e-02 -1.88917501e-02  3.48858624e-01
   6.19604547e-02  2.29849218e-01 -7.45666910e-02  5.30270510e-02
  -2.78096183e-02 -2.15470430e-01  9.98935873e-02]
 [ 3.38248045e-01 -2.10522865e-01  9.37576770e-02 -1.10660873e-01
   2.62832881e-01 -9.91682367e-02  2.18784353e-01  1.52018970e-01
  -2.05321551e-01  1.80595046e-01  9.20457714e-02 -1.00313875e-02
  -3.85284484e-02  2.37983018e-01 -4.61713192e-02 -2.21871578e-01
   9.69356524e-02  2.21159544e-03 -1.47841435e-01  1.93078828e-01
  -2.96108125e-01 -5.66755115e-01 -9.33820882e-03]
 [ 6.40113115e-02 -1.60116546e-01 -1.09096932e-01  2.04867936e-01
  -1.53229662e-01 -1.62508197e-01  8.18492445e-02  3.86102153e-01
   2.27664054e-01  1.25386130e-01 -4.69306549e-01  4.17619539e-02
   3.23876121e-01 -4.05405548e-01  8.28130689e-02 -3.69319144e-01
   3.93700290e-02 -8.64689978e-03 -5.49065477e-02 -1.63989378e-02
  -1.16322761e-02 -1.92786422e-02 -5.71409057e-02]
 [ 3.18244989e-01 -2.33773291e-01  4.45683589e-02 -2.35277909e-01
   4.11789157e-01 -5.45559992e-03 -7.50380376e-02  2.72692522e-01
   2.95684081e-01 -2.54550406e-02 -1.36705405e-01 -1.89053980e-01
  -3.10736845e-01 -2.42028147e-02  1.45383648e-01  1.49626367e-01
  -3.37944238e-01 -4.13486381e-02  1.08345850e-01 -2.04681262e-01
   2.38595647e-01  8.97269114e-02  1.39404667e-01]
 [-5.95835513e-02 -9.26121496e-02  1.68099028e-01  2.69030466e-02
   1.21227308e-01 -1.96399615e-02 -2.20305722e-01 -2.62040904e-01
   5.81097935e-01 -2.86530799e-01  2.22603604e-01 -1.82631902e-01
  -1.02980105e-01 -2.49001523e-01  8.24071174e-02 -1.19843701e-01
   2.22715152e-01 -1.98381685e-02 -2.91021548e-01  1.81127250e-01
  -1.80320044e-01 -1.22188686e-01 -1.23396516e-01]
 [ 1.04694536e-01 -3.16701290e-01  1.92552628e-01 -1.67853955e-01
   1.89283952e-01  1.33493055e-01 -3.90870116e-02 -3.57577585e-01
  -2.57309384e-01 -4.92204612e-02  7.08099157e-02 -6.19567880e-02
   5.86210129e-01 -1.67811840e-01  2.74893533e-01 -9.42748539e-02
  -1.00405754e-01  3.40281070e-02  3.16181349e-02  8.71451408e-02
   9.47258081e-02  1.43462840e-01  2.39418004e-01]
 [ 9.51514083e-02 -2.34386448e-01 -1.47584110e-01  1.91670974e-03
   9.08445741e-02  2.24242935e-01  2.65402150e-01 -3.20436606e-03
  -1.64432190e-01 -1.35003111e-01 -8.48078615e-02 -2.15555202e-01
  -5.36862882e-02 -2.36941419e-01 -4.03016599e-01  1.75359100e-01
  -1.06003389e-01  1.28928076e-02 -3.80620390e-02  4.01110163e-01
   1.52822421e-02  2.26523012e-01 -4.56983767e-01]
 [ 1.63859355e-01 -1.46108779e-01 -1.30744084e-01  9.97974452e-02
  -3.98325533e-01  3.13323148e-01  3.76310638e-01 -2.28928416e-01
   1.41533560e-01  8.93706882e-02 -9.82488913e-02 -3.51395985e-01
  -5.96640949e-02  1.76917881e-01  2.50900902e-01  9.20551877e-02
  -2.94720461e-02 -2.93966152e-01 -1.24016692e-01 -2.14298800e-01
  -2.18158557e-01  1.00744524e-02  1.00879987e-01]
 [ 2.87652248e-01  8.33712251e-02  3.52805190e-01  2.43452056e-01
  -3.08142823e-01  3.77719824e-02 -3.78695861e-02  2.24610972e-01
   2.24841143e-01  1.52310446e-01  3.24009821e-01 -7.09738403e-03
   1.56178112e-01  9.68959147e-02  6.08684074e-02  1.31990093e-01
  -1.31769023e-01 -1.32339097e-01  2.83294291e-01  4.30757839e-01
   2.05797637e-01 -1.62096481e-02 -3.62005666e-02]
 [ 1.57739069e-01  2.37210919e-01 -2.59811339e-01 -1.20902253e-01
  -1.81758592e-01  8.43502327e-02 -5.09902643e-02 -1.86065397e-01
  -1.46820979e-01  4.51668843e-02 -3.94650867e-02 -1.67880124e-01
  -3.43645747e-01 -2.67313321e-01  2.01196106e-02 -3.45772678e-01
   1.31571885e-02  2.38494872e-02 -1.79617754e-02  3.14794281e-01
   3.97710728e-01 -1.71952200e-01  3.29556072e-01]
 [-8.59981626e-02  8.28861000e-02  7.65847185e-03  4.25691410e-01
   9.55455075e-02 -4.03757021e-01  2.61398066e-01  1.16571867e-01
  -2.30888293e-01 -2.90142445e-01  2.23165183e-01 -4.26131997e-01
  -2.35321758e-02  5.12847830e-02  2.60580329e-01 -8.63275033e-02
  -1.16099748e-01  1.89816321e-01 -1.22213339e-01 -8.16937469e-02
   1.64216361e-01  5.37204092e-02 -4.47420082e-02]
 [-2.21823210e-01  1.63623240e-01  5.15650228e-01 -3.84942400e-01
  -1.97508921e-01 -1.08318364e-01 -1.07915365e-01  7.60358180e-02
  -1.22579972e-01  1.07026246e-01 -3.95326718e-01 -4.36770435e-01
  -4.13261592e-02  8.56119323e-02  6.34852748e-02  2.67779015e-02
   3.44213679e-03  1.00996263e-01 -6.72877923e-02  1.38563024e-01
  -9.22633569e-02  3.41941545e-02 -1.04107024e-01]
 [ 8.24328520e-02  2.91669920e-01 -3.91314771e-02 -6.50401747e-02
   1.39757342e-01  2.67830602e-01  6.37745011e-02  1.64198965e-02
   1.80496977e-01  2.85390865e-01  2.56274760e-01 -3.62184150e-01
   1.90892713e-01 -5.13531750e-02 -2.52518224e-01 -2.88149653e-01
   3.42533264e-02  3.61482524e-01  2.56666568e-01 -3.00045256e-01
  -1.03013609e-01  5.98689972e-02 -8.98436597e-02]
 [ 7.06856885e-02  2.95231593e-01 -1.68505551e-01 -2.34474573e-04
   1.15734378e-01  2.35356850e-01 -5.01356012e-02  7.20545524e-02
  -8.94619253e-02 -1.23039652e-02 -4.80229923e-02  1.63659766e-01
  -1.12790958e-01 -1.50172133e-01  6.26446401e-01  7.04585955e-02
  -1.58418660e-01  2.18541357e-01  1.31984424e-01  2.03057846e-01
  -3.81325823e-01  1.25719660e-02 -2.36558229e-01]
 [ 3.51904135e-01  3.68440741e-01  5.44062927e-02 -7.11530327e-02
  -2.47147605e-02 -1.77887610e-01  8.86162993e-02 -3.14397161e-01
   1.29821761e-01 -4.18483954e-01 -2.64051796e-01  1.36073810e-01
   1.76854718e-01  1.80782323e-01 -1.71091592e-01 -1.78849857e-01
  -3.68325931e-01 -8.04548086e-02  5.84072853e-02 -6.46911956e-02
  -3.05218741e-02 -9.40890266e-02 -1.68759628e-01]
 [ 3.24505430e-01  7.49848839e-02  2.69750703e-01 -1.16666843e-01
  -1.90265618e-01  2.74318180e-01 -9.26254978e-02  3.13688106e-01
  -2.99427099e-01 -3.55525871e-01  1.78108900e-01  9.00994032e-02
  -7.63843856e-02 -2.10328347e-01  1.77132171e-02 -1.22098385e-01
   2.56183283e-01 -1.57320867e-01 -1.70905762e-01 -3.42643550e-01
   3.86651808e-02  8.41527771e-02 -1.32308901e-01]
 [ 3.64077673e-01  1.02942068e-01 -1.15967488e-02 -3.34358253e-02
  -8.84186696e-03 -1.15914999e-01  4.00415979e-02 -1.13337947e-01
   9.93899036e-02  3.21004582e-01 -1.94340804e-02  1.77318773e-01
   2.20472507e-02  1.66263216e-01  7.65694981e-02  9.98952888e-02
   1.46337636e-01  3.39104264e-01 -5.72011608e-01  3.28236483e-02
   1.96994483e-01  3.53373273e-01 -1.02765071e-01]
 [ 1.49944250e-01  3.67729821e-01 -9.31631899e-02  2.48098926e-01
   4.20365364e-01  6.49569249e-02 -1.69836973e-01  3.77960191e-02
  -6.76620867e-02  2.11753314e-02 -2.53480516e-01 -2.42839363e-01
   1.92660268e-01  7.91626271e-02 -1.47760513e-02  1.98367036e-01
   4.07655167e-01 -3.97946831e-01 -2.56829011e-03  1.03693899e-01
   9.88389437e-03  5.25128597e-02  1.07230329e-01]
 [ 1.71624281e-01 -2.98465780e-01 -1.41177664e-01  1.93846805e-02
  -9.62845329e-02 -1.14806326e-01 -2.37535533e-01 -2.70711518e-02
  -2.23499383e-02 -1.66022367e-01 -7.91458665e-02 -5.83825894e-02
  -1.52910447e-01  4.03776338e-01  5.74042668e-02 -3.58429526e-01
   3.02585903e-01  9.67961678e-02  3.64065940e-01  1.33609706e-01
  -1.30857589e-01  3.93442422e-01 -4.88448201e-02]
 [ 1.87689349e-01 -1.84081661e-01  3.12330634e-02  2.00866745e-01
  -9.04912494e-02 -8.71798150e-02 -2.62682450e-01 -3.22493028e-01
  -1.26142122e-01  1.52431221e-01 -1.53272198e-01 -8.01032082e-02
  -5.56723482e-02 -1.25748822e-01  8.85201119e-02  2.30150292e-01
   1.58095858e-01  1.60813950e-01  2.33272151e-01 -2.68544864e-01
   2.39579667e-01 -3.86904463e-01 -4.09287910e-01]
 [ 8.52562488e-02 -4.15520733e-02 -1.30877851e-01  1.67165207e-01
  -7.61968786e-02 -1.01049224e-01 -5.74174084e-01 -3.49445810e-03
  -2.01685625e-01  2.39273128e-01  1.38317429e-01 -1.59864994e-01
  -1.04309889e-02 -4.02542875e-02 -1.41079815e-01 -1.15993830e-01
  -4.61338385e-01 -2.24322782e-01 -2.62135638e-01 -5.49905614e-02
  -2.74198243e-01  1.01000277e-01 -4.73648848e-02]]
Singular Values 
[19.89211509 16.85038451 13.07558816 11.54004727 10.87418393  9.63119883
  8.52971513  7.73914828  6.52204175  6.17281854  5.57522943  5.42952813
  4.88365033  4.08719451  3.9113462   3.7688696   3.05368223  2.58929465
  1.85673918  1.45311518  1.20232977  0.64207931  0.43654815]
Singular Vector V (transpose) 
[[-1.63583205e-01 -1.27402580e-01 -2.41649576e-02  4.09614393e-02
   5.05623530e-02 -6.30062757e-01 -2.50489468e-01 -3.03626221e-01
  -5.38424574e-02 -1.07613223e-01 -1.46189722e-01  6.28800050e-02
  -6.56950226e-02 -3.35554338e-01  2.88187528e-02 -3.21394026e-02
  -1.80001312e-01 -2.99338119e-01 -1.48067085e-02  6.08888835e-02
  -3.09019799e-02 -2.82806790e-01 -1.43127964e-01 -9.69097247e-02
   7.03895764e-02]
 [-2.96848797e-01 -5.73238371e-03  1.23189730e-01 -3.16719720e-02
  -7.14011945e-03  6.89576473e-02 -3.05313108e-01 -1.87142904e-01
   1.47175506e-02  1.42811110e-01  5.23969250e-02 -6.35047192e-02
   1.68974807e-01  2.33616518e-01  1.72020959e-02  1.30035012e-02
  -9.79495699e-03 -1.54484262e-01 -9.15643386e-02 -2.69890676e-02
   5.15394026e-01 -1.01940281e-01  5.78437840e-01  1.35534111e-02
   8.81460025e-02]
 [-4.52418169e-01  2.13840897e-01  5.34253792e-03  8.55372655e-03
   1.72067412e-01  8.65941205e-02 -8.16850010e-02  2.72038215e-01
   6.97748798e-02  2.65256403e-01 -1.19546312e-01  4.34947889e-02
   1.99247466e-02 -3.83549272e-02  3.41245995e-01  2.52829795e-02
   1.66146291e-01 -4.59010282e-02 -4.08275339e-02  1.93022016e-01
   2.71573748e-01 -2.56088738e-02 -5.04347633e-01  1.54630126e-01
   3.92760922e-03]
 [-4.72222513e-02  3.39567749e-02 -7.63104966e-02  1.16216294e-01
   4.86812640e-02 -2.26659089e-01  4.17861034e-01 -3.22226521e-01
   1.52312126e-01 -3.37661708e-01  1.36444280e-01  1.25868147e-01
   3.63544079e-03  2.93460325e-01  6.34466152e-02  1.07322670e-01
  -2.62269222e-02  2.28047829e-01 -8.14548918e-02 -3.46091962e-02
   4.44208181e-01  1.42143895e-01 -2.24693426e-01 -2.05835311e-01
   2.91200646e-02]
 [-1.97783835e-01 -3.89346127e-02  7.90236559e-02 -5.42717742e-02
  -8.54538380e-02  2.81938105e-02 -1.78051529e-01 -6.37684363e-02
  -1.69517450e-01 -2.33549937e-02 -1.80022564e-01 -2.33206563e-01
  -1.51772698e-01 -1.83134323e-01 -9.10671600e-02 -1.30065321e-01
  -4.32106820e-03  7.28612318e-01 -2.63749117e-01 -1.86156593e-01
   6.55458550e-02 -1.92121832e-01 -3.81309838e-02 -7.13633458e-02
  -1.59952716e-01]
 [ 3.92301147e-01 -2.18542862e-01 -2.26469972e-02 -7.88795049e-02
  -1.28171503e-01  3.52298771e-01  8.49444895e-02 -2.34646590e-01
  -1.37803852e-01  3.06675769e-01  7.09256598e-02  4.67296606e-03
  -1.62626028e-02 -8.99904817e-02  1.55429382e-02  1.93495863e-01
  -2.24103993e-01 -6.38243473e-02 -1.87440415e-01  2.06752600e-01
   2.43530523e-01 -3.85461552e-01 -2.58901713e-01 -6.30314720e-02
   1.16543257e-01]
 [-1.57414265e-01  7.41518395e-02 -1.52172679e-01 -2.11654019e-01
  -2.69920610e-01 -1.68776270e-01  2.38722299e-01  2.35223014e-02
  -4.82518823e-01  1.96929211e-01 -1.14343559e-02 -4.38022696e-02
  -4.34597241e-01  1.17871593e-01  5.34768132e-02 -5.00583642e-02
  -8.66646499e-02 -1.64148973e-01 -2.87850758e-01  1.45417700e-01
  -5.51714282e-03  3.31999005e-01  1.10696085e-01  5.10407012e-03
  -1.00818862e-02]
 [ 4.48388214e-01  2.58438760e-01  3.46655405e-01  1.36862406e-01
   2.12615162e-01 -1.97349184e-01 -1.39264644e-01 -6.59330190e-02
   2.13592896e-02  2.90874118e-01 -1.98447074e-02  1.17031306e-01
  -1.69615478e-01 -1.24584628e-01  1.90597451e-01 -2.44328286e-01
  -2.08430007e-01  1.89661115e-01  1.30448801e-01  8.97153716e-02
   2.09527438e-01  2.93719675e-01  8.14684963e-02  5.48103932e-02
  -3.99929080e-02]
 [ 7.43502066e-02 -1.56531342e-01  1.05419441e-01 -1.60523312e-01
   2.13700597e-01 -1.14161498e-01  9.40846182e-02  3.51155203e-01
   1.00173295e-01 -1.36771600e-01  4.70192276e-01 -4.10004091e-01
  -3.90320314e-01 -5.27024843e-02  5.17974157e-02 -1.71620621e-01
   9.31857042e-02 -1.07531146e-01  7.32886488e-02 -3.02279610e-02
   1.99243902e-01 -2.52963769e-01  2.40378341e-02 -7.26440544e-02
   3.10105587e-02]
 [ 7.26413862e-02 -1.56000638e-01  1.71973371e-01 -9.34287161e-02
  -9.48763877e-02  2.86488075e-02  2.97751354e-01  1.01820107e-01
   1.33154308e-01 -2.24383093e-01 -2.39245682e-01 -1.20108718e-01
   2.32776879e-01 -4.51656790e-01 -1.57396503e-02 -1.07584249e-01
  -4.42180283e-02 -1.76213547e-01 -3.19509022e-01 -1.20972750e-01
   2.60382286e-01  2.17905996e-01  4.98024985e-02  3.82058922e-01
   6.01341016e-03]
 [ 3.03753767e-01  1.26983551e-01 -4.50647345e-02 -1.11916883e-01
   4.17983413e-01 -1.22943135e-01  9.90691544e-03  1.21680641e-01
  -2.34847082e-01 -1.16078589e-01 -3.00721593e-01 -5.16595324e-02
   2.23272973e-01  3.12083531e-01 -1.14538666e-02 -9.00524016e-02
   1.67869226e-01 -1.30779665e-01 -3.42640571e-01  9.75053641e-02
   7.07810717e-03 -2.12264182e-01  2.35073462e-02 -1.01703244e-01
  -3.56244860e-01]
 [ 4.89422497e-02 -6.18128866e-01 -6.39465824e-02 -1.59134156e-01
   4.01809901e-02  7.31003337e-02 -3.38873388e-01  7.68790259e-02
   1.60347182e-01 -5.92231604e-02 -2.24778535e-01 -3.27933974e-02
  -6.97683932e-02  1.11628724e-01  1.33226072e-02 -4.75391634e-02
   3.23527407e-02  1.17553924e-02  3.39179734e-02  2.37054724e-01
   9.79817354e-02  4.36049686e-01 -1.11413708e-01 -2.91447469e-01
  -4.68473583e-02]
 [-5.96445358e-02  6.67758206e-02  2.86579939e-01 -2.39551721e-01
  -8.38234010e-02 -1.08591843e-01  3.56023421e-03 -2.86893195e-01
   2.99182678e-02  1.18103648e-01  3.09052410e-01 -4.13461624e-01
   4.47797760e-01  7.77594431e-02  1.03746534e-01 -1.83130489e-01
   5.57722749e-02  3.48842031e-02 -1.27306315e-01  2.09570178e-01
  -2.87952840e-01  1.60754070e-01 -1.74607484e-01 -8.53390833e-02
   9.03951389e-02]
 [-1.03213179e-01  7.89784083e-02  2.60876530e-01  1.01497855e-01
  -1.46647802e-02  3.37553216e-01  5.53210639e-02 -4.98416096e-02
  -3.60267552e-01 -2.42447364e-01 -2.04722588e-01 -1.73224115e-02
  -4.39562210e-03  7.76818290e-02 -4.37026467e-02 -4.76491436e-01
  -1.20596162e-01 -2.22901899e-01  2.54576914e-01 -1.72326744e-01
   7.55476194e-02 -1.70328547e-02 -1.87925803e-01 -2.70538957e-01
   2.14515742e-01]
 [-3.88184704e-02  5.06958922e-04  3.95639363e-01  8.66459908e-02
   2.14418690e-01  1.04024498e-01 -2.13888180e-01 -1.26622113e-01
   1.27708944e-03  3.56393091e-02  1.89393326e-01  1.07325198e-01
  -2.36030888e-01  4.69897794e-02 -2.78557993e-01  2.87963790e-01
   1.06273096e-01 -2.20058693e-01 -3.76813567e-01 -3.76452815e-01
  -9.85169046e-02  2.02372865e-01 -2.28711139e-01 -2.85248355e-03
  -4.87662475e-02]
 [ 5.15586773e-03 -7.52063746e-02  8.34028027e-02  1.42770566e-01
  -2.64122298e-01 -1.03291798e-01 -2.50241837e-01  2.18115219e-01
  -2.77680273e-01 -2.24035398e-01  3.58318869e-01  1.94666345e-01
   1.76388665e-01  1.19429871e-01 -3.06217155e-01 -1.06128908e-01
  -1.40889328e-01  4.88095074e-02  4.49477105e-02  2.60258331e-01
   1.70769111e-01 -6.29378713e-04 -1.87070567e-01  3.25463496e-01
  -2.65117659e-01]
 [ 4.14543451e-03 -3.58418321e-01  1.95035570e-01 -4.73230968e-02
   6.26358298e-02 -1.71847393e-01  1.86788819e-01 -1.39948654e-01
  -1.14869558e-02  2.05335120e-01 -1.55537540e-01  1.92699106e-01
  -1.13321863e-01  3.00174137e-01 -1.41565916e-01 -2.39203959e-01
   3.69826679e-01  1.21254959e-01  8.02439306e-02  7.92739740e-03
  -7.20365146e-02 -1.71599028e-01 -3.29984947e-02  4.27225081e-01
   2.88553377e-01]
 [-2.94010137e-02  1.46300671e-01 -2.69966720e-01 -5.36398043e-01
   2.14231149e-01 -1.26465880e-02  2.37813644e-02 -1.66998931e-01
  -3.36050311e-02  2.01058756e-01  4.76225307e-02  3.06689100e-02
   8.94683673e-02 -1.68335208e-01 -4.80032258e-01 -7.06145937e-02
   2.71054171e-02 -1.78195090e-02  3.19110678e-01 -1.65359889e-01
   2.16184880e-01  1.20563803e-01 -1.28067824e-01  2.39917135e-02
