Method Singular Value Decomposition(One of the PCA methods)
Kinase MSK1
Singular Vector U 
[[-0.09510874 -0.07014927  0.289538  ]
 [ 0.11276245 -0.07856808 -0.43467085]
 [-0.08226375 -0.20069019 -0.00409055]
 [-0.01947126  0.32823007 -0.16429754]
 [ 0.14332637  0.16854785  0.21387572]
 [-0.08831797  0.44178676 -0.06811194]
 [-0.19282508 -0.17417842  0.1743263 ]
 [-0.07929857 -0.04977195 -0.20276656]
 [-0.03777882  0.04041102  0.17422584]
 [-0.20891015 -0.31817796  0.28845404]
 [-0.05835564  0.3467896   0.42443123]
 [ 0.2732519  -0.41541478 -0.12189943]
 [ 0.14493533  0.16178203  0.09682318]
 [-0.07144647  0.0209927   0.10493961]
 [ 0.38955905  0.0072961  -0.13287522]
 [ 0.48767768 -0.13087062  0.2473196 ]
 [-0.19962451 -0.19865208  0.13380773]
 [-0.15586365 -0.0049752  -0.11315166]
 [-0.02549783 -0.0912995  -0.25224515]
 [ 0.2038575   0.29037247 -0.1063995 ]
 [-0.27274464  0.11251718 -0.11835418]
 [-0.30926138 -0.01075709 -0.1552481 ]
 [-0.28992628 -0.00911646 -0.16369194]]
Singular Values 
[16.09270677  4.41442188  3.99458925]
Singular Vector V (transpose) 
[[ 0.35909961  0.92969739 -0.08191604]
 [-0.90766867  0.36831826  0.20119452]
 [ 0.2172212   0.00210375  0.97612014]]

Kinase AURA
Singular Vector U 
[[-0.03725265 -0.21846897  0.23769364  0.01970911 -0.00209738 -0.00774996
  -0.18059308 -0.05296176 -0.41284041 -0.28102863 -0.21654935  0.1693644
  -0.33178162 -0.07061475 -0.10628353  0.32340702 -0.18407255  0.35222979
  -0.11972809 -0.12167598]
 [-0.11273804 -0.37861049 -0.04034814 -0.03143741 -0.09238246  0.31144336
  -0.01601019 -0.10462241  0.34213209  0.17289109 -0.06011713 -0.11031919
  -0.27974366  0.28995093  0.15679841 -0.18428883 -0.44590049  0.08490561
   0.16716863  0.1099546 ]
 [-0.19830634  0.17838637 -0.16191275 -0.25266931  0.23829009 -0.06980468
   0.18960552 -0.0212419  -0.00834273 -0.02942396 -0.0543951   0.06329756
  -0.15658554  0.19099993 -0.22041722  0.02393293  0.24254869 -0.03689676
  -0.20047156 -0.0633597 ]
 [ 0.133403   -0.04920848 -0.13170454 -0.17168202 -0.24056298 -0.12192426
  -0.17825279  0.19899747  0.24579159 -0.13310182 -0.42511021  0.57448764
   0.25206327  0.01078277  0.03420144 -0.02521499 -0.10492949 -0.22052973
  -0.08016889 -0.11639493]
 [-0.10962067  0.14038815  0.21227477  0.17187365  0.34071205  0.01098896
   0.15361914 -0.33426786  0.10025692 -0.1288068  -0.27346891  0.14805624
   0.32634769  0.09388363  0.00997551  0.15675225 -0.21710729  0.2956468
   0.01706281  0.24287036]
 [-0.33105092  0.16843704  0.00312009  0.06499358 -0.29400862 -0.0458054
  -0.20010082 -0.28977689 -0.03308723 -0.36846737 -0.17109208 -0.25051037
   0.24582257  0.25176283  0.22345133 -0.03649908  0.20738645 -0.07163083
   0.33114852 -0.08667724]
 [-0.04554092 -0.14986588  0.12895532  0.09624208  0.38776562  0.40512255
  -0.02657456  0.06895442 -0.43654643  0.20553776 -0.23778326  0.06707918
   0.1578446   0.13491075 -0.0116351  -0.12701544  0.16515302 -0.4010099
   0.13654512  0.03126576]
 [-0.29500945 -0.19794699  0.40641467  0.15012379 -0.16618022 -0.16137256
   0.03644711  0.45692538  0.10114267  0.31929162 -0.15415003 -0.24403895
   0.32589128  0.05633424 -0.05467262  0.06384484  0.06537378  0.16776536
  -0.21932338 -0.08557226]
 [ 0.22191709  0.03216773  0.08607616 -0.22632659 -0.19908036  0.22724301
   0.04775514  0.10854976 -0.03205948 -0.33580189 -0.1410148  -0.3822571
   0.15012182 -0.12635689 -0.58883738 -0.14548227 -0.13803886 -0.03587269
   0.04177131  0.25214426]
 [-0.14944168  0.22864327  0.02725191 -0.07743444 -0.05408933 -0.19274142
  -0.17554012 -0.16806498 -0.09328557  0.40487735 -0.34667727 -0.08904914
  -0.1986782  -0.47736078 -0.10205382 -0.20036599 -0.06760033  0.06197142
   0.32030264 -0.19235808]
 [-0.15380532  0.24346732 -0.21749367  0.45626404 -0.28006306  0.30287538
   0.23394688  0.03510895  0.08987211 -0.02593823 -0.0932586  -0.05405041
  -0.1984414  -0.05021185 -0.06381617  0.23415531  0.15370244  0.01836806
  -0.19212458 -0.09967333]
 [-0.32265164 -0.03556141  0.38066901  0.082411    0.04542379 -0.28427508
   0.33757202  0.17840078  0.10085613 -0.30205794  0.18677054  0.17125214
  -0.25917212 -0.0912332  -0.0719403  -0.0582204  -0.11543508 -0.36598088
   0.30718038  0.05338899]
 [-0.17775887  0.16817665  0.22943428 -0.02090216  0.09721541 -0.02691197
  -0.64791662 -0.16103214  0.22187951  0.09942323  0.32793926  0.05142263
  -0.02352045  0.1137343  -0.28216287  0.07238145  0.03527459 -0.11083115
  -0.19637376  0.15571547]
 [-0.05971535  0.08407401  0.06986925  0.18942203 -0.03047922  0.09460039
  -0.30222173  0.28134707 -0.12473018 -0.25904603 -0.1432435   0.02161734
  -0.33009521  0.14198181  0.15151312 -0.45979328  0.09630314  0.04931251
  -0.21300693  0.06327092]
 [-0.29655924 -0.04085109 -0.2299349  -0.10431861  0.17552998  0.04140773
  -0.0700068   0.00207486 -0.00172582 -0.08883662 -0.07419102 -0.25061063
   0.02540757  0.05978235 -0.11425514  0.21658017 -0.41860435 -0.34178291
  -0.20058257 -0.4567042 ]
 [-0.22219725  0.13705455 -0.08314618 -0.14297772  0.17252814  0.06711971
   0.03588575  0.11758407 -0.13622755 -0.1953135   0.26964986 -0.03774791
   0.2818967  -0.29264308  0.29560523 -0.37395392 -0.24423629  0.23363515
  -0.21401944 -0.11088038]
 [-0.39996766 -0.32335741 -0.0557374  -0.20175728 -0.23047968  0.31341285
  -0.05167459 -0.11927817 -0.04397403 -0.02224206  0.09139929  0.16056163
   0.06900378 -0.44993005  0.10750836  0.19002435  0.19021394 -0.1072839
  -0.08197794  0.29953182]
 [-0.15066676  0.20595862 -0.15466361  0.42173378 -0.16142913  0.11658864
   0.01711842 -0.01537482 -0.12511234  0.15089677  0.13962741  0.34260963
   0.15292642 -0.01690846 -0.33178478 -0.20440303 -0.3246441  -0.01896363
   0.03505263  0.07949   ]
 [-0.35172519  0.01148873 -0.11361356 -0.39615729 -0.14627147 -0.08482452
   0.23446748 -0.06751975 -0.13344331  0.15089705 -0.08767404  0.1573826
  -0.07046179  0.3425879  -0.20133284 -0.21678939  0.09982573  0.23217809
  -0.07828468  0.12110648]
 [-0.15829184  0.15473464 -0.25836557 -0.09841526  0.2320578   0.17676923
  -0.19930175  0.54590561  0.11290309 -0.04941801  0.03763126  0.05611189
  -0.0024714   0.02459242 -0.04927674  0.27979848  0.04088926  0.29517113
   0.5023718   0.06854365]
 [ 0.07036078  0.06615298  0.3905451  -0.15134231 -0.0399049   0.46423331
   0.0902111  -0.10895129  0.23445543 -0.03975456  0.14135984  0.21334701
   0.0317487  -0.00691204 -0.11298014 -0.11786131  0.17726467  0.15920496
   0.10097731 -0.58090596]
 [ 0.09748584  0.37672094  0.22927231 -0.25723144 -0.35755026  0.10082047
   0.0325226   0.11199116 -0.38224722  0.17752046  0.18565184  0.04286534
   0.00906842  0.23785267  0.24275922  0.26778168 -0.28463113 -0.11085548
   0.0520272   0.04402874]
 [-0.01859305  0.42184462  0.20491556 -0.1601481   0.1357561   0.19404242
   0.08816416  0.05918359  0.28200202  0.05289011 -0.31642269 -0.06555337
  -0.18210603 -0.16267592  0.23560583  0.04923438 -0.06428329 -0.14552711
  -0.22240808  0.2519189 ]]
Singular Values 
[18.34177781 12.26686997 10.81711489  9.88849087  9.18334595  8.5430711
  6.96501804  6.20388505  4.70696291  4.31469418  4.20966669  3.22567686
  2.8139571   2.45550054  2.29853571  1.77579697  1.57005082  1.08023304
  0.79561227  0.49855776]
Singular Vector V (transpose) 
[[ 0.21502587 -0.16971279  0.06161494 -0.11040566 -0.06910435 -0.21670463
   0.78191852  0.10523853  0.07281244  0.0738636   0.06888804 -0.04020381
  -0.33498325  0.10761095  0.06250593  0.17065042 -0.07626926 -0.19789737
   0.1017588  -0.07409824]
 [-0.06808433  0.04661035  0.52160657 -0.05889857 -0.33109684 -0.134779
  -0.08223535 -0.10904745 -0.22819143 -0.12825622  0.6388958  -0.00243691
   0.07434073  0.10719673  0.21222542  0.10256845  0.02079273  0.04700323
  -0.08864916  0.10682868]
 [ 0.19611698 -0.23945424  0.08262289 -0.06402087 -0.09766858 -0.35001972
  -0.2570232   0.27396537 -0.12819383 -0.00840895 -0.14791921 -0.03470668
   0.30597165  0.26900308 -0.41595987  0.35366535 -0.10890231 -0.08145634
   0.30954764  0.04601056]
 [-0.13305305 -0.26959218 -0.0338752  -0.07138344 -0.33992622 -0.36941215
  -0.25328187 -0.11538385 -0.06530488  0.18117238 -0.29507484 -0.04412876
  -0.12238296 -0.14559506  0.41418515 -0.24737915 -0.25018029 -0.34029076
  -0.0213047  -0.00506737]
 [ 0.01217555 -0.19639034  0.6674914   0.04397092  0.01407587  0.17503121
  -0.04206727  0.03548263  0.07792656  0.17377966 -0.23125914  0.22700267
  -0.26543609 -0.27816701 -0.3814586  -0.10067146  0.01975153 -0.04397575
  -0.15322966  0.09683384]
 [-0.07637465 -0.1333111   0.19391956 -0.06729729 -0.16620316  0.2577918
   0.30653989  0.1925701  -0.1340531   0.00500047 -0.35748703  0.06534345
   0.45365153  0.2426827   0.29943769 -0.26185124  0.23058741  0.16069217
   0.11865033  0.20754584]
 [ 0.1692073  -0.3364837   0.23338465  0.07726127  0.41823619  0.32836201
  -0.13114689 -0.12650957 -0.18764548 -0.17031429 -0.03948922 -0.46692735
  -0.09975441  0.1916909   0.2283814   0.02908141 -0.2101919  -0.06954195
   0.08299044 -0.20581549]
 [-0.13632223 -0.02755594 -0.03208354 -0.00129245  0.07583634  0.10345185
   0.00629748  0.03560749  0.02772986  0.69331782  0.1965668  -0.0049289
  -0.00270617  0.13472328  0.01396076 -0.02732238 -0.47930478  0.388318
   0.16208617  0.12589117]
 [ 0.21626213  0.23893075  0.03038037 -0.09897542 -0.10948604  0.24025047
  -0.25779183 -0.01196766  0.06583801  0.31507968 -0.17158171  0.0774988
  -0.28345411  0.16901841  0.32645922  0.49093935  0.34585618 -0.1100127
   0.10355225  0.10539111]
 [-0.25204061 -0.44441469 -0.27972431 -0.03705532 -0.14564648  0.17126041
   0.01731056 -0.10934438 -0.29561949  0.28643159  0.2036145  -0.20437374
  -0.08250885  0.07297902 -0.2908683  -0.02126415  0.46036911 -0.14168525
  -0.12077782 -0.01000663]
 [ 0.04710991 -0.29725012 -0.15284797 -0.13114975 -0.03497786  0.20603113
  -0.18270288  0.72722207  0.0575119  -0.13215921  0.24140599  0.26176061
  -0.14513372 -0.09230359  0.19271708 -0.02668456 -0.06103206  0.03683127
  -0.12918324 -0.16180574]
 [-0.15849048  0.18348412  0.07509819 -0.19694189  0.10821925 -0.28818826
  -0.09702913  0.15014656 -0.05760098 -0.04674444 -0.17523675 -0.08828847
  -0.36950749  0.58933444 -0.08824589 -0.23615049  0.08587078  0.23006927
  -0.33704706 -0.06891042]
 [ 0.37161383 -0.30376571 -0.04174775  0.10804923  0.11653415 -0.12748233
  -0.13395197 -0.3106884   0.29546309  0.01874192  0.20340975  0.41345923
  -0.02914979  0.28295743  0.04439729 -0.35427542  0.21821451  0.05385332
   0.22844603 -0.02887498]
 [-0.19768171 -0.18800128 -0.12631473 -0.15954004 -0.41837174  0.33666553
  -0.0086142  -0.26191519  0.32668809 -0.38011063 -0.0888027   0.03807793
  -0.17437129  0.22804816 -0.14665767  0.15803082 -0.30069078  0.11488821
   0.03472014  0.18126873]
 [ 0.14835084  0.29618649 -0.06654055 -0.12849908 -0.15379311  0.28547647
   0.02982761 -0.09167367 -0.53200074  0.00525083 -0.00948754  0.36064709
  -0.0657879   0.14797206 -0.17565272 -0.21070621 -0.24613049 -0.26450149
   0.15097037 -0.29473084]
 [-0.18909035 -0.07058286 -0.06239735 -0.4148602   0.38939447 -0.11117308
  -0.01247577 -0.05231028 -0.30123671 -0.19193776  0.02041603  0.17509176
  -0.23225631 -0.19332473  0.05531128  0.01115552  0.04840176  0.05789572
   0.34767855  0.4864639 ]
 [ 0.2621637   0.04894042 -0.01789179  0.08865017 -0.3695757  -0.04398574
  -0.05061884  0.06505345 -0.15323755 -0.08600437 -0.06282636 -0.30957798
  -0.298937   -0.271348   -0.05563663 -0.18783514  0.14895882  0.51396168
   0.37583298 -0.12550068]
 [-0.29370797  0.24526631  0.13127128  0.01956182 -0.00914728  0.10205543
  -0.07215192  0.24960616  0.34053615  0.00977538  0.17946448 -0.26557057
  -0.07420347  0.10781985 -0.09784624 -0.30423311  0.08537765 -0.42148257
   0.48346188  0.03501779]
 [ 0.53198352  0.09412466 -0.14080148 -0.03539206 -0.07218327  0.10171605
  -0.0327555   0.09777675 -0.02694293  0.02095863  0.0965588  -0.25985937
   0.0028137   0.02061022 -0.09742187 -0.25738866 -0.12573127 -0.18175952
  -0.28954305  0.61155397]
 [-0.17086893 -0.01822392 -0.07707927  0.81259804 -0.01026967 -0.03973068
   0.03460633  0.13111108 -0.23577666 -0.12114237 -0.03887438  0.17400338
  -0.24143763  0.15953599  0.05739792  0.08210744 -0.05412563 -0.04574445
   0.05753597  0.28280056]]

Kinase IKKA
Singular Vector U 
[[-0.13217483 -0.34266611 -0.24972453  0.01853317 -0.23258242 -0.14762581
  -0.20715826]
 [-0.12912101  0.13383312 -0.2458914  -0.20809497 -0.49105511 -0.14195242
   0.17039413]
 [-0.13833756  0.38622761  0.05310863  0.34142736 -0.07930082 -0.21447613
  -0.27084305]
 [ 0.11002995 -0.0767089  -0.08073352 -0.23929788  0.26864165 -0.05795009
  -0.12921357]
 [ 0.10208797  0.01144509 -0.18761566  0.52360232  0.27709616 -0.07853999
   0.23352454]
 [-0.29938888  0.02416731 -0.1413336  -0.2669893   0.07601113  0.40017984
  -0.49266464]
 [ 0.01065581 -0.02584881  0.23248717  0.04082713 -0.25439577  0.16097117
  -0.09218463]
 [-0.20230289 -0.05803394 -0.35779191  0.1471957   0.17308322  0.25276386
  -0.03768706]
 [-0.0837801  -0.05560636 -0.01040406  0.11457833  0.02351072  0.51572702
   0.13133912]
 [-0.10456002  0.18430488  0.3733917   0.26484163 -0.0986976   0.10220288
   0.08636614]
 [ 0.16493292 -0.1610621  -0.23761497  0.09419579  0.19264593 -0.23562751
   0.08948282]
 [-0.20042316  0.2361173   0.36012288 -0.08726147  0.41063869 -0.09229218
  -0.13296117]
 [-0.11082796  0.32433894 -0.13535397  0.15677267  0.05552476 -0.00321099
  -0.18745279]
 [-0.26729887 -0.13134136  0.31673649 -0.26311196  0.02991083 -0.19306376
   0.17645861]
 [ 0.15444373  0.03963957 -0.12893742  0.01947775 -0.14109583 -0.20463866
  -0.34600616]
 [-0.07871755 -0.00384789  0.0114802   0.21050858 -0.15075574  0.19524539
   0.03798253]
 [-0.16732132  0.0337999   0.03336126  0.09836967 -0.2450562  -0.26737324
  -0.07192119]
 [-0.00388343 -0.60611918  0.32321743  0.31377378 -0.08722976  0.06601337
  -0.21883541]
 [-0.10705351 -0.04361963  0.00710635  0.23695472 -0.12688021 -0.06359668
  -0.26608031]
 [-0.13547407  0.21511615 -0.13848305  0.06761452 -0.09786968  0.14543707
   0.10065919]
 [-0.40830156 -0.13205148 -0.0059664   0.02413842  0.2564735  -0.29975926
  -0.10814243]
 [-0.42310933 -0.03206413  0.02759232 -0.01308563 -0.11907341 -0.01022829
   0.34972016]
 [-0.43687085 -0.16404297 -0.20954881  0.0766911   0.11462567 -0.06198091
   0.15812368]]
Singular Values 
[9.3207193  6.70359723 5.61375066 4.75235515 4.21531877 3.07834539
 2.77798494]
Singular Vector V (transpose) 
[[-0.25849918  0.41284722  0.57065717  0.03354457  0.61624211  0.04902727
   0.23195363]
 [ 0.25068415  0.11325943 -0.14877936  0.82847584 -0.05546007  0.086671
   0.45302821]
 [-0.02594798  0.15866447 -0.36861397 -0.50287901 -0.03796476  0.02556354
   0.7637368 ]
 [ 0.61180201 -0.57944578  0.26097217 -0.1277313   0.34831894 -0.20319652
   0.20713333]
 [-0.41989684 -0.37532817  0.52081345  0.06588684 -0.52711762 -0.12703194
   0.33650793]
 [-0.04378417  0.22606397 -0.10239839  0.07418741  0.00394624 -0.9647278
  -0.01653835]
 [-0.56314316 -0.51363556 -0.40804446  0.18290737  0.465332   -0.03612884
   0.03540811]]

Kinase IKKB
Singular Vector U 
[[-1.10917728e-02  6.11370495e-02 -2.99766256e-01  2.13484400e-01
   6.38530126e-02  1.29232693e-01  2.79858376e-01 -8.78277084e-02
   2.82912625e-01]
 [-1.43911815e-01 -2.77444261e-01  1.85445687e-01 -1.50730560e-01
  -3.24080430e-01  2.67868935e-01 -1.14047462e-01  3.75469682e-01
   9.86755857e-02]
 [-2.78530433e-01 -1.58008198e-01 -2.56278760e-01 -1.18808653e-01
   8.85570129e-02  2.91753473e-01 -2.39137611e-01  2.53242431e-01
  -1.44283840e-01]
 [-1.45425524e-02 -8.76266864e-02  1.08947841e-01  2.06989443e-01
  -4.35448537e-01 -3.09138738e-02  7.82303646e-02  1.25610337e-01
   2.44670078e-01]
 [-4.04985648e-01 -1.68549934e-01 -1.37937951e-01  2.68460555e-01
  -1.17870047e-02 -9.65948703e-02  3.08637370e-01  1.28320974e-01
  -1.99490061e-01]
 [ 1.81926998e-01 -2.82131407e-01  1.89147340e-01 -3.14603173e-01
  -3.39273579e-03  3.30445894e-01  5.60885587e-02 -2.69354787e-01
  -1.59245864e-01]
 [-1.51671873e-01  1.61241620e-01 -1.08659731e-01  2.55269412e-01
  -7.91336358e-02  1.64298716e-01 -5.32703435e-01 -2.70790469e-01
  -5.02451111e-02]
 [-1.22810290e-01 -1.68243763e-01 -3.37688790e-02 -1.18104713e-01
   1.47478619e-01 -1.48384022e-01  7.86047396e-02  1.32486084e-01
   1.41690561e-01]
 [-1.87332103e-01  1.26772989e-01  5.50430229e-02 -2.86844355e-01
   3.34361818e-02  2.15896816e-02  3.83084714e-01  7.55576444e-02
  -7.72022345e-02]
 [-1.06088312e-01  7.81109498e-02  1.04685844e-01  2.95022068e-01
   4.72453645e-01  1.82271373e-01  5.87837793e-02  2.35015458e-01
  -3.57077588e-01]
 [ 3.16154513e-01 -5.34082274e-01  3.19814639e-01  2.95284038e-01
   6.00850390e-02 -1.05656452e-01  8.64070816e-03  1.98065345e-02
   2.02746671e-02]
 [-6.25374676e-02  6.15879652e-02  1.79449597e-01  5.10856405e-02
   1.57676389e-01  8.73081741e-03 -6.55245352e-02 -1.71853366e-01
   3.67977551e-01]
 [ 5.95033160e-02 -2.25073716e-01 -9.19040115e-02  1.63838520e-01
   1.67275699e-01  3.63939867e-01 -3.27289461e-02 -3.12044907e-01
   1.86648084e-01]
 [-4.81348881e-02 -1.71166844e-01 -1.05327647e-01 -1.81235490e-01
  -2.23434719e-01 -1.31097754e-01  1.78100813e-01 -4.82549658e-01
  -4.52114967e-01]
 [ 3.80648507e-01 -1.66920476e-01 -4.71598582e-01  1.00717064e-01
  -1.15290670e-01  2.35417148e-01  2.23905748e-01  1.45989085e-01
  -4.56637187e-02]
 [-1.91052397e-01  2.01576651e-02 -2.30236217e-01 -3.62204550e-01
  -1.12611796e-01  7.77928299e-02 -2.35297067e-02 -7.53595562e-02
   2.90465424e-01]
 [-2.80004351e-02 -2.40933818e-01 -7.35579410e-02 -1.56354648e-01
   6.01924104e-02  1.26077695e-01 -1.17216532e-01  2.19571002e-01
   5.59765313e-02]
 [ 3.11192948e-01 -1.16974861e-01 -2.02754937e-01 -3.06115212e-01
   3.24496611e-01 -3.87230583e-01 -2.84901820e-01  1.60277658e-01
  -4.80227511e-02]
 [-7.08290787e-02  1.66460245e-02  1.83987668e-01 -1.73531372e-01
   3.47558356e-01  3.52437343e-01  9.64773287e-02 -1.17723245e-01
   7.97489173e-02]
 [ 2.76575620e-02 -1.42364266e-01 -4.34934950e-01  1.08859136e-01
   9.85533000e-03 -2.53108616e-02 -1.25048202e-01 -7.43864446e-02
  -3.50772553e-02]
 [-3.98356080e-01 -3.50033014e-01  7.50282629e-02  6.10242698e-02
  -2.53651241e-02 -1.35998227e-01 -1.68636074e-01 -1.61243038e-01
  -1.24130742e-01]
 [-8.51668767e-02 -1.67624702e-01 -7.14482069e-02 -2.45130215e-02
   2.15230870e-01 -8.01000951e-02  2.63889798e-01 -1.17272999e-01
   2.18293544e-01]
 [-2.43651042e-01 -2.48992221e-01 -8.21575918e-02  1.66743703e-04
   1.78357713e-01 -2.93742718e-01 -3.20212244e-02 -1.01837646e-01
   2.65916708e-01]]
Singular Values 
[13.2866745   9.06518474  6.95413812  5.44670389  4.44154173  4.15504702
  2.58418412  2.09405801  1.64032751]
Singular Vector V (transpose) 
[[-0.1306718   0.08050082  0.32039903  0.23975684  0.66089488 -0.12262421
   0.53747928 -0.12275836  0.24603512]
 [-0.14541491  0.00084411 -0.46697327  0.30535807  0.00609213 -0.05762422
   0.40249815 -0.03316502 -0.70787277]
 [-0.27351018  0.00091298  0.53104998  0.09636172  0.14985898 -0.21983867
  -0.49198678 -0.26523579 -0.50070342]
 [-0.14521923 -0.27412646 -0.38384487  0.02219723  0.10897177  0.15077216
  -0.16187824 -0.80238276  0.22650982]
 [ 0.55019009  0.27169827  0.06768974 -0.55341152  0.03317067 -0.23678298
   0.22185549 -0.39035332 -0.23208331]
 [ 0.62528683 -0.1184541  -0.23810344  0.4027143   0.40034703 -0.22653089
  -0.38022902  0.14122054  0.00127363]
 [-0.32401724 -0.28132496 -0.26590958 -0.36447919  0.11280883 -0.7411342
  -0.03417937  0.18799344  0.117476  ]
 [ 0.24700397 -0.5887665   0.33136483  0.28719091 -0.47191444 -0.2620328
   0.28857111 -0.15370843  0.04240034]
 [ 0.07868961 -0.63618528  0.09024272 -0.39462387  0.36337469  0.43041602
   0.05118817  0.19589687 -0.25866882]]

Kinase CAMK2A
Singular Vector U 
[[-0.2536547   0.00630635 -0.12729119 -0.19500247 -0.28952933  0.29772018
   0.20059642 -0.08110562 -0.08897614  0.11233989 -0.083064   -0.09270792]
 [-0.07288091  0.0709687  -0.09669305  0.18702197 -0.44570104  0.04855796
  -0.06190237  0.27057543  0.20772104 -0.18736335 -0.31096665  0.03031592]
 [-0.27178219 -0.16298003 -0.09548285 -0.14021474  0.32883835 -0.14439394
  -0.23860256  0.352968   -0.27162973  0.17695334  0.0364586   0.45736737]
 [-0.24529536  0.37454326 -0.3716805  -0.05547487 -0.01635305  0.09057729
   0.19670513  0.0626577   0.39018493  0.13338478 -0.063082   -0.00612146]
 [-0.34670107  0.37728332 -0.25744167 -0.19382578  0.12361711 -0.20012562
   0.02281657 -0.02011957  0.05069982 -0.14682152 -0.04678706  0.17351879]
 [ 0.15726379  0.29348807 -0.00933382 -0.10123576  0.17100671  0.02806644
   0.11729722 -0.47324046 -0.1281539   0.2721828   0.09632829  0.06240878]
 [-0.10386982 -0.24886029 -0.03144467  0.10173061 -0.03835518  0.27746106
  -0.3047192  -0.07544039 -0.00936816 -0.02075975 -0.17541728 -0.205527  ]
 [-0.088978   -0.21336863  0.05256016 -0.05237159 -0.38387295  0.01252697
   0.18994489 -0.11125986 -0.0628074   0.311111    0.12815805  0.08695723]
 [-0.1043059  -0.07801101  0.08200421 -0.32361044  0.01954999  0.29890591
   0.05632419 -0.16808786  0.08797466 -0.08138235  0.08194407  0.12440038]
 [-0.24539832 -0.08246939  0.04840438 -0.14949211  0.16447563  0.31783365
  -0.0411631  -0.24718403  0.05011656 -0.42013333  0.34645473 -0.06853756]
 [ 0.01905554  0.30412641  0.50311524 -0.02578731  0.07223935 -0.00781026
   0.28573171  0.16509848  0.10949612 -0.07291735 -0.05070976 -0.05820972]
 [-0.23289061 -0.21766674  0.04029898  0.10188254  0.19737797  0.17510173
  -0.05715573  0.15393454  0.45114167  0.16833036  0.10278061  0.15532054]
 [-0.08306639  0.08444851  0.03196284  0.28050951  0.1955623   0.20106615
  -0.15038794 -0.25170773 -0.14038228 -0.11235295 -0.52742426  0.12389095]
 [ 0.14672259  0.12015794 -0.15907539  0.33061574  0.00174699  0.29396956
   0.36701772  0.16122908 -0.39685371 -0.22459571  0.12804283  0.32952905]
 [ 0.01144418  0.30934377 -0.01576408  0.07993438  0.28162722  0.08506498
  -0.29225241  0.12270668 -0.03468008 -0.01736441  0.06962202 -0.47087447]
 [-0.15837421 -0.3133504   0.19746745  0.24243461  0.34129231 -0.09664399
   0.49189066 -0.0217533   0.23124307 -0.10885832 -0.11542871 -0.05422587]
 [-0.2821762   0.2126476   0.15819668  0.51730034 -0.20048943 -0.18491258
  -0.14843129 -0.17864997  0.03507318 -0.11870035  0.38297598  0.16695956]
 [ 0.00649918  0.2237131   0.54960398 -0.21272438 -0.07941952 -0.01461976
  -0.10839382  0.11265101  0.05682403  0.13363013 -0.13523391  0.17983317]
 [-0.21108176  0.12965805  0.28248478  0.00474389 -0.13427529  0.40540239
  -0.17390246  0.17303505 -0.14714493  0.06156104  0.13135024  0.05898723]
 [-0.15538843  0.06748369 -0.02917021  0.29563815  0.15945153  0.20192217
   0.14575397  0.1327345  -0.14357605  0.5657329   0.05255228 -0.25581122]
 [-0.29345339 -0.00875042  0.10021421 -0.15349338  0.04112807 -0.01651793
   0.18195554  0.00155984 -0.32756564 -0.11506884 -0.37328761 -0.0808555 ]
 [-0.34474435 -0.05382622  0.09775374  0.13846313 -0.09638062 -0.28075346
  -0.09642579 -0.40639233 -0.06371378  0.15650554 -0.13341419  0.00952223]
 [-0.31622832 -0.06578142  0.01860863 -0.09523209 -0.09578804 -0.28078391
   0.12229985  0.21623074 -0.29009095 -0.15741467  0.19413365 -0.40670307]]
Singular Values 
[24.90690578 16.57517134 14.37088765 11.33893852  9.73345417  7.65433
  4.76392579  4.2077007   4.03454722  3.45688743  2.50514314  1.27901231]
Singular Vector V (transpose) 
[[ 0.01553459  0.45229758 -0.15842172  0.07291115  0.2049219   0.5059118
   0.09985002  0.57132363 -0.06476126 -0.01668246 -0.103657    0.33946213]
 [-0.21697344 -0.02566644 -0.13786182  0.11846695 -0.8780339  -0.02493748
   0.07216662  0.19752068 -0.3022156  -0.0223532  -0.00505237  0.10759251]
 [-0.10260009 -0.73826671 -0.00726254  0.10682322  0.26259948  0.18398748
   0.03058999  0.36760876 -0.39795976 -0.05884029  0.10633387 -0.14473657]
 [-0.7119195  -0.19215116  0.02946665 -0.05289129  0.0493076   0.04177411
   0.10133063 -0.01698383  0.49335918 -0.02447506  0.22091794  0.38084522]
 [ 0.45615794 -0.28309822 -0.52694684 -0.18272545 -0.05282341 -0.24074175
   0.36845792  0.14463285  0.31868847 -0.15094423  0.00279816  0.24276044]
 [-0.30980454  0.15181157 -0.68117296 -0.11324629  0.2433591  -0.11119162
  -0.10494213 -0.34116168 -0.44391225 -0.01688216  0.05098564  0.07224319]
 [-0.11195617  0.19900285  0.16033667  0.31482236  0.12394567 -0.13180529
   0.7909249  -0.13020013 -0.16851648 -0.28772321  0.107773   -0.15810067]
 [ 0.17161796  0.08177859  0.31725835 -0.13254978  0.09272645 -0.40144552
  -0.051406    0.1165591  -0.33403844  0.15116592  0.50571968  0.51910184]
 [-0.11380324  0.0679936  -0.03294123  0.45642708  0.13344675 -0.54375073
  -0.35457454  0.30268316  0.09036084 -0.40669888 -0.25820612  0.04429823]
 [-0.2349574   0.07927246 -0.03201537 -0.20547717  0.09419369 -0.39880912
   0.23297095  0.36133747  0.01382401  0.6323095  -0.27752831 -0.25588139]
 [-0.02704417  0.22131578 -0.1948479  -0.08590006 -0.05368054 -0.02580595
  -0.13480625  0.30194706  0.18975431 -0.12457008  0.68132218 -0.52566795]
 [-0.14279946  0.05864448  0.21649378 -0.73866069 -0.01170394 -0.06003395
   0.02163692  0.13397126 -0.14047658 -0.53452679 -0.22638685 -0.06941825]]

Kinase RSK3
Singular Vector U 
[[-0.17441133  0.05641522  0.00362496  0.09739468 -0.02838429  0.34220335
  -0.03833824  0.07154668 -0.21825468  0.18344777 -0.10361839 -0.11573493
   0.22544144 -0.3785774  -0.30225742 -0.16774002  0.27677324  0.55479383
   0.01134825 -0.1093071  -0.08514557  0.03589439  0.09124961]
 [-0.09626135  0.00934943 -0.06124926  0.05662913 -0.4566976  -0.23085608
   0.1095159   0.05957077 -0.07215794  0.25950815  0.16671159 -0.25653148
   0.062748    0.32293436  0.13286141 -0.40988539 -0.02368218  0.11978011
  -0.09904473  0.22647242  0.02900765  0.41148546  0.0086261 ]
 [-0.13170598  0.42397963 -0.03144266 -0.7501487  -0.12255105 -0.01559817
   0.02222919  0.12962448 -0.17275667  0.05682863 -0.17751009  0.29801916
   0.09197314 -0.0030837   0.14984462 -0.05401962  0.02007756  0.00835155
  -0.11394866  0.01557444  0.00239783 -0.07043986 -0.02678527]
 [ 0.04808076  0.13228335 -0.36029681  0.15093024 -0.0245139  -0.307757
  -0.18415649 -0.10536546 -0.21624655  0.48228353  0.27422329  0.25750232
  -0.18792243 -0.26277792 -0.08844821 -0.09096729 -0.09756275 -0.10635859
   0.10669256 -0.19109108  0.20627341 -0.18084478  0.04416437]
 [-0.16269796  0.28191028  0.00445527  0.02452009  0.06534962  0.03261756
   0.03427852 -0.32532444  0.1975028   0.07943561  0.32120931 -0.2215531
   0.43002162 -0.24056621 -0.01517883 -0.02386838 -0.08155557 -0.21791669
  -0.15524922  0.28252668 -0.22237824 -0.20996691 -0.29718548]
 [-0.1693325  -0.05427811 -0.40925974 -0.18861565  0.22446939 -0.06777348
  -0.09865289  0.04066999  0.21672478 -0.00491848  0.01136223 -0.16018327
  -0.28344435  0.25539097 -0.50177932 -0.01843577  0.12157326  0.04727242
  -0.45036877  0.01954485 -0.06841224 -0.03893047 -0.04528797]
 [-0.09710348  0.2624937   0.36053616  0.0595077  -0.16934987  0.06623134
   0.4597219   0.14616144 -0.14510159  0.03314187  0.12760913 -0.2767745
  -0.32135515 -0.04446214 -0.19754016  0.01164585  0.02361343 -0.28528071
  -0.14110964 -0.19795169  0.01347699 -0.23578715  0.25711011]
 [-0.27687171 -0.21531999 -0.06427676 -0.15508816  0.13300349 -0.08385934
   0.02673725  0.01238136  0.33293786  0.39982167 -0.32669371 -0.27873176
  -0.10627275 -0.15179495  0.29461368 -0.0786472  -0.09682204 -0.079492
   0.21883743 -0.08661714 -0.29906196 -0.09634059  0.26637615]
 [ 0.22987721  0.11687701 -0.34793604 -0.02455989  0.02371361  0.07102622
  -0.11448326  0.33388442 -0.03367887 -0.25405122  0.2805429  -0.32256529
   0.19206179 -0.02180834  0.30208154  0.01262188 -0.2608001   0.11908414
  -0.14823436 -0.38313301 -0.11727892 -0.07664353  0.18397219]
 [-0.07562459  0.15773484 -0.0040914   0.03409497  0.40731421 -0.06548998
   0.12007919 -0.18437436 -0.35143658 -0.08322166  0.20478675  0.02982292
  -0.40373937 -0.09342842  0.28419541  0.09059494  0.03888302  0.20010697
  -0.05587434  0.20031392 -0.38055491  0.28946177  0.04725372]
 [-0.14840512 -0.16850367  0.33769458  0.04106132  0.170395   -0.25916094
  -0.0046153   0.37074298  0.15481278  0.07262623  0.10674969  0.27679502
   0.14456517 -0.28993694 -0.08709433  0.04219872 -0.36390617  0.08376803
  -0.39894929  0.07865062  0.06457298  0.19915499  0.14136276]
 [-0.29483378 -0.07450553  0.04567092  0.01083371  0.19872579  0.40184758
  -0.15718162 -0.04919298 -0.34808091  0.12518047 -0.14621662 -0.15988031
  -0.05036991  0.11251854  0.03255179 -0.09239244 -0.44730787 -0.21453545
  -0.07908556 -0.17525427  0.23045323  0.17398629 -0.31968113]
 [-0.00650301  0.04741044 -0.04548384  0.31244477 -0.2271608   0.05376282
   0.06014717  0.15022642  0.08393473 -0.11769031 -0.23641931  0.27091231
  -0.26618386 -0.02577049  0.12429109 -0.34360202 -0.20025576  0.153799
  -0.16497471  0.0092946  -0.33692075 -0.3497023  -0.3677802 ]
 [-0.3060932  -0.43572172  0.14517824 -0.17996713 -0.34371986  0.18945537
  -0.3287353  -0.02525819 -0.07344633 -0.04588772  0.45973365  0.15493021
  -0.1091779   0.0111411   0.08716014  0.0828214   0.17775819 -0.09141938
  -0.0432458  -0.11449839 -0.25495319 -0.10361107  0.01471377]
 [-0.06447044 -0.21827264 -0.1048796  -0.17961682  0.00202333  0.02706021
   0.31277377 -0.31050308  0.20354958 -0.28062827  0.10063404 -0.01441136
  -0.15020313 -0.36871656  0.21384713 -0.33180473  0.09369366  0.094306
  -0.14557351 -0.15571753  0.44137243  0.05263469 -0.06643474]
 [-0.15711573  0.1254653  -0.07393636 -0.07887799 -0.12241931  0.13017023
  -0.23511873  0.19269542  0.08107901 -0.23995739  0.10566686 -0.16698342
  -0.28572749 -0.1816652  -0.10418456 -0.00692105 -0.28183097  0.11380113
   0.34821679  0.53856693  0.23717477 -0.11808906  0.14459958]
 [-0.35151366 -0.12938467 -0.2930062   0.14455913 -0.25023646 -0.35639881
   0.05330147 -0.05384494 -0.36030666 -0.35271743 -0.33257527 -0.08484611
   0.16770443 -0.21677845 -0.04828212  0.22990754  0.00408105 -0.19578099
  -0.08388905  0.03603467 -0.05814422  0.02326656  0.06798749]
 [-0.22068628 -0.06218817  0.26226616 -0.02744598  0.33629578 -0.44489562
  -0.10847288  0.1938792  -0.19131316 -0.13103934  0.0966536  -0.19320552
   0.0960662   0.17833436  0.0682271  -0.24190051  0.20167405  0.15583285
   0.19505967 -0.07218789  0.14211343 -0.36335274 -0.2289734 ]
 [-0.35232198 -0.00396595 -0.24741887  0.12777816  0.20887348  0.19310846
   0.34812309  0.04412432  0.0279566  -0.12858418  0.17857771  0.39249982
   0.24787434  0.29317175 -0.08577293 -0.24071992 -0.07958025 -0.09390349
   0.25086361  0.00195786 -0.04970751 -0.03818997  0.31029326]
 [-0.33448557  0.1770688  -0.12774027  0.09022706 -0.09855592 -0.01849226
   0.2283293   0.26960534  0.27578011  0.08698764  0.13702252  0.02060375
  -0.0827134  -0.00435834  0.08635474  0.46682076  0.0941344   0.15792407
   0.21589667 -0.21302761  0.10288772  0.20116181 -0.4307263 ]
 [-0.15318037  0.32575199  0.01303875  0.2728943   0.09550479  0.09601452
  -0.38527192  0.20847409  0.17622181 -0.09805662 -0.09500736  0.05831475
  -0.05236336 -0.10080935  0.22074339 -0.21750822  0.44359486 -0.37132486
  -0.13535423 -0.00881627  0.10253139  0.21639005  0.11450641]
 [-0.23593551  0.13472397  0.05913724  0.21173512 -0.05625847  0.05481205
  -0.1065672  -0.29871164  0.05682003  0.10702631 -0.07948299  0.0348136
   0.02312279  0.28386702  0.30692734  0.28755492 -0.03096792  0.33861316
  -0.32214951  0.05429579  0.29591412 -0.3158789   0.28493754]
 [-0.14808389  0.31236942  0.22617068 -0.0234317  -0.11360149 -0.21981916
  -0.25376009 -0.38015304  0.21193446 -0.25383688 -0.02299916  0.02026726
  -0.0492452   0.0635384  -0.24052401 -0.12019545 -0.25687295  0.13788731
   0.17939662 -0.4085071  -0.15955505  0.22541523  0.09633422]]
Singular Values 
[19.94440351 16.00423504 11.76598699  9.63455043  9.15077497  8.19435081
  7.55984935  6.69103933  6.11452084  5.63507177  5.23308767  4.53944945
  4.13921134  3.41574458  3.19626399  2.64146371  2.34196545  2.00681515
  1.46604813  0.85793843  0.79823832  0.28780488  0.09580807]
Singular Vector V (transpose) 
[[ 2.60272318e-01  1.58071567e-01  1.97945074e-01  5.13976695e-02
   9.67210430e-02  8.02192627e-03  3.07540817e-01 -6.88042661e-02
  -8.63897791e-02  1.63961655e-01  6.22274175e-01  4.34884036e-01
   3.53593198e-02 -4.54203120e-02  2.07170473e-01 -1.15929799e-02
  -2.14242118e-02  4.97222030e-02 -1.42795364e-01 -1.09418304e-02
   2.65071600e-01  1.39410483e-02  7.58354515e-02]
 [ 3.17674165e-01 -1.63531956e-01 -1.21227375e-01 -4.09636131e-02
  -1.35863654e-01 -1.72737633e-01 -4.74464928e-01  1.95272492e-01
   5.25227688e-02 -2.65092717e-01  3.63580416e-02  4.88600829e-03
   3.99990579e-02  2.93868087e-01  3.23809236e-01 -3.19401503e-01
  -7.82649695e-02 -5.23472207e-03 -2.93067514e-02 -6.08975834e-02
   3.47811732e-01 -1.48004089e-01  1.47022737e-01]
 [ 1.46741600e-01  3.43944863e-02  2.03315203e-02  3.08853010e-01
   9.11978265e-02  2.88269194e-01  7.06198080e-02  2.36046470e-01
   3.20816418e-01  2.86470082e-01 -2.74997034e-01 -1.93609646e-01
   3.91011907e-02  1.12063646e-01  2.29790344e-01  3.74133925e-01
   9.72084356e-02  2.00933368e-02 -2.33259719e-01  6.62134410e-02
   2.27121267e-01  1.00242812e-01  3.06782607e-01]
 [-4.67897457e-01 -1.18951930e-01  1.29550562e-02 -6.69543618e-02
  -8.25768247e-02  7.27400309e-02 -2.81621628e-01  1.79090017e-01
   8.05147657e-02  2.20966679e-01  7.78831676e-02  2.95018678e-01
   2.71465014e-01 -3.52447426e-01  1.18787096e-02 -3.93671650e-02
   1.16973114e-01 -3.76728173e-01  2.95944056e-02 -7.32076581e-02
   6.02201587e-02 -1.55750511e-01  3.17863076e-01]
 [ 4.79194741e-01 -1.60838513e-01  1.04391481e-01 -1.11842150e-02
   2.48749842e-03 -8.84373092e-02 -3.43150036e-01 -2.14639947e-01
  -1.13191160e-01  4.14808027e-01  5.80220447e-02 -1.33167365e-01
  -2.46846951e-01 -2.44746198e-01 -1.86505016e-01  1.73276464e-01
  -1.64120220e-01 -4.16753376e-02  1.04830784e-01 -1.62182098e-01
  -1.84451498e-01 -1.45530615e-01  2.21458276e-01]
 [ 2.62932198e-01  8.84787282e-02  4.09273520e-03 -1.52837178e-01
   1.06178231e-01  1.51564850e-02  1.73099739e-02 -1.06885170e-02
   1.32732774e-01 -8.77721543e-02 -1.20134290e-02  8.83803793e-02
   2.56292419e-01  1.25062926e-01 -3.16625903e-01 -3.16016317e-01
   3.32172091e-01  6.42727082e-02 -3.03103741e-01  1.15944680e-01
  -4.12590180e-01  1.07914336e-01  4.13959116e-01]
 [-2.76799864e-01  2.36080274e-01 -7.46453615e-02 -1.78233319e-01
  -5.32189881e-02  2.81662822e-01 -9.31880766e-02 -4.35785634e-01
  -1.07289941e-01 -2.54015416e-01  2.24413345e-01 -3.05150331e-01
  -2.37848507e-01  5.27442701e-02  1.33940447e-01  1.04360129e-01
   1.21262256e-01  9.90186014e-02 -4.97422733e-02 -1.25606489e-01
   1.03870991e-01 -6.63901824e-02  4.28828896e-01]
 [-1.32137301e-01 -1.45812341e-01 -1.06730320e-01  9.11913719e-02
  -1.26443189e-01  3.65585078e-02 -1.94864751e-01  2.79274216e-01
  -2.48064653e-01 -8.63236867e-02  3.32789800e-01  6.91466311e-02
   1.55431604e-01  3.19302800e-01 -6.71764909e-02  4.90426621e-01
  -1.54276477e-01  1.81113529e-01 -2.39279911e-01  2.16780090e-02
  -3.53142544e-01 -1.13777909e-01 -2.51974033e-02]
 [ 1.57102487e-01  1.26320534e-02  1.95041621e-01 -1.45011972e-01
   1.08958752e-01  9.97043407e-02  4.12381792e-02  4.93063910e-01
   2.30095676e-01 -4.43161948e-01  2.84446062e-01 -2.51861767e-01
  -9.52865688e-02 -3.59191046e-01 -2.26578651e-01  1.46316510e-01
   3.59558834e-03 -4.78938195e-02  1.49403118e-01 -1.04039840e-01
   6.56505764e-02  7.10015669e-02  1.16544990e-02]
 [-7.79889219e-02  3.43423367e-01  3.07020454e-01 -2.16296222e-01
   3.22712270e-01  1.67547542e-01 -4.24826577e-01  1.32340785e-01
  -3.32540984e-02  2.10922775e-01  7.12937247e-03  8.19471666e-03
  -1.25993183e-01  2.11709335e-01  9.02787730e-02 -7.28039842e-02
   1.37662422e-01 -8.51062365e-02 -1.50987279e-01 -2.58027932e-01
  -7.66577720e-02  1.92787876e-01 -3.55322688e-01]
 [ 3.53391751e-03 -3.73370538e-02 -1.55108685e-01  3.10946613e-01
  -1.57882161e-01  6.24664219e-02 -8.75076238e-02  3.41530938e-03
  -2.45943104e-02 -1.48778265e-01  8.83040074e-02  1.18299431e-01
  -3.85493921e-01 -1.06213331e-01  1.51764434e-01 -1.15274413e-01
  -1.59313886e-01 -3.84003204e-01 -1.54790994e-01  1.07160116e-01
  -2.44592387e-01  5.72658547e-01  6.75502672e-02]
 [-1.15497329e-01  3.44334581e-01 -7.49492900e-02  4.89692133e-02
   8.66220337e-02 -1.61756200e-01 -3.49594473e-02  3.11731037e-01
  -7.98799435e-02  1.94438891e-01  5.89315131e-02  7.43629922e-02
  -1.96989340e-01  2.29666023e-01 -3.74071342e-02 -5.81425692e-02
  -3.22693715e-02  1.70929852e-01  6.00762208e-01  2.65914143e-01
  -6.22105928e-02  9.51498296e-02  3.21998602e-01]
 [ 4.02456468e-02  2.38967845e-01 -1.85269290e-01  4.43499977e-01
  -1.37836095e-01  6.77989478e-03 -1.66433651e-01 -2.12617644e-01
   5.40750976e-01 -7.37179087e-02  1.73004608e-01  1.58082842e-01
   5.73788461e-02  5.62168654e-02 -1.12323496e-01  5.26193907e-02
   1.75036433e-01  6.41733502e-02  2.21428226e-01 -3.06775802e-01
  -1.25088992e-01 -1.27111181e-01 -1.84389381e-01]
 [-1.23178281e-01 -2.88422233e-01  1.80363510e-01 -1.68940269e-01
   3.87204617e-02 -3.56760329e-01 -4.28244114e-02 -1.23795823e-01
   1.60903957e-01 -6.24188511e-02 -8.06978345e-02  1.57344682e-01
   9.77562703e-02 -5.34602798e-02  2.21008682e-01  2.15601126e-01
   5.75745494e-02  3.83524930e-01  1.14776994e-01 -2.95393968e-01
  -4.52282729e-02  4.99977864e-01  1.51564176e-01]
 [ 1.29873940e-01 -1.06252772e-01 -2.46602031e-01  2.38014058e-01
   1.63480044e-01  2.89745181e-01 -6.10960946e-02 -2.93401985e-02
  -4.58114769e-01 -5.86957560e-04  4.23719251e-02 -1.07819505e-01
   4.03907584e-01 -1.78544699e-03 -1.83822549e-01 -5.89074309e-02
   1.39675678e-01 -1.24771082e-02  2.61326135e-01 -2.50705208e-01
   2.13001160e-01  3.45141720e-01 -1.05500829e-02]
 [-2.75268163e-01 -3.80414933e-01  2.14545938e-01  2.55475050e-01
   3.10059629e-01  7.36505368e-02 -1.56578912e-01 -1.48719886e-01
   2.42627714e-01  1.08951324e-01  2.94848411e-01 -2.26615402e-01
  -1.16575713e-02  9.72925370e-02 -2.03856728e-01 -2.86433021e-01
  -1.95735911e-01  1.94120615e-01 -5.01452084e-02  2.90108429e-01
   1.07942347e-01  5.40569337e-02 -2.32403709e-02]
 [-1.75041099e-02  4.45149236e-01  2.84791274e-01  9.24809689e-02
  -4.73229114e-01 -1.09647397e-01 -1.46115907e-01 -2.79283164e-02
  -3.89018710e-02  5.70836464e-02 -1.29690918e-02 -2.40557236e-01
   3.84804641e-01 -1.82538452e-01 -6.70195843e-02 -8.54194732e-02
  -3.30572036e-01  1.48485935e-01 -1.21096201e-01  9.01442845e-02
   7.45463939e-02  1.95143197e-01  5.79842827e-03]
 [-7.82683609e-02  1.84430684e-02 -1.69073792e-01  2.03528577e-01
  -7.75959291e-02 -3.76392428e-01 -1.04511759e-01  1.56737207e-01
  -1.89841770e-01  1.30333485e-01  1.25915727e-01 -1.98529388e-01
  -2.03858169e-01 -2.93150624e-01  4.50731788e-03 -4.99042549e-02
   5.80574508e-01  2.42415328e-01 -2.58419565e-01  1.02282957e-01
   1.15701603e-01 -8.21349297e-03 -1.24547568e-01]
 [-2.87590357e-02 -9.90375492e-02  5.55063266e-01  3.87548172e-01
  -3.20651308e-02 -9.10321160e-02  1.64569687e-01  3.33618141e-02
  -2.12434890e-01 -1.32891220e-01 -1.57321350e-02 -2.01663298e-01
   6.41516029e-02  1.21213207e-01  2.86879174e-01 -1.22647218e-01
   2.09024766e-01 -1.90905117e-01  1.66256149e-01 -1.64231295e-01
  -2.91255904e-01 -2.06240193e-01  1.07684628e-01]
 [-1.56615014e-01  2.28835550e-02  6.57345787e-02  2.20637295e-01
  -3.22937000e-02  4.72815622e-02  1.28439678e-01  2.06891552e-01
  -1.26674048e-01 -3.10378381e-02 -2.28736274e-01  2.25231477e-01
  -3.05888547e-01  1.37836654e-02 -3.29029075e-01 -2.24350573e-01
  -2.27428886e-01  2.64718680e-01 -2.36421726e-01 -4.93988382e-01
   1.34209931e-01 -1.03718646e-01  1.90963802e-01]
 [ 1.22541651e-02  1.98508159e-01  1.70466931e-01  2.42234396e-01
   3.92232747e-01 -2.52132543e-01 -2.52176919e-01 -2.01101845e-01
  -1.47677680e-01 -3.77692628e-01 -2.27289475e-01  2.60956330e-01
   3.20626929e-02 -7.67195695e-02 -1.76027125e-01  3.04960324e-01
