Method Singular Value Decomposition(One of the PCA methods)
X = U(SIG)V*

X shape (nxm)

U shape (nxn)

(SIG) shape (nx1)

V shape (nxm)

Kinase AURKA
Singular Vector U 
[[ 2.81230343e-01 -1.01984502e-01 -1.84194164e-01 -7.74911014e-02
  -8.25025424e-02  2.16037707e-02  3.50716003e-01 -1.45358469e-01
   2.61437211e-01]
 [ 4.33295438e-01 -1.08662103e-01  6.42813691e-02  1.58530698e-01
   2.18008218e-01 -5.59195898e-02 -1.37486338e-01 -2.11558402e-02
   3.35827456e-02]
 [-2.49837375e-01 -1.33954565e-01 -1.47461366e-01 -9.68632286e-02
   2.21730056e-01  3.10521978e-02  1.56958038e-01  1.94734804e-02
   1.74270661e-02]
 [ 1.47912392e-02  9.50924773e-03  2.57304662e-01 -2.23513607e-01
   1.03268080e-01 -2.97411743e-01 -2.91475380e-02 -3.36122382e-01
  -3.63590840e-02]
 [-9.05415082e-02  1.30831647e-02 -3.95041023e-01  1.68681281e-01
   2.07153048e-01  2.02761251e-01  1.05800200e-01 -1.49381345e-01
   1.55306800e-01]
 [-8.04137495e-03 -4.63770514e-01  1.88542447e-01  8.56536493e-02
  -5.71034932e-02  1.17707230e-01  2.62222420e-01 -2.28777633e-01
   2.37961210e-01]
 [ 2.09054720e-01  5.71155820e-02 -4.94865397e-01  2.04752263e-01
   6.38099456e-02 -1.74187409e-02 -3.29412067e-02  3.32094372e-01
   8.68338184e-02]
 [ 3.69663889e-01 -4.19599572e-02 -1.04264431e-01 -4.67897797e-02
  -5.32912347e-01 -3.02445756e-01 -2.14333177e-01  1.30150650e-01
  -6.83066232e-02]
 [-4.91021486e-02 -9.64190951e-02 -6.51929299e-04  1.85156165e-01
  -2.65784153e-01  1.71749679e-02 -1.42573230e-01 -2.80669280e-01
   4.04063501e-02]
 [-1.50543949e-01 -2.97359710e-01 -3.36326309e-02 -2.18850821e-01
   5.87429091e-02 -1.28699592e-01 -1.91466496e-01  2.52705468e-01
  -2.27186874e-01]
 [-1.18881518e-01 -4.90780984e-02  3.10827184e-01  6.38651233e-01
  -3.80239137e-02 -3.27990889e-02  5.15369573e-02 -3.28730330e-03
   2.28254296e-02]
 [ 1.06037844e-01 -2.43160215e-02 -1.79087349e-01 -6.06320469e-04
  -2.18950754e-01 -4.37977649e-02  5.24084253e-01  1.04054780e-01
  -8.32396346e-02]
 [-3.08523401e-02 -2.74496748e-01 -1.47125009e-01 -1.30449158e-01
   1.38229628e-01 -1.33956371e-01 -2.67669081e-01  1.23491322e-01
   3.87516768e-01]
 [ 3.37331000e-02 -5.36668600e-02 -2.69183370e-02  1.26382523e-01
  -1.50068351e-01 -3.63122700e-01  3.46713261e-01 -6.45725234e-02
  -1.08090635e-01]
 [ 1.38042941e-02 -2.12635132e-01 -3.99642154e-02  4.81092842e-02
   2.20330411e-01 -1.62661644e-01  1.16478229e-01  1.48870740e-01
   1.02381151e-01]
 [-1.76513557e-01 -1.77160471e-01 -1.07739626e-01  2.73637924e-02
  -4.16713719e-03 -1.06251841e-01  1.76081513e-01  1.18082176e-01
  -5.56190555e-01]
 [ 4.01929586e-01 -4.53149045e-01  1.22438173e-01  9.61030034e-02
   1.73280235e-01  2.37005560e-02 -9.92234986e-02 -4.38433347e-02
  -2.25113182e-01]
 [-1.21099511e-01 -2.26189182e-02  2.29783110e-01  3.60129596e-01
   3.44015439e-02  4.13849636e-03  8.84872094e-03  5.19750917e-01
   6.18811072e-02]
 [-1.52719494e-02 -3.95412851e-01  5.35911545e-02 -2.30219034e-01
   5.95828443e-02  1.70252081e-01  9.72913526e-02  1.36175893e-01
  -3.56161316e-02]
 [-1.97329307e-01 -4.20878416e-02 -5.81928421e-02  7.74565016e-02
   7.65406786e-02 -6.42506752e-01 -3.50050084e-02 -3.09965925e-02
   3.31253933e-01]
 [ 4.71906169e-02 -1.46806954e-01 -2.86247448e-01  2.75187706e-01
  -5.35550618e-02  1.83677522e-01 -2.92452311e-01 -2.55785329e-01
  -1.32523142e-01]
 [-2.74367649e-01 -2.63817664e-01  1.39754338e-02 -8.47699307e-02
  -5.41918371e-01  2.15936882e-01 -1.04493572e-01  1.37050172e-01
   2.47141261e-01]
 [-3.24239896e-01 -1.69712852e-01 -3.24107902e-01  1.50562065e-01
  -2.76948966e-02 -1.73480142e-01 -1.33547166e-01 -2.80018036e-01
  -2.22311317e-01]]
Singular Values 
[11.38219644 10.07844179  9.13967061  7.64265842  6.45575688  5.41026957
  4.24459999  3.26988216  1.74399845]
Singular Vector V (transpose) 
[[-0.04254874 -0.59375886  0.10890242 -0.72493075  0.17839471 -0.2274521
  -0.00808267  0.14951605 -0.04770939]
 [-0.41547451  0.09657076  0.3322241  -0.19043507 -0.7315257   0.11124868
  -0.30669891  0.07591713 -0.15518665]
 [ 0.28023767 -0.6360897  -0.05378884  0.24029877 -0.20720402  0.61055405
  -0.01934291 -0.11856506 -0.16148818]
 [-0.24755923  0.28692769  0.03223844 -0.35236191  0.37946495  0.74190371
  -0.02930631  0.06783433  0.17695641]
 [ 0.30741789  0.21822449 -0.09891653 -0.42867447 -0.35451604  0.05684968
   0.53208887 -0.50048635  0.04251323]
 [-0.41763519 -0.03465912 -0.81759687 -0.05190263 -0.09578419  0.00892193
   0.13192981  0.11492921 -0.33667887]
 [ 0.36060129  0.1666495  -0.29341441 -0.2258263   0.05373869 -0.03364602
  -0.76172384 -0.31805881 -0.14035885]
 [-0.52382733 -0.19269936  0.13925837  0.1367723   0.2307514  -0.08266435
  -0.0380238  -0.76660694 -0.03406928]
 [-0.11134877 -0.1935423  -0.30016799  0.01214977 -0.23479359 -0.03761614
  -0.14981448 -0.02606633  0.88330491]]

Kinase CHUK
Singular Vector U 
[[-0.12626006 -0.39582334 -0.02596852  0.22843116 -0.15902924  0.07634097]
 [-0.13420234 -0.12029039  0.14077587  0.52346841 -0.1338741  -0.13660996]
 [-0.14533673  0.29979286 -0.3795629   0.09417125 -0.32477965  0.20277794]
 [ 0.11061249 -0.12328666  0.23556205 -0.2524215  -0.11855443  0.11513272]
 [ 0.10065012 -0.12387664 -0.53366937 -0.2878657  -0.01256277 -0.21682768]
 [-0.30116729 -0.10879038  0.2358369  -0.0465417   0.16156947  0.63536498]
 [ 0.01343261  0.17622006 -0.00845643  0.23181066  0.17540022  0.07984959]
 [-0.2039616  -0.31822442 -0.18556073 -0.15859514  0.17184151  0.18217885]
 [-0.08285382 -0.04427474 -0.10060611 -0.03944222  0.52586261  0.07111267]
 [-0.10508238  0.42001419 -0.22492124  0.06903065  0.1663219  -0.08403023]
 [ 0.16645122 -0.28315527 -0.10558084 -0.18896608 -0.19665921 -0.15956422]
 [-0.20272693  0.41984285  0.12059449 -0.41022922 -0.13621354  0.08974325]
 [-0.11863796  0.09748218 -0.21340173 -0.02534975 -0.14313656  0.2526989 ]
 [-0.26219848  0.15601398  0.32396524 -0.05238209 -0.05594887 -0.30097915]
 [ 0.15303589 -0.06584979 -0.05414503  0.16013395 -0.31782853  0.24577028]
 [-0.07822115  0.01690039 -0.20583473  0.13621381  0.21213882  0.0196909 ]
 [-0.16721076  0.0587966  -0.10443337  0.24251126 -0.24890121 -0.05982068]
 [ 0.01287463 -0.08675712 -0.19331578  0.00708361  0.19217745 -0.00853722]
 [-0.10524006 -0.00146514 -0.23390712  0.11660229 -0.11065465  0.1723406 ]
 [-0.14132578  0.02014966 -0.11182847  0.11669227  0.10593327  0.03549009]
 [-0.4052164  -0.08504892 -0.00584228 -0.2609175  -0.28834036 -0.04575329]
 [-0.42236392 -0.00539472  0.02406004  0.10763585  0.11875277 -0.32682018]
 [-0.43501635 -0.26896322 -0.08197934 -0.11685301 -0.00639306 -0.16273199]]
Singular Values 
[9.31794614 5.93648168 4.78242084 4.22716285 3.13061334 2.93269581]
Singular Vector V (transpose) 
[[-0.26178942  0.41165356  0.57133754  0.61722369  0.04783506  0.22875267]
 [ 0.18335461  0.18525124 -0.36446838 -0.04407017  0.07697198  0.88958361]
 [-0.655547    0.56094321 -0.29073802 -0.34748178  0.18020571 -0.133621  ]
 [ 0.42197486  0.40525146 -0.50289866  0.49806039  0.15134967 -0.36582857]
 [-0.22737072  0.01910095 -0.26756554  0.20106573 -0.91401381  0.02230961]
 [ 0.4882062   0.56300307  0.36291769 -0.45591399 -0.31778146 -0.06426804]]

Kinase IKBKB
Singular Vector U 
[[-0.00747122  0.1701196   0.03611919]
 [-0.096252   -0.03133111 -0.25740097]
 [-0.32639765  0.28191237 -0.40720425]
 [ 0.05950299 -0.29080992  0.06030569]
 [-0.43642906 -0.05715051  0.13128985]
 [ 0.20749625  0.26796711 -0.01419362]
 [-0.06505044 -0.05025524 -0.32935562]
 [-0.20559205  0.12709194  0.17451427]
 [-0.17784493 -0.07275714 -0.00777602]
 [-0.1128789   0.21633253 -0.12483247]
 [ 0.26827435  0.17553346  0.4596371 ]
 [-0.01709549  0.07020386  0.12149286]
 [ 0.08270108  0.43884362 -0.00310579]
 [-0.06452787 -0.12137921  0.19269625]
 [ 0.310392    0.27471521 -0.11651399]
 [-0.20148121  0.06795989 -0.14516069]
 [-0.08934813  0.24284421 -0.10999746]
 [ 0.09990844  0.23589336  0.17047334]
 [-0.02937556  0.33869992 -0.0928902 ]
 [-0.05803426  0.1915064  -0.02685869]
 [-0.42169726  0.00084776  0.17068279]
 [-0.14618598  0.22648114  0.30181296]
 [-0.33854009  0.14049505  0.34989421]]
Singular Values 
[9.99887773 4.68730111 3.5060414 ]
Singular Vector V (transpose) 
[[-0.21711027  0.40849451  0.8865638 ]
 [ 0.80532138 -0.43831333  0.39917277]
 [-0.55165262 -0.80063328  0.23380704]]

Kinase CAMK2A
Singular Vector U 
[[-0.12053032  0.06503492 -0.03514377  0.06900398 -0.15173387 -0.43120744
   0.07046606 -0.13393372]
 [-0.05576335  0.0926058   0.02023317 -0.30556659 -0.31476225 -0.26522971
   0.04451326 -0.01187614]
 [-0.2108584  -0.21941642 -0.30560406  0.28234084  0.0569701   0.09596802
  -0.41176249 -0.35349604]
 [-0.2808862   0.40313442 -0.30948922  0.01038374 -0.03147523 -0.31920782
   0.27698179  0.17115719]
 [-0.40035801  0.33808286 -0.28733928  0.19715787 -0.10727271  0.12606976
   0.02816567  0.01373564]
 [ 0.04943555  0.31634249  0.07332964  0.08996936  0.23078113  0.16694445
   0.22271025 -0.15473763]
 [ 0.01904513 -0.22815578 -0.03977968 -0.07087976  0.17444424 -0.14710656
   0.0729158  -0.20788862]
 [ 0.04328607 -0.17374727  0.05057505 -0.1129555  -0.29819242 -0.25151305
   0.06482405 -0.16543981]
 [-0.02051383 -0.06219796  0.08888868  0.31452588  0.08090374 -0.23870033
   0.10568617 -0.02409474]
 [-0.15792799 -0.11774268  0.00714828  0.21164203  0.27289078 -0.09007246
  -0.06080405  0.21660654]
 [-0.21140698  0.08315875  0.5012749   0.09675839 -0.01216961  0.02256983
   0.02701889  0.32395619]
 [-0.1796314  -0.30813736 -0.13685047  0.01574932  0.21589359 -0.28064907
   0.16776308  0.11448413]
 [-0.13439547  0.00371294  0.06084191 -0.15416017  0.35904559  0.1284874
   0.19347646 -0.35168716]
 [ 0.11884031  0.17861051  0.01760855 -0.31088324  0.20909124 -0.17907827
  -0.48145452  0.04975122]
 [-0.14378296  0.2380027   0.01241649  0.04736057  0.33283735  0.13598945
  -0.13178723  0.14421142]
 [-0.12903733 -0.46021489 -0.03515154 -0.06860196  0.14206001  0.06450564
   0.22850048  0.44709062]
 [-0.39718061  0.01729324  0.10911333 -0.55884378 -0.02126792  0.20302905
  -0.08410292  0.03587371]
 [-0.17460366  0.03018577  0.54133399  0.2214577  -0.12063423  0.01866218
   0.06286506 -0.15616071]
 [-0.2598357  -0.00864466  0.3338168   0.00876067  0.12727597 -0.32535858
  -0.26327265 -0.184129  ]
 [-0.20125293 -0.02298493 -0.06927013 -0.20562331  0.29326801 -0.23002128
  -0.06179332 -0.04956192]
 [-0.25359498 -0.09661275  0.04946938  0.19338427 -0.11447804  0.04627511
  -0.05624088 -0.12976216]
 [-0.31201784 -0.17566913 -0.04216824 -0.17658245 -0.13785964  0.26743631
   0.28861086 -0.28282307]
 [-0.25354338 -0.13400196 -0.09128361  0.06569792 -0.32993953  0.11979016
  -0.36565723  0.24836832]]
Singular Values 
[19.91042539 15.82487797 12.59579112 10.61561332  8.05089924  6.22249876
  3.55564089  2.59446175]
Singular Vector V (transpose) 
[[ 0.10778402  0.64990678 -0.12553029  0.03893595  0.46551363  0.55760705
   0.02585016 -0.14294445]
 [-0.13674764  0.43333803 -0.17347063  0.1192841  -0.81034139  0.13615644
  -0.25237346 -0.10155478]
 [-0.26941972 -0.45689649 -0.12327005  0.19620512  0.13016987  0.4793898
  -0.64401878  0.05871711]
 [ 0.84611037 -0.05470885 -0.20608217 -0.0226147  -0.00513041 -0.16604181
  -0.42335699 -0.17690549]
 [-0.11520121 -0.1360074  -0.92550213 -0.22279345  0.0254961  -0.03135584
   0.24042111  0.05102942]
 [ 0.34749915 -0.37713885  0.09690469  0.04174259 -0.31603482  0.60863389
   0.49718736 -0.09148322]
 [-0.15321816 -0.11254995 -0.08975178  0.51178931  0.09000628 -0.18077424
   0.1279223  -0.79795266]
 [ 0.15391609  0.06850297 -0.14994874  0.79494639  0.03231393 -0.09515041
   0.14243027  0.53554517]]

Kinase RPS6KA1
Singular Vector U 
[[-0.21341275  0.07675094 -0.04314362 -0.03349087  0.32062028 -0.07838538
  -0.21371644  0.17683872 -0.41759916]
 [-0.1713816  -0.1111598   0.34788668  0.0593287  -0.0893774  -0.09541541
   0.28057803  0.00570101 -0.20913505]
 [-0.13620582  0.36697114 -0.12899472  0.30544667 -0.39240981  0.19011196
   0.0199702   0.21734375  0.08400535]
 [-0.01880513  0.19534259  0.19729493 -0.25231132  0.22657614  0.43478683
   0.21671933 -0.15429498  0.29532216]
 [-0.23034988  0.30725218 -0.09632955  0.19994058  0.0968902  -0.2229707
   0.02350165 -0.27436929  0.04346564]
 [-0.09119615  0.10203528  0.08248157 -0.03390099 -0.30374807  0.19727581
   0.01679561 -0.12383024  0.19405463]
 [-0.19818094  0.05734069 -0.0077608  -0.03323481 -0.11811155 -0.2507309
   0.07915739  0.01045657 -0.06312694]
 [-0.1638719  -0.14925193 -0.05350703 -0.03096922 -0.12959307  0.06620477
   0.061817    0.52338097  0.32469112]
 [ 0.25855314  0.2975165   0.20689856 -0.04105827 -0.18810359  0.01094569
   0.09127216  0.00793677 -0.29287803]
 [-0.08936593  0.16601014 -0.19892743 -0.20929285  0.09688883  0.52786363
   0.12123876 -0.02035324 -0.24710037]
 [-0.07442342 -0.270735   -0.23965642 -0.3523297  -0.20622015 -0.26199586
   0.09788867  0.03488833  0.2070886 ]
 [-0.27960557 -0.09164001 -0.28381653  0.07741364  0.2565231   0.19918733
  -0.02737795  0.36307873  0.00069749]
 [-0.03211779 -0.03511005  0.25151247 -0.11871443  0.09358171 -0.05918449
  -0.12843773  0.24833432 -0.17512977]
 [-0.20334183 -0.50066372  0.05032208  0.43704857 -0.03519293  0.24018227
   0.3213165  -0.32888177 -0.12038837]
 [ 0.02440025 -0.10846467  0.15373587  0.25325529 -0.22297875  0.16599061
  -0.10580273  0.23343465 -0.20203769]
 [-0.14262013  0.11043605  0.08816087  0.17041542 -0.2077335   0.12336098
  -0.17971063  0.12220427  0.0169646 ]
 [-0.34541522 -0.1878625   0.41048005 -0.19896462 -0.02676232  0.17285921
  -0.60034893 -0.19639845  0.14840424]
 [-0.19406083 -0.19614188 -0.35809939 -0.36234277 -0.37725758  0.08261113
   0.01104167 -0.16055421 -0.31149443]
 [-0.31682671  0.0746131   0.17175381 -0.12160651 -0.01598401 -0.08613465
   0.1531318   0.07393156 -0.30240129]
 [-0.32970308  0.17087551  0.2981228  -0.14230433 -0.11774371 -0.21024604
   0.30890834  0.08561041  0.15234932]
 [-0.21764562  0.28862241 -0.1635975  -0.14702972 -0.06674421  0.00396971
  -0.04688822 -0.18515873 -0.05647697]
 [-0.30206504  0.03132556 -0.04409104  0.09334567  0.36411148 -0.05440974
   0.22067531  0.01996982  0.14067954]
 [-0.22832715  0.11002276 -0.20289135  0.29164881 -0.03655414 -0.14609829
  -0.30068437 -0.21998624  0.07721804]]
Singular Values 
[15.92774222 12.76914265  9.06405718  7.653546    5.80775802  5.23529012
  4.28314681  3.31154358  2.30353238]
Singular Vector V (transpose) 
[[ 0.29657894  0.14746469  0.47757946 -0.14314233  0.23259084  0.76161262
   0.06630218 -0.03178607  0.04652544]
 [ 0.47802459 -0.14410492 -0.51086829 -0.06401631 -0.33554528  0.30088713
  -0.48103765 -0.1228576  -0.18980744]
 [-0.69309277 -0.10861202  0.1724975  -0.25813337 -0.48574195  0.30936097
  -0.27900307  0.04254622 -0.01163076]
 [ 0.32572114  0.14274665  0.504557    0.27701069 -0.42329634 -0.27114274
  -0.35573489  0.206412    0.34693666]
 [-0.22177353  0.21815978 -0.14221883  0.23563652  0.52340482  0.08874892
  -0.58270996  0.45343277 -0.02215629]
 [ 0.08336147  0.00804492  0.17209099 -0.70993817  0.29046073 -0.34876237
  -0.38969816 -0.30324095  0.09765381]
 [-0.04772953  0.22343535 -0.40783267 -0.15012943 -0.03580873  0.15266601
   0.11827797  0.02416506  0.84839224]
 [ 0.14696303  0.444908   -0.09161644 -0.46769861 -0.21533813 -0.08502489
   0.22309931  0.61046898 -0.27798879]
 [-0.13058605  0.79359301 -0.04511906  0.17671111 -0.11051252 -0.011952
  -0.06810471 -0.51833087 -0.18502396]]

Kinase UHMK1
Singular Vector U 
[[-0.02812517 -0.22711468]
 [-0.30901364 -0.2316356 ]
 [ 0.33377836  0.35151661]
 [-0.0854701  -0.1737518 ]
 [ 0.11798969  0.26943967]
 [-0.02913284  0.21891392]
 [-0.09292441  0.34694426]
 [-0.09057924 -0.13628197]
 [ 0.20042398 -0.09837969]
 [ 0.1363008   0.05326508]
 [-0.12146077 -0.03496335]
 [-0.01013936  0.12420854]
 [-0.212886    0.00490192]
 [-0.33858961  0.18512636]
 [-0.05821084  0.24527399]
 [-0.00566957  0.30605009]
 [-0.56019286  0.01149603]
 [-0.01845743 -0.03762599]
 [-0.24531393  0.16413711]
 [-0.30682981  0.36908736]
 [ 0.14007822 -0.02207954]
 [-0.09210116 -0.31042727]
 [ 0.14080002  0.05187931]]
Singular Values 
[10.40378804  8.19310766]
Singular Vector V (transpose) 
[[ 0.99063804  0.13651473]
 [ 0.13651473 -0.99063804]]

Kinase MAPK1
Singular Vector U 
[[ 1.98150181e-01  1.64605607e-01 -1.03403079e-02 -4.94497639e-03
   5.21568078e-02 -1.99166384e-01  2.06744952e-01 -4.21112660e-01
   1.11415162e-01 -6.09445225e-03  2.39144347e-01 -2.54731447e-01
  -1.95001843e-01  9.58039719e-02 -3.06429095e-01  5.07727354e-02
  -1.22602314e-01  2.53289465e-01 -3.12889051e-01 -8.29011562e-02
  -1.10121374e-01 -4.48166235e-02 -4.41293007e-01]
 [ 2.64541762e-01  3.39432403e-01 -1.13766752e-01  2.09231687e-01
   3.06859044e-01 -2.75621912e-01  1.34218723e-01 -2.87442324e-05
   1.84780290e-01 -1.94924608e-01 -2.54341769e-01  1.67309319e-01
  -2.61437847e-01 -1.45541296e-01  3.72661631e-01  1.96820678e-01
  -3.17265706e-02  2.16179655e-01  5.48689651e-02  1.97147022e-01
   1.35639573e-01 -6.23175419e-02  1.61462130e-01]
 [ 2.89434487e-01 -2.48878473e-01  9.37806665e-02 -2.60200089e-01
   2.92259598e-01  2.61300523e-01  1.77062034e-01  1.83788659e-01
   1.02086906e-01 -3.94156217e-01 -1.00845268e-01 -1.70786305e-01
  -1.11633787e-01 -1.01907689e-01  5.84858540e-02  1.07482648e-01
  -2.06878373e-01 -3.95780035e-01 -1.50995422e-01 -6.19324657e-02
  -2.95760427e-01  2.41616211e-02 -4.35048274e-02]
 [ 1.65058158e-01  7.94508528e-02  8.34213835e-03  1.85522988e-01
   3.91725300e-01  3.03869677e-01 -1.05062573e-01 -1.48778978e-01
  -2.00792002e-01 -4.99367310e-02  8.71810544e-02 -3.72470841e-01
   4.30260498e-01  4.23787291e-02 -2.05739999e-01  2.00477050e-01
   2.46169014e-02  1.32831602e-01  3.55234314e-02  2.65287908e-01
   1.78857107e-01  1.27022571e-01  2.37477468e-01]
 [ 2.85535773e-01 -8.05694332e-02 -4.85948800e-02 -1.00938361e-01
  -1.54311640e-01  2.20935191e-01 -1.03465148e-01 -3.21747032e-01
  -2.24552577e-01 -9.48343118e-02  2.32674968e-01  1.66524127e-02
  -1.18328883e-01 -3.42056777e-01  2.45014905e-01  6.58054148e-03
   3.19253780e-01 -1.13435301e-01 -9.88996171e-02 -1.82004500e-01
   3.62907824e-01 -3.43850851e-01  5.64901874e-03]
 [ 1.56457229e-01 -4.58062844e-02 -1.41133854e-01 -9.25446928e-02
  -1.84637298e-02  9.41322447e-02 -1.63122979e-01  4.74334073e-01
  -3.14498480e-01  3.67071557e-01 -2.32007956e-02 -2.19474934e-01
  -2.93160895e-01  1.40295515e-01  1.58179035e-01  3.69788730e-01
   1.35446130e-01  2.29282458e-01 -1.22660810e-01  3.92071381e-02
  -5.99193033e-02  1.87070174e-02 -2.07238700e-01]
 [ 8.76421188e-02 -1.24722986e-02  3.27411523e-01  2.02125201e-01
  -4.92608770e-02 -1.74370567e-01 -9.64109714e-02  9.33277030e-02
  -9.98290011e-02  1.10676483e-01  4.65833673e-01  2.54025596e-02
  -3.95736624e-02 -5.61065396e-02  8.41754393e-02  2.76666391e-01
  -5.83121958e-01 -1.18983442e-01  2.43962243e-01 -1.61792529e-01
   6.93713600e-02 -1.04199288e-01  9.75487150e-02]
 [ 8.97673247e-02  1.15035846e-01 -2.72901513e-01 -3.05253620e-02
   2.99220717e-02 -2.40661080e-02  1.33621595e-01 -2.09228559e-01
  -2.10137271e-01  4.56298282e-01 -3.45656552e-01 -4.58308796e-02
   1.64971647e-01 -2.89028291e-01  1.24511762e-01 -7.32850761e-02
  -3.47610756e-01 -2.91768362e-01 -3.84495443e-02 -1.12935974e-01
   1.11853020e-01  2.74863674e-01 -1.62382483e-01]
 [-4.99018451e-02 -1.51708903e-01  2.28509426e-01  7.54749352e-02
   3.70609634e-01  1.10696184e-01 -1.44819375e-01 -1.15160620e-01
  -4.26874018e-01 -7.35770981e-02 -2.18748796e-01  4.73958851e-01
  -1.18811356e-01  3.85239303e-02 -1.75446287e-01 -7.66884603e-02
  -8.86704535e-02  9.33756783e-02  1.31020396e-01  9.35681848e-02
   7.08713953e-03 -1.53442355e-01 -3.92756960e-01]
 [ 6.59802133e-02 -2.62100733e-01  5.52306051e-02 -1.03848307e-01
   1.80415225e-01  9.34257576e-04 -2.45803793e-02 -1.60656362e-01
   2.63021785e-02  5.34363239e-02  2.26507052e-01  2.62710551e-01
   2.81776302e-01  2.31018980e-01  5.36806450e-01 -8.66666277e-02
  -3.91445463e-02  2.99517305e-01 -2.88386709e-01 -1.43812594e-01
  -1.19207655e-01  3.02945146e-01  2.76079409e-02]
 [-4.29157256e-01  1.77424037e-01 -4.24332965e-01 -1.49228160e-01
   9.13319828e-02  7.57606626e-02 -1.19235180e-01  9.90046518e-02
  -9.39284198e-02 -1.68264736e-01  2.22229431e-01 -5.63821060e-03
   7.09557569e-02 -3.46128589e-02  1.43584116e-01 -8.39071308e-02
  -3.57329525e-01 -1.29162687e-02 -2.97767937e-01  2.84160390e-01
   1.60635114e-02 -3.50865312e-01 -5.33445978e-02]
 [ 3.70241856e-01 -1.68389585e-01 -4.12896349e-01 -1.28567630e-01
  -1.38417593e-01 -3.99571571e-02  3.72886447e-01 -4.10681440e-02
  -1.43217644e-01  3.90104420e-02  1.20515821e-01  1.52010578e-01
   1.71251910e-01  2.68782781e-01 -3.99210684e-02 -3.69625317e-02
  -4.03098041e-02  3.39936539e-02  4.21510211e-01  1.88266417e-01
  -1.96892945e-01 -2.54648793e-01  4.85992575e-02]
 [ 2.05519013e-01  2.52090623e-01 -1.91070351e-01  1.07554667e-01
   3.50901514e-01  2.28380463e-01  1.13942990e-02  3.60063582e-01
   2.82074522e-01  2.13683946e-01  2.57549627e-01  2.67985136e-01
   3.73774748e-02  5.00091249e-02 -2.14187579e-01 -2.51732058e-01
   8.06424333e-02 -8.58293073e-02 -3.41134806e-02 -3.37756278e-01
   1.69666219e-01 -5.02006369e-02 -6.42928241e-02]
 [ 4.58700285e-02  1.18073507e-01 -3.27213123e-02  6.36606076e-01
  -1.84494445e-01  3.87121892e-01  1.18538479e-02 -1.03423083e-01
  -7.73910900e-02  3.19971887e-02  9.62824017e-02 -1.13298002e-02
  -2.20285377e-01  5.53241938e-03  1.81032646e-01 -2.24319828e-01
   7.66155937e-03 -1.08707527e-01 -6.21777081e-02  1.50785337e-01
  -4.36796557e-01  7.43545537e-02  4.44193665e-03]
 [-3.58837721e-02 -3.07960284e-01 -2.01535026e-01  4.23543356e-02
   8.28059275e-02 -8.68227617e-02  3.45978733e-02 -1.59211315e-01
  -4.39181603e-02  1.53081830e-01  1.04338021e-01  2.61432459e-01
  -3.94628507e-01  1.37530731e-01 -2.95934300e-01  1.63487500e-01
  -1.34150855e-02 -2.31868183e-01 -3.23989603e-01  1.78233734e-01
   1.47770328e-01  1.90776144e-01  4.21975712e-01]
 [ 1.72383738e-01 -1.54229826e-01  5.41230801e-02 -2.16916056e-01
   2.01045974e-01 -1.09137751e-01 -4.53115776e-01 -1.22730070e-01
   3.13081574e-01  3.24415373e-01  1.09702415e-01 -1.49233941e-01
  -1.49873163e-01 -1.94370816e-01  4.39456035e-02 -3.19008323e-01
  -2.16541028e-03 -2.32518419e-02  2.01498123e-01  3.93259320e-01
  -1.53501932e-01 -5.32616983e-02 -9.91670685e-03]
 [ 2.01405688e-01 -4.96024206e-02 -2.31525606e-01  2.19534465e-01
   8.24535897e-02 -5.23349004e-01 -4.00660247e-01  8.88238985e-02
  -2.98706091e-01 -2.54184661e-01 -6.63809727e-02 -1.51065679e-01
   1.00580171e-01  1.04864907e-01 -5.73819578e-02 -2.27422543e-01
   7.70221529e-02 -1.57716080e-01 -1.12758110e-01 -2.70022845e-01
  -1.58670884e-01 -2.71464967e-02  8.08004825e-02]
 [-2.99999797e-01  1.02773654e-01 -3.26952257e-01 -1.57308666e-01
   2.17315727e-01  1.10684934e-01 -1.10837874e-01 -2.25857705e-01
  -5.91373502e-02 -1.60796297e-01  1.79226013e-01 -7.72087767e-02
  -2.97820268e-01 -1.08654611e-02  5.15118941e-02  1.33524856e-01
   6.83479301e-02  3.82383742e-02  4.84315147e-01 -3.21248739e-01
  -1.41774459e-01  3.22690537e-01  1.27284032e-02]
 [ 2.73560315e-02 -4.80456964e-01 -3.00127154e-01  2.65247188e-01
  -1.38428595e-01  2.02785464e-01 -1.90906442e-01 -9.93891374e-03
   3.16343553e-01 -7.96324504e-02 -2.52757349e-01 -6.80186837e-02
  -1.06544407e-02 -1.12983473e-01 -1.01719363e-01  5.11710896e-02
  -3.02927778e-01  3.72716945e-01  3.61844588e-02 -2.15593912e-01
   1.40923999e-01 -1.07521610e-01 -2.20622065e-02]
 [ 1.03935168e-01 -7.80106455e-02 -1.58051316e-01  1.32611211e-01
  -1.91053468e-01 -7.44190532e-02 -1.46678619e-01  9.73283967e-02
   1.57567869e-01 -2.72681274e-01  1.94288081e-01  1.27109730e-01
   1.10103356e-01  3.00321172e-02  4.23592392e-02  1.51821625e-01
   7.51691530e-02 -2.47933320e-01  8.17818827e-02  3.23170572e-01
   2.85348555e-01  4.04132514e-01 -5.03554224e-01]
 [ 1.80276145e-01  2.04688647e-01  9.90635622e-02 -1.86161677e-01
  -1.66496683e-01  1.94385052e-01 -1.48997261e-01 -6.88498012e-02
  -3.66102998e-02 -1.23422028e-01 -1.69693251e-01 -1.37065407e-01
  -2.52550993e-01  5.70621342e-01  9.72281394e-02 -3.17468947e-01
  -2.79462604e-01 -2.29110607e-02  5.49668322e-02 -2.79459735e-03
   3.59147455e-01  8.44149959e-02  8.44590160e-02]
 [ 1.06154699e-01  2.74948554e-01 -4.19826951e-02 -9.99643968e-02
  -1.27080254e-01  1.27478250e-01 -4.20701368e-01 -2.50995309e-01
   2.25438908e-01  7.87430205e-02 -1.88263947e-01  2.65747705e-01
   1.90935795e-01  2.15736166e-01 -4.45221831e-02  4.68089582e-01
   6.63643114e-03 -1.96626065e-01 -7.56043794e-02 -8.33154395e-02
  -2.77310889e-01 -1.82760335e-01  1.21525659e-02]
 [ 2.62032423e-01  2.28809058e-01 -8.02541051e-03 -2.58924080e-01
  -2.85254627e-01  8.47957841e-02 -1.44242789e-01  1.34996854e-01
  -1.78070975e-01 -1.84007942e-01  7.21338933e-02  2.63999105e-01
  -5.58973494e-03 -3.86823200e-01 -2.73862062e-01 -9.56235209e-02
  -1.66766028e-01  3.33090438e-01 -8.90204544e-02  6.00543103e-02
  -1.63354908e-01  3.18696426e-01  1.77398958e-01]]
Singular Values 
[17.65984418 14.48529262 12.84731901 11.70660777 10.21575281  9.57359152
  8.84632055  8.22169612  7.05737603  6.57076914  6.11481477  5.2301347
  4.87698257  4.18635573  3.97626523  3.33744461  3.22794959  3.03424208
  2.68004409  2.48160972  1.91978687  1.7373028   0.90928482]
Singular Vector V (transpose) 
[[-4.02281773e-02  6.42215975e-02  5.83721414e-04 -3.18551536e-01
  -1.02056320e-01  7.04658154e-02 -1.75464976e-01 -7.25532529e-02
   4.01198423e-02  5.33605158e-03  6.86907983e-02 -7.80451582e-01
   1.24884151e-02 -8.78149461e-02 -1.36703074e-01 -1.16531002e-01
  -8.78334042e-02  1.66384889e-01 -1.31526267e-01  2.12706654e-01
  -1.44521745e-01 -9.35936419e-02 -6.08578609e-02  7.19729053e-02
   5.49597193e-03 -9.32709703e-02 -1.11803205e-01  6.13512845e-02
  -3.98568414e-02  3.85599028e-02 -1.29963525e-03 -6.15476703e-02
  -4.78139752e-02  8.50863923e-02 -2.22111187e-02  8.22950331e-02
   2.51130933e-02]
 [-1.69234434e-01  1.24925080e-01  2.74911454e-02 -4.27852234e-03
   4.90427590e-01  1.55929582e-01 -1.39557854e-01 -2.28627206e-01
   9.32081408e-02 -1.62064542e-01  5.74526164e-02 -8.16988646e-02
  -1.03784745e-01  1.52911467e-01  1.43676599e-01  1.25571795e-01
  -3.25082017e-02 -3.06778370e-01  1.92676443e-01  1.88352533e-02
  -8.36413998e-03 -2.18674667e-01  6.46233491e-02 -1.51396398e-01
   7.75100369e-02 -3.54200682e-01  8.03291702e-02  2.08998138e-02
  -2.11493393e-01  1.50199646e-01 -1.94290344e-01  2.21774083e-01
   1.96506413e-02  4.05580627e-03  3.91011399e-02 -2.24892261e-02
  -1.60535163e-02]
 [ 4.04024335e-01  9.20464016e-02  6.62369574e-02  6.51093605e-01
  -1.65745369e-03  1.00330622e-01 -5.51761305e-02 -8.34051956e-02
   3.07680206e-02  7.80637219e-02  6.06846131e-02 -8.89593345e-02
  -1.19794403e-01 -1.72180665e-01 -1.25988916e-01 -1.99596667e-01
   4.38447963e-03  1.80310002e-01 -1.02673523e-01  4.16325746e-02
   1.75106131e-01 -1.38497520e-01  1.03412995e-01 -3.96087600e-02
  -6.46340325e-02 -1.48203706e-01 -3.31252440e-02 -9.60562597e-02
  -1.27624581e-01 -1.13462940e-02 -2.30465225e-01 -6.69776020e-03
  -1.73740407e-01 -1.28598545e-02  1.81086056e-02  1.31698365e-01
   2.42417397e-02]
 [-6.06624684e-01 -1.77381885e-01  7.11813935e-02  4.04755750e-01
   1.03712514e-01 -4.63460182e-02  6.76709933e-02  8.52285345e-02
  -1.35164562e-01  1.36616623e-01 -3.33592200e-02 -2.96909564e-01
   7.00112880e-03 -7.28527506e-02  1.58791234e-01 -6.04343945e-02
  -1.31882725e-01 -5.55307883e-02  7.91546664e-02 -1.15575060e-01
   8.20819984e-02  1.04441595e-02  8.49329149e-02 -5.76223895e-02
  -2.79900215e-02  3.14408258e-01 -6.93101720e-02  9.95297340e-02
   1.66045282e-02 -1.76065808e-01 -4.97488232e-02  1.50968832e-02
   5.73370440e-03  4.40206189e-02  6.86839463e-02  1.35676240e-01
  -1.24800549e-01]
 [-6.57736354e-03 -1.01665107e-01  1.21709797e-01  1.22324119e-01
  -2.18884599e-01  1.45290095e-02  6.06117787e-02  2.08524747e-01
  -1.39458339e-01  1.32776646e-01  3.25873873e-03 -2.00152361e-01
  -2.08812846e-02  5.31860545e-02  6.29894218e-03  2.09458187e-01
   1.80476402e-01 -3.04316393e-01 -1.71682689e-01 -2.59642321e-01
   3.11056782e-02  2.25366123e-01 -5.30919554e-02 -7.95535563e-02
   5.49773712e-02 -6.12571018e-01 -1.11523808e-01 -4.68296817e-02
   1.45339863e-01 -1.53369457e-01  6.91599466e-02 -2.47307398e-02
   3.72126671e-02  7.00434730e-02  5.53071314e-03 -8.94773012e-02
  -8.34913525e-04]
 [ 3.64557287e-01 -1.43345607e-01  1.09058059e-01  7.43359200e-02
   3.73728811e-01  9.45694950e-03 -5.57322822e-02 -2.56904685e-02
   2.15136012e-01 -1.39036367e-01  1.96612525e-01 -2.69099950e-01
   1.97428147e-02  3.80967421e-02  3.41550358e-03  7.98552059e-03
   3.41371194e-02 -2.48962898e-01 -1.20119935e-01 -2.89985634e-01
   5.50980837e-02  9.84866215e-02  1.85595337e-02  1.26694718e-02
  -3.48675817e-02  3.61749951e-01 -8.17310442e-02 -1.02981365e-01
   1.62274572e-01  8.44695051e-02  3.28362338e-01 -3.99688195e-02
   5.94746579e-02  5.50527459e-02  5.14094267e-02 -1.74968258e-01
   3.79232555e-03]
 [ 3.30500186e-01 -9.72402672e-02  3.06465348e-02 -2.19979157e-01
   2.62599175e-01 -9.83934997e-02  1.69754141e-01  8.11844086e-02
  -1.92034866e-01  9.20282732e-03 -1.94558198e-02 -5.58650474e-02
   4.09764642e-02 -1.43806091e-01 -4.01369191e-02 -9.17555547e-02
  -3.05383812e-01 -1.01428475e-01  1.62019534e-01 -1.39475949e-01
  -1.60136758e-01  1.47777560e-01 -1.15476570e-01 -1.30415056e-02
  -4.79978337e-02 -1.47315315e-02  2.04261377e-02  1.31768328e-01
   1.20581032e-02 -3.91524270e-01 -4.34657451e-01 -2.61993548e-02
  -6.63434144e-02 -1.55258560e-01 -7.29967068e-02  4.10807581e-03
  -1.94023622e-01]
 [-6.56985185e-02 -4.59610338e-01  4.69776069e-02 -3.55779917e-02
   1.15873381e-01 -2.65154679e-01 -2.82021583e-01 -1.71545567e-01
   1.88551876e-01  6.49187941e-02 -6.69452809e-02  1.74983636e-01
  -1.14203325e-02 -9.59374051e-02 -1.37791218e-01 -2.14207315e-02
   4.01438474e-03 -2.55127382e-02 -3.12691618e-01 -1.46627047e-02
  -2.21942880e-01 -2.35067047e-01  1.72504223e-01  4.15086069e-02
  -3.09517902e-02 -1.38449745e-01  1.41774412e-01 -1.53490399e-02
  -1.57420439e-01 -3.42615753e-01  1.06003276e-01 -1.11119535e-01
   1.22797070e-01  5.05532260e-02  1.73543115e-03  1.42671501e-01
   7.59279305e-02]
 [-1.58912005e-01 -4.20732545e-02 -6.52628335e-02 -6.26304642e-02
   1.51389990e-01 -8.24046438e-02 -3.13870998e-01 -4.50346883e-02
   3.99451562e-02 -2.11019259e-01  1.64772753e-01  7.58002701e-02
   1.10751635e-03 -6.43949806e-02 -2.72235362e-01  1.46652330e-01
  -6.91909655e-03  4.15967125e-01 -2.78415650e-02 -2.70679745e-01
   3.93034640e-01  1.86990085e-01 -6.28549233e-02 -6.82676353e-02
  -9.50172771e-02 -1.41228756e-01 -1.54705515e-02  2.42441164e-01
   2.66720298e-01  8.13045046e-02 -1.33867640e-01  3.39237158e-03
   8.11154414e-02 -6.52912856e-03 -3.87062877e-02  6.39557720e-02
  -1.21239902e-01]
 [ 3.70642045e-05 -1.23337819e-01  1.31169922e-01 -1.88288880e-01
  -5.76660266e-02 -4.52044338e-02  1.41245562e-01 -2.53607643e-01
  -3.67633871e-02  4.73206667e-01  3.31644288e-03 -7.09555562e-02
  -1.16838282e-02 -3.23115461e-02 -1.07343861e-01 -2.08339606e-01
  -4.69625672e-02 -6.47924199e-02  2.17162114e-01 -2.40170700e-01
   3.39673680e-01 -4.37952776e-02 -5.25041489e-02  9.84540181e-02
  -4.94388049e-02 -4.03375068e-02  3.66986156e-01 -2.03460771e-01
  -5.85069443e-02  2.48358732e-01 -4.48105540e-02 -6.20099586e-02
   1.74438036e-01  1.58451243e-01 -8.91118511e-02  1.09204897e-02
   1.92810383e-02]
 [-3.29221499e-03 -3.21418796e-01 -2.61559136e-02 -1.55756863e-01
   1.25898730e-01 -1.40078654e-01  2.31981265e-01  9.48867206e-02
  -1.35388008e-01 -1.93187354e-01  1.37669150e-01 -1.87725705e-02
  -3.16651478e-01 -1.33038346e-01  3.36656927e-01  6.21740507e-02
   4.61588217e-02  1.58840097e-01 -1.01381828e-01  1.25691703e-01
   1.61826531e-01 -1.51611013e-02 -8.04819895e-02 -1.87042831e-01
   9.45879145e-02 -5.34175101e-02  4.83579684e-02 -1.90499684e-01
  -2.21557873e-02  1.60929515e-01 -9.57907458e-02 -3.38195016e-01
  -2.26063143e-01  6.91684687e-02  2.28570939e-01  5.81747673e-02
   1.73525045e-01]
 [ 1.11997806e-01 -1.40342368e-01  1.71992393e-01  8.45081273e-02
  -1.43334346e-01 -1.74869004e-01 -1.95629455e-01  6.96332141e-02
  -9.83483952e-02 -4.65845356e-02  2.75781862e-02  5.87559657e-02
  -3.43448654e-01  5.19375851e-04 -1.14160065e-01  3.83695500e-02
   1.15280926e-02 -2.99598675e-01  7.56204725e-02  2.74625359e-01
   4.37886927e-02 -2.12605367e-02 -4.78265233e-01 -1.42671673e-01
  -1.11396062e-01  1.44129282e-01 -1.08280219e-01  2.33893443e-01
  -1.02875014e-01  1.42437012e-01  4.21855567e-03  8.31024805e-02
   1.87450827e-01  1.71391429e-01 -1.65388355e-01  1.70319409e-01
  -8.66093357e-02]
 [-1.60866487e-01  2.05553478e-01 -1.60863487e-01 -3.39509572e-02
  -1.19170062e-01 -6.66477198e-03 -8.83740286e-02  6.79384667e-02
  -2.69445129e-03 -3.76335361e-01  1.04238236e-01  4.83497134e-03
   2.96740107e-03  1.17182607e-01 -1.41907859e-01 -3.00439535e-01
  -9.51494192e-04 -2.36835630e-01  1.27910611e-02 -5.62664142e-02
   3.09024831e-01 -9.47087704e-02 -2.21297907e-01  9.59958969e-02
  -1.18094018e-01 -2.20650273e-02  1.07647701e-01 -2.89286520e-01
  -2.04417590e-01 -3.43990703e-01  1.01789595e-01 -2.37160903e-01
  -8.54912051e-02 -7.35712982e-02  8.07662143e-02 -3.57212145e-02
  -1.49916563e-01]
 [-9.57975931e-02 -1.00916393e-01  1.23161677e-02  4.81207112e-02
  -2.25277745e-01  2.38192168e-01 -7.73320751e-02 -2.25307087e-02
   7.67597460e-02  3.01497987e-02  5.13790775e-02  1.24396924e-01
   1.95734418e-02  1.46487089e-01 -1.75571255e-01  6.26849470e-02
  -5.37746761e-01 -6.04012483e-02 -1.19316432e-01 -3.28977121e-01
  -1.99918979e-01 -9.05574514e-02 -1.51766788e-01 -2.20985485e-01
  -2.50854641e-03  5.40810444e-02 -9.34107265e-02  4.94134089e-02
  -1.28524460e-01  2.31759489e-01 -8.80737308e-02 -2.17871755e-01
  -2.26130774e-01 -1.76757475e-02  6.37265529e-02 -1.52633498e-01
   1.70317323e-01]
 [-7.26304188e-03  1.62555820e-01 -1.05518110e-01  1.31328416e-01
  -8.20750468e-02 -2.27314380e-01  7.37986104e-02  1.04511843e-01
   2.93699813e-01 -1.67127303e-01 -1.14624287e-01 -1.09993235e-01
   2.73161511e-03 -2.73380816e-01  1.22821751e-01  3.05651843e-03
   9.87702268e-02 -6.98488719e-02  5.66227370e-02 -2.68928386e-01
  -2.41179228e-01  1.25938590e-01 -9.56366976e-02  6.50714874e-02
  -2.20992929e-02 -7.13342663e-02  4.52371690e-01  2.84130271e-01
  -1.29490013e-01  2.29299692e-01  1.01521987e-01 -9.79364248e-02
  -1.88624633e-01 -3.56210413e-02 -6.65849529e-02  1.93399897e-01
  -6.81827611e-02]
 [-2.51188246e-02 -1.92608711e-01  4.40912135e-02 -2.53196810e-02
  -1.43234143e-01 -1.68542872e-01  3.08287751e-01 -1.32883710e-01
   2.13969116e-01 -9.11819120e-02  8.01922675e-02 -9.42853921e-02
  -1.92223740e-01  5.60648020e-01 -1.14791052e-01 -2.53626305e-01
   1.01160142e-01 -1.54225330e-02 -1.04029534e-01 -1.18827246e-02
   2.49102027e-02  1.04272904e-01  1.14734926e-01 -1.29718610e-02
  -1.80548809e-02  3.44854821e-03 -4.65463899e-03  1.57383194e-01
   6.50933813e-02  3.14248756e-02 -1.26065352e-01  2.15929379e-01
  -9.69107638e-02 -3.45368727e-01  5.23975869e-03  1.67444384e-01
   6.32335020e-02]
 [-1.19123497e-02 -1.64598856e-01  6.07852785e-02  7.65892372e-02
   4.95429560e-02 -1.14443708e-01 -1.07608053e-01  4.66072615e-03
   1.52635705e-01 -1.21297870e-04 -1.29896180e-01 -5.74118304e-02
   1.03232433e-01  8.18787431e-02  3.18228900e-02 -1.36197555e-01
  -1.06608305e-01  1.98865106e-01  3.43155088e-01  1.96251379e-01
  -2.18297975e-02  2.69752452e-01  2.62367251e-02 -4.48530678e-01
  -3.55353109e-02 -1.44743762e-01 -4.94543511e-03 -2.16649138e-01
  -7.02035077e-02 -3.71632058e-02  2.85057302e-01 -4.97532823e-02
  -1.58955463e-01 -7.56539299e-02 -3.84956431e-01 -1.73212026e-01
  -7.04674242e-02]
 [ 1.12969796e-01 -3.67302435e-02 -1.16336522e-01 -7.24057026e-03
  -1.46784013e-02  1.49522223e-01  6.88486615e-02  2.28111103e-01
   3.85100770e-01  2.34989128e-01  1.93192044e-01 -3.95377497e-02
   2.75132444e-01  1.40354951e-01  2.32154289e-01  1.17163403e-01
  -4.01335400e-02  3.39053671e-03 -4.22030665e-03  2.16061520e-01
   2.99354094e-01 -9.47102223e-02 -9.11172256e-02 -1.47804700e-01
  -1.55647174e-01 -1.55753173e-02  1.57294929e-01  3.70434153e-01
  -8.60716869e-02 -2.23750424e-01 -4.13106410e-02 -1.33550656e-01
   1.33925491e-01  3.55257620e-02  7.23145347e-02 -4.64177184e-02
   1.42978637e-01]
 [ 2.50140462e-02 -4.86879119e-03 -1.43801486e-01 -3.35862739e-02
   7.91443223e-02  2.90007092e-02 -1.37404323e-02 -1.70677203e-03
  -1.12586739e-01  1.01869284e-01  1.75861378e-01  7.45477632e-02
   6.38018829e-02 -1.15753088e-01 -2.80517506e-01  6.80692145e-02
  -2.01161673e-01 -3.23391296e-01  2.21677211e-01  2.16504251e-01
   1.37080723e-01  1.47780593e-01  2.72227406e-01  6.95203929e-02
   1.11007028e-01 -7.94201951e-02 -5.94947039e-02  1.20189771e-01
   1.23977902e-01  5.14006207e-02  2.86572115e-01 -1.35746239e-01
  -2.40825051e-01 -1.08582953e-01  8.69005065e-02  4.33352482e-01
   1.70208753e-01]
 [ 5.30447546e-02  3.45189621e-02  1.57803106e-01  3.58500925e-02
  -2.89651519e-02 -7.71493489e-02  2.14564312e-01  7.70432208e-02
  -3.41298208e-01 -2.51678851e-01  8.09108749e-03 -3.20270953e-02
   6.05383700e-03 -4.93229426e-02 -1.61044334e-01 -1.57797449e-01
  -2.41080553e-01  6.04544254e-02 -1.09839351e-01  1.05140038e-01
   3.94545109e-02 -5.79611749e-02  2.93617210e-01 -1.72564462e-01
  -9.10769690e-02 -1.06784895e-01  2.60109895e-01  2.94731238e-01
  -1.16213551e-01  7.83731465e-02  2.64037593e-01  1.01103508e-01
   2.48748836e-01  7.32802694e-02  2.05930934e-01 -2.92942461e-01
  -4.17720653e-02]
 [-5.36764682e-02  3.62639152e-02 -1.74202739e-03 -8.89747798e-02
   2.79948047e-02 -3.26968566e-02 -3.98490886e-02  2.14171780e-01
   4.29371211e-02  1.65250151e-01  2.87856831e-01  7.00456208e-02
  -1.58468668e-01 -4.33588265e-03  1.23692218e-01  1.28567629e-01
  -2.98462595e-01  2.26290602e-02 -2.97831878e-01  8.55776236e-02
   3.25226157e-02  1.08195152e-01  4.55159312e-02  1.71078659e-01
  -2.87278205e-01 -2.06880620e-02  1.73780207e-01 -2.11949180e-01
  -5.17318044e-02  1.01851690e-02  8.81494198e-02  4.52341959e-01
  -3.07073118e-01  1.05286386e-01 -1.19205403e-01  1.24444593e-02
  -2.04902910e-01]
 [-7.51604213e-02 -1.04571103e-01 -2.01731748e-01  6.48714985e-02
  -8.29895301e-02  3.17062827e-01  4.42427235e-01 -2.71652895e-01
   6.88521125e-02 -1.82201994e-01  3.82814070e-01  2.94993935e-02
  -1.07393680e-01 -2.44468318e-01 -3.58298177e-02  8.73825695e-02
  -1.37441155e-02  7.58842632e-02  5.67802056e-02 -5.62499602e-02
  -1.57342011e-01 -4.32791044e-02 -7.76880093e-02 -4.19422248e-02
  -6.92086688e-02 -5.78990318e-02 -6.68437926e-02 -4.72067440e-02
  -1.16299489e-02 -1.45631999e-01  1.40520567e-01  4.85622362e-02
   2.59128294e-01  4.35316401e-02 -3.31578378e-01  1.09153058e-01
  -6.18784900e-03]
 [ 7.82136912e-02  6.99221200e-02  1.54346214e-01 -1.08016058e-01
  -2.55553336e-01 -1.35020899e-01  1.62856576e-02 -1.63538939e-01
   1.45977005e-01 -2.54820965e-01 -2.88078060e-01 -6.13717552e-02
  -2.31775247e-02 -2.04815400e-01  1.77003559e-01  1.32128268e-01
  -2.46069743e-01 -6.13197815e-02  7.12420218e-02 -1.40387006e-01
   3.25761726e-01 -8.85052088e-02  5.96182647e-02 -4.40021493e-02
   7.71933835e-02  5.67237513e-02 -9.14985241e-02 -1.08141778e-02
   5.81882425e-02 -2.38877744e-01  1.82076697e-02  3.34961819e-01
  -8.41979600e-02  1.03411469e-01 -6.44156548e-02  5.63036237e-02
   3.92932040e-01]]

Kinase CDK6
Singular Vector U 
[[-0.06991968 -0.0557543   0.05562437  0.25575362]
 [-0.31474036 -0.05337477 -0.21302737  0.0889279 ]
 [ 0.40292678 -0.09632125 -0.20631591 -0.2520921 ]
 [-0.11279827 -0.10996749  0.03465607  0.04015614]
 [ 0.11324167 -0.17254688  0.21555344  0.1365035 ]
 [-0.00241516  0.32995687 -0.01281681  0.19650056]
 [-0.06471032  0.1700419   0.13603849 -0.05388399]
 [-0.10539448  0.24813695  0.13558011 -0.26025684]
 [ 0.17578606  0.36845321  0.19101407  0.0504499 ]
 [ 0.14239941 -0.11826423 -0.10954441  0.26403707]
 [-0.1772978  -0.44794319  0.29497239  0.17221099]
