Method Singular Value Decomposition(One of the PCA methods)
Kinase CAMK2A
Singular Vector U 
[[-0.2536547   0.00630635 -0.12729119 -0.19500247 -0.28952933  0.29772018
   0.20059642 -0.08110562 -0.08897614  0.11233989 -0.083064   -0.09270792]
 [-0.07288091  0.0709687  -0.09669305  0.18702197 -0.44570104  0.04855796
  -0.06190237  0.27057543  0.20772104 -0.18736335 -0.31096665  0.03031592]
 [-0.27178219 -0.16298003 -0.09548285 -0.14021474  0.32883835 -0.14439394
  -0.23860256  0.352968   -0.27162973  0.17695334  0.0364586   0.45736737]
 [-0.24529536  0.37454326 -0.3716805  -0.05547487 -0.01635305  0.09057729
   0.19670513  0.0626577   0.39018493  0.13338478 -0.063082   -0.00612146]
 [-0.34670107  0.37728332 -0.25744167 -0.19382578  0.12361711 -0.20012562
   0.02281657 -0.02011957  0.05069982 -0.14682152 -0.04678706  0.17351879]
 [ 0.15726379  0.29348807 -0.00933382 -0.10123576  0.17100671  0.02806644
   0.11729722 -0.47324046 -0.1281539   0.2721828   0.09632829  0.06240878]
 [-0.10386982 -0.24886029 -0.03144467  0.10173061 -0.03835518  0.27746106
  -0.3047192  -0.07544039 -0.00936816 -0.02075975 -0.17541728 -0.205527  ]
 [-0.088978   -0.21336863  0.05256016 -0.05237159 -0.38387295  0.01252697
   0.18994489 -0.11125986 -0.0628074   0.311111    0.12815805  0.08695723]
 [-0.1043059  -0.07801101  0.08200421 -0.32361044  0.01954999  0.29890591
   0.05632419 -0.16808786  0.08797466 -0.08138235  0.08194407  0.12440038]
 [-0.24539832 -0.08246939  0.04840438 -0.14949211  0.16447563  0.31783365
  -0.0411631  -0.24718403  0.05011656 -0.42013333  0.34645473 -0.06853756]
 [ 0.01905554  0.30412641  0.50311524 -0.02578731  0.07223935 -0.00781026
   0.28573171  0.16509848  0.10949612 -0.07291735 -0.05070976 -0.05820972]
 [-0.23289061 -0.21766674  0.04029898  0.10188254  0.19737797  0.17510173
  -0.05715573  0.15393454  0.45114167  0.16833036  0.10278061  0.15532054]
 [-0.08306639  0.08444851  0.03196284  0.28050951  0.1955623   0.20106615
  -0.15038794 -0.25170773 -0.14038228 -0.11235295 -0.52742426  0.12389095]
 [ 0.14672259  0.12015794 -0.15907539  0.33061574  0.00174699  0.29396956
   0.36701772  0.16122908 -0.39685371 -0.22459571  0.12804283  0.32952905]
 [ 0.01144418  0.30934377 -0.01576408  0.07993438  0.28162722  0.08506498
  -0.29225241  0.12270668 -0.03468008 -0.01736441  0.06962202 -0.47087447]
 [-0.15837421 -0.3133504   0.19746745  0.24243461  0.34129231 -0.09664399
   0.49189066 -0.0217533   0.23124307 -0.10885832 -0.11542871 -0.05422587]
 [-0.2821762   0.2126476   0.15819668  0.51730034 -0.20048943 -0.18491258
  -0.14843129 -0.17864997  0.03507318 -0.11870035  0.38297598  0.16695956]
 [ 0.00649918  0.2237131   0.54960398 -0.21272438 -0.07941952 -0.01461976
  -0.10839382  0.11265101  0.05682403  0.13363013 -0.13523391  0.17983317]
 [-0.21108176  0.12965805  0.28248478  0.00474389 -0.13427529  0.40540239
  -0.17390246  0.17303505 -0.14714493  0.06156104  0.13135024  0.05898723]
 [-0.15538843  0.06748369 -0.02917021  0.29563815  0.15945153  0.20192217
   0.14575397  0.1327345  -0.14357605  0.5657329   0.05255228 -0.25581122]
 [-0.29345339 -0.00875042  0.10021421 -0.15349338  0.04112807 -0.01651793
   0.18195554  0.00155984 -0.32756564 -0.11506884 -0.37328761 -0.0808555 ]
 [-0.34474435 -0.05382622  0.09775374  0.13846313 -0.09638062 -0.28075346
  -0.09642579 -0.40639233 -0.06371378  0.15650554 -0.13341419  0.00952223]
 [-0.31622832 -0.06578142  0.01860863 -0.09523209 -0.09578804 -0.28078391
   0.12229985  0.21623074 -0.29009095 -0.15741467  0.19413365 -0.40670307]]
Singular Values 
[24.90690578 16.57517134 14.37088765 11.33893852  9.73345417  7.65433
  4.76392579  4.2077007   4.03454722  3.45688743  2.50514314  1.27901231]
Singular Vector V (transpose) 
[[ 0.01553459  0.45229758 -0.15842172  0.07291115  0.2049219   0.5059118
   0.09985002  0.57132363 -0.06476126 -0.01668246 -0.103657    0.33946213]
 [-0.21697344 -0.02566644 -0.13786182  0.11846695 -0.8780339  -0.02493748
   0.07216662  0.19752068 -0.3022156  -0.0223532  -0.00505237  0.10759251]
 [-0.10260009 -0.73826671 -0.00726254  0.10682322  0.26259948  0.18398748
   0.03058999  0.36760876 -0.39795976 -0.05884029  0.10633387 -0.14473657]
 [-0.7119195  -0.19215116  0.02946665 -0.05289129  0.0493076   0.04177411
   0.10133063 -0.01698383  0.49335918 -0.02447506  0.22091794  0.38084522]
 [ 0.45615794 -0.28309822 -0.52694684 -0.18272545 -0.05282341 -0.24074175
   0.36845792  0.14463285  0.31868847 -0.15094423  0.00279816  0.24276044]
 [-0.30980454  0.15181157 -0.68117296 -0.11324629  0.2433591  -0.11119162
  -0.10494213 -0.34116168 -0.44391225 -0.01688216  0.05098564  0.07224319]
 [-0.11195617  0.19900285  0.16033667  0.31482236  0.12394567 -0.13180529
   0.7909249  -0.13020013 -0.16851648 -0.28772321  0.107773   -0.15810067]
 [ 0.17161796  0.08177859  0.31725835 -0.13254978  0.09272645 -0.40144552
  -0.051406    0.1165591  -0.33403844  0.15116592  0.50571968  0.51910184]
 [-0.11380324  0.0679936  -0.03294123  0.45642708  0.13344675 -0.54375073
  -0.35457454  0.30268316  0.09036084 -0.40669888 -0.25820612  0.04429823]
 [-0.2349574   0.07927246 -0.03201537 -0.20547717  0.09419369 -0.39880912
   0.23297095  0.36133747  0.01382401  0.6323095  -0.27752831 -0.25588139]
 [-0.02704417  0.22131578 -0.1948479  -0.08590006 -0.05368054 -0.02580595
  -0.13480625  0.30194706  0.18975431 -0.12457008  0.68132218 -0.52566795]
 [-0.14279946  0.05864448  0.21649378 -0.73866069 -0.01170394 -0.06003395
   0.02163692  0.13397126 -0.14047658 -0.53452679 -0.22638685 -0.06941825]]

Kinase CDK6
Singular Vector U 
[[ 3.30283226e-01  1.71744141e-01  3.38394378e-01  3.08244539e-01
  -3.49974938e-01  2.17428678e-01  1.25762443e-01 -3.20134960e-01
   1.58321203e-01 -2.18711338e-01 -1.54607650e-01 -1.17788530e-01]
 [ 1.09175070e-01  4.63427053e-01  1.50648186e-01  3.11494072e-01
   1.11634347e-01 -2.61288946e-02  7.22745836e-02 -1.39549643e-02
   1.94252024e-01  9.76325314e-02 -9.67729405e-02  2.33791524e-01]
 [ 9.78000820e-02 -3.55230881e-01 -2.09447968e-01  8.50672337e-03
   4.98822694e-02  1.09831613e-01  2.83260126e-01 -8.54792915e-03
   1.30946512e-01 -2.82913555e-01  1.78619385e-01  2.03247380e-01]
 [-2.86410490e-01  2.15117285e-01 -2.80827706e-01  1.90984801e-01
   2.53868659e-01  1.38149052e-01 -3.44486988e-01 -3.98750431e-02
   1.71818421e-01  9.68940860e-02  2.22589028e-01 -5.69791425e-02]
 [-2.22696631e-01 -1.87183166e-01  5.66920318e-02  1.99410876e-01
  -9.90706157e-02 -3.31760432e-02 -1.06416070e-01  1.52594109e-03
  -8.48135840e-02  1.40669366e-01 -2.77312758e-01 -1.52372437e-02]
 [ 7.50534457e-02 -8.14658905e-02  5.14401310e-02 -3.42635136e-01
   2.65735271e-02  1.31964036e-01 -2.06962784e-01 -5.69749941e-01
  -1.22925046e-01  2.91465974e-01 -1.04662296e-01  1.91426401e-01]
 [-2.12659162e-01  8.96542945e-03 -4.40191605e-02 -1.93860103e-02
  -3.71214257e-01 -4.40983284e-01  1.61528626e-01  6.15761082e-02
  -2.02906812e-02  6.02863320e-03 -2.06569424e-01 -1.85617619e-01]
 [ 2.84176166e-01  1.62518135e-01  3.70807191e-02 -2.38224519e-01
   4.77178090e-02 -7.14595597e-03 -1.85132772e-01  2.23512019e-01
   3.40341114e-01 -2.58662855e-01  2.14321556e-01 -3.11462042e-01]
 [ 4.98614505e-01 -1.68250275e-01  1.43908760e-01 -2.97574002e-01
  -1.80942688e-01 -4.84479065e-02 -1.96874037e-01  2.65576561e-01
  -2.12216890e-02  2.55362628e-01  1.69475952e-01  2.78692336e-02]
 [ 4.38340211e-02 -1.16630862e-01  1.01524659e-02  6.19074890e-02
   3.51396117e-02  4.34392518e-01  6.64681925e-02 -1.06873096e-02
   2.43808643e-01  4.00549279e-01 -5.05018547e-02 -1.35086971e-01]
 [-1.88049103e-01  7.10645128e-03  2.01122254e-01 -5.08860284e-02
   5.59579707e-02  5.37442587e-01 -2.01482480e-01  9.69712862e-02
  -3.04642770e-01 -3.21602083e-01 -6.36045007e-02 -1.77526497e-01]
 [-1.86193669e-01 -1.35726853e-01 -2.78275916e-02 -1.49650242e-01
  -1.43859223e-01  1.12799307e-01  3.79472448e-01 -2.54273958e-01
   1.91154607e-01  2.74812518e-02  2.61901552e-01  1.01901173e-02]
 [ 7.63870504e-02  2.13701819e-01  1.26841993e-01  9.18883067e-02
   9.00171701e-03 -2.05422475e-01 -6.08798947e-03 -3.69202311e-01
  -3.79987278e-01 -1.33468768e-01  5.59582208e-01  7.14171605e-02]
 [-1.41801952e-01  2.55539583e-01  2.51697153e-01  3.35233037e-02
  -2.37787404e-01  5.36944389e-02 -5.81056236e-02  2.27029480e-01
  -4.13876237e-02  4.26351137e-01  2.21052308e-01  1.03364884e-01]
 [ 8.36048704e-02  1.73461748e-01 -3.17171957e-01 -7.31453782e-02
  -1.60439485e-01  1.49174844e-01  1.09938456e-01 -1.33093197e-01
  -2.93901527e-01  7.07996030e-02 -2.75334155e-02 -5.86943811e-01]
 [ 6.53774352e-02  5.61310375e-02 -2.57575137e-01 -7.75532906e-02
   1.23487178e-03  1.26344258e-01  1.78680075e-01 -1.17857162e-01
   1.87107152e-01  1.66733802e-01  7.55619046e-02  7.84186402e-02]
 [-3.14654646e-01  2.61802748e-01  2.84317481e-01 -5.74184463e-01
   5.92774104e-03 -6.06251624e-02  1.74709101e-02 -1.50631229e-01
   2.99752669e-01 -1.43532564e-01 -1.79599062e-01 -9.13207415e-03]
 [-2.92944455e-01 -1.04741705e-01  8.97188189e-02 -6.62469328e-02
  -4.23724675e-01  1.67271061e-01 -1.08811747e-01  1.35349861e-01
  -1.11898079e-01 -6.12790911e-02  2.81373808e-01  1.60256093e-01]
 [ 1.91836359e-01  2.67944534e-01 -1.39075036e-01 -2.37720733e-01
   1.66051439e-01  6.45917727e-02  2.57718957e-01  1.40437562e-01
  -4.16123330e-01  8.07836371e-02 -2.46260210e-01  1.65615167e-01]
 [-1.13206811e-01  1.48057471e-01  1.46529293e-01 -3.39081390e-02
   4.67879434e-02  2.00245449e-01  5.32187731e-01  2.75666829e-01
  -7.21626471e-02  8.93194615e-02  1.55861032e-01 -1.76652686e-02]
 [-1.09251023e-02 -2.37679648e-01  2.53934718e-01  1.22518267e-01
   1.07659899e-01 -1.73627562e-01  6.27610571e-02 -1.21537063e-01
   1.82619921e-02  2.66465308e-01  1.19123171e-01 -4.39093563e-01]
 [-9.62512980e-02 -9.05035256e-02  3.26005634e-01 -5.83994345e-02
   5.20399770e-01 -1.37797575e-01  1.53324472e-01  2.66778258e-04
  -6.36250521e-02  5.60419262e-02  1.01833495e-01 -1.93723724e-01]
 [ 6.77595393e-02 -2.69456925e-01  3.49295260e-01  9.30639275e-02
   1.24920245e-01  8.30156711e-02  3.30950666e-02  4.04101647e-02
  -1.00662566e-01 -7.92564598e-02 -1.24582328e-01  1.32863527e-01]]
Singular Values 
[22.72479201 10.99617286  9.80139204  7.60226281  6.86071383  5.69458242
  4.88902271  3.26119476  3.04582883  2.76113354  2.3868496   1.35540938]
Singular Vector V (transpose) 
[[ 0.13714659 -0.13651147 -0.02042667  0.11318125 -0.08969661 -0.33313404
  -0.50537205 -0.44388961 -0.29887834 -0.03384626 -0.3576577  -0.39934029]
 [-0.79573239 -0.39078544 -0.05180086  0.12740553  0.15249161 -0.23918811
   0.10509246 -0.09792913  0.15027957 -0.24953045 -0.09112082  0.03048986]
 [-0.35142166  0.09995452  0.08142595 -0.20153302  0.21169709 -0.02950697
  -0.31912236 -0.02362961 -0.27850793  0.71636349  0.07193763  0.27434297]
 [ 0.36854912 -0.68174683 -0.2630046  -0.33344774  0.07046366 -0.14563118
   0.20903231 -0.14845152  0.09430296  0.21866804 -0.06800756  0.25650396]
 [-0.09054895  0.18356503 -0.12553512 -0.28148932 -0.31662936 -0.20706944
  -0.20897877  0.07178025  0.74521156  0.24067857 -0.12255943 -0.20704052]
 [ 0.03924654  0.23717505 -0.36890571 -0.26441366  0.25386942  0.03622633
  -0.4454123  -0.16270272  0.08309432 -0.47319681  0.05776084  0.4598034 ]
 [-0.18414229  0.15051077 -0.4241895  -0.27100989 -0.57145234 -0.20962865
   0.21413039  0.20111457 -0.4640751  -0.0755076  -0.08580181  0.06946336]
 [ 0.02087078 -0.21088552  0.11963258 -0.41415078  0.31215114 -0.08649608
  -0.23248064  0.65211333 -0.14014582 -0.18528854  0.0107363  -0.36187288]
 [ 0.11282843 -0.13723369  0.54044068  0.12376578 -0.35663202 -0.42176675
  -0.22577106  0.19852952  0.03155441 -0.14149864  0.10671191  0.48288451]
 [ 0.02885749 -0.26933202 -0.48801535  0.54224073 -0.13372626  0.11086793
  -0.36276977  0.32937721  0.03611725  0.14069622  0.32070498 -0.01504278]
 [-0.11376355 -0.18036214  0.13912714 -0.319874   -0.27367366  0.16945585
  -0.10098878 -0.35131447 -0.04555357 -0.10274386  0.72402817 -0.24242575]
 [-0.13448648 -0.27000755  0.1593963  -0.11564808 -0.33204476  0.70371986
  -0.23083446  0.04612018  0.00115469 -0.05786529 -0.43553146  0.12768433]]

Kinase HIPK2
Singular Vector U 
[[ 0.00245827  0.13060997  0.09958358  0.12252301  0.09017521 -0.25569485
   0.18728399  0.01392859 -0.22369982  0.16133609 -0.46053862  0.49993264
  -0.22444968]
 [-0.21096479  0.13874035 -0.30823521 -0.1566269  -0.16127801  0.15766091
  -0.17111701 -0.0992845  -0.22268212 -0.08099052  0.05604059 -0.15590337
   0.01732815]
 [ 0.45472548 -0.06772722  0.15598868  0.13533311  0.09352455  0.0496453
  -0.14235817 -0.16672813  0.15874587 -0.01960061  0.23267785  0.08146107
  -0.35304771]
 [-0.10344422 -0.00731425 -0.15464656  0.05668988 -0.10735681 -0.01328999
  -0.08157441 -0.04693942 -0.08567154 -0.31776156 -0.1667413  -0.23684698
  -0.41271102]
 [ 0.12069185 -0.10828539 -0.06241018  0.06386365 -0.07778546 -0.27119131
  -0.33920154  0.10642244  0.32149731 -0.15335826 -0.03067211 -0.23362097
  -0.13392622]
 [-0.03362945  0.05408603  0.05213093 -0.26702645  0.19005218 -0.00653203
   0.64294307  0.06273327  0.41549207 -0.00337073 -0.21032138 -0.32525805
  -0.1375075 ]
 [-0.13224066 -0.00999879 -0.03771784 -0.1067565  -0.10960567 -0.46100607
   0.03833922 -0.06536178 -0.13017801 -0.16876049  0.29637458  0.12706275
   0.16801755]
 [-0.07140004  0.02173977 -0.36922697 -0.23227495 -0.03799065 -0.46938437
   0.04253587  0.32526988 -0.00391143  0.00528736  0.08159658  0.00255933
  -0.03679725]
 [ 0.26137218 -0.15986948 -0.16680259 -0.21476875 -0.48287007  0.26806983
   0.23918107  0.05869762 -0.04040104  0.06904136  0.20000457  0.13952823
  -0.2214196 ]
 [ 0.43966939  0.15498679  0.0349376   0.15428913 -0.07559362  0.04834919
  -0.03803113  0.02528062 -0.08666143  0.09353945 -0.2342361  -0.30938213
   0.48219799]
 [-0.15881319  0.01545194 -0.25155112 -0.10308899  0.5050522   0.27665587
  -0.05428587 -0.27511546 -0.04493914 -0.12682803  0.01174423  0.08449004
  -0.01885758]
 [ 0.34153166  0.26522172 -0.15198906 -0.0647514   0.05910804 -0.24052387
   0.06921531 -0.45086353 -0.21284875 -0.36412804 -0.18760888 -0.14525781
  -0.04181411]
 [-0.24888414  0.17413265  0.30269622  0.34137765 -0.07067632 -0.10788156
   0.26408793 -0.11206208 -0.33220681  0.167716    0.3464978  -0.43639099
  -0.2056272 ]
 [-0.34255173  0.18758303  0.19330469  0.17926303 -0.12103742 -0.0408939
  -0.06251337 -0.065107    0.33421255 -0.22837709 -0.07511236  0.11723771
   0.28639674]
 [ 0.0596833   0.17038211  0.30564696 -0.23060255 -0.08230997 -0.03521658
   0.01663266 -0.278251    0.16644701 -0.11824262  0.3027883   0.19666983
   0.07721161]
 [ 0.19453995  0.12490028 -0.08024806 -0.20677276 -0.04395089 -0.20143223
   0.1639693  -0.22731683 -0.01756156  0.25032149  0.1217362   0.06914404
   0.1973994 ]
 [-0.01904406  0.63258434 -0.122227   -0.01833823 -0.15439015  0.31486628
   0.02496734  0.22236717 -0.09869431 -0.0395345   0.00285696  0.13799748
  -0.04825834]
 [-0.03646131  0.00662336 -0.17152356 -0.10385146  0.33350098  0.09870907
   0.0930628  -0.0730667   0.08278262  0.00214386  0.30215256 -0.0345121
   0.125719  ]
 [ 0.13234055  0.45939223  0.17193679 -0.07444381  0.08863668 -0.03019141
  -0.0898856   0.33348468  0.18591205 -0.24654543  0.15257409  0.03071961
  -0.16078591]
 [-0.12579431  0.19761327 -0.25363335  0.24567359 -0.10384956 -0.10114503
  -0.09075838 -0.38139689  0.34827383  0.34572668  0.00692513  0.11727497
  -0.23894341]
 [ 0.02971379 -0.19605713 -0.17961782  0.43489068 -0.18504397  0.08897315
   0.4201782  -0.03788478  0.07219477 -0.50570242  0.06134131  0.2062603
   0.13714221]
 [ 0.09350674  0.15744544 -0.42670092  0.35627144  0.00781094 -0.02897054
   0.07095768  0.07472301  0.23184101  0.23327719  0.11064962 -0.07044239
   0.11827805]
 [ 0.1757529   0.00116497 -0.07483469  0.27524844  0.41970766 -0.09049558
   0.05119479  0.29527698 -0.19215257 -0.05353736  0.26477641  0.11403324
  -0.03410688]]
Singular Values 
[13.06598639 10.10457705  7.61563303  7.14057306  5.75992252  4.30403578
  4.15089915  3.51000792  2.83265173  2.3211621   1.47115837  1.41642502
  0.81485587]
Singular Vector V (transpose) 
[[ 0.48476897  0.06695344  0.06416365  0.17762796  0.11297387  0.19109572
   0.00291892 -0.31563604 -0.41803764  0.14816187 -0.43697427 -0.32224949
   0.29057472]
 [-0.7764723  -0.12939257 -0.10828693 -0.10079143 -0.09715789  0.01838535
   0.05085083 -0.20722479 -0.24990559 -0.14950057 -0.38210561 -0.26153372
   0.06284864]
 [ 0.25541502 -0.21998544 -0.42469866 -0.22025981 -0.39994683  0.11353011
   0.26546901  0.45108943 -0.04312677 -0.3080078  -0.00822094 -0.25579946
   0.22012395]
 [ 0.02414118 -0.0958641  -0.21390662 -0.10650839  0.03595186  0.17230813
  -0.51475459 -0.07459792 -0.62105472 -0.2173242   0.39709051  0.17707958
  -0.09813568]
 [ 0.18527019 -0.09207797 -0.23225748 -0.35872118 -0.14330355 -0.01408842
  -0.45040054 -0.49049999  0.50572662 -0.13022957 -0.15098419 -0.11483671
  -0.04103716]
 [-0.17297781 -0.193098    0.21290955 -0.09855432 -0.05809954  0.2707996
  -0.11743634 -0.0336956   0.14345977  0.23530142  0.27755884  0.11548514
   0.78726778]
 [ 0.10607953 -0.09707161 -0.03921056 -0.26599288 -0.07024667 -0.44127829
   0.52766895 -0.5186951  -0.20162274 -0.01278322  0.29551906  0.15130502
   0.09409801]
 [-0.03934187  0.12759114 -0.01247514 -0.00954953  0.00158321  0.78321031
   0.38137749 -0.28451869  0.12383136 -0.09108616  0.21549818 -0.02865084
  -0.26685971]
 [ 0.07615359  0.05434967  0.51187508 -0.76251457  0.02159373  0.10330113
   0.00451934  0.20382622 -0.16047046  0.05574757 -0.20236475  0.04827328
  -0.15152175]
 [-0.00652201 -0.22081391  0.28421111  0.01240443  0.19860187 -0.12540258
  -0.05992196  0.01248279  0.04563611 -0.03995267  0.43280172 -0.77900839
  -0.11620502]
 [ 0.11336668 -0.69247133  0.41801744  0.28455688 -0.20761396  0.05807738
   0.01324166 -0.08173983  0.01527181 -0.3074103  -0.1630456   0.23580086
  -0.14719628]
 [ 0.01874769  0.23135427  0.11697842 -0.01216211  0.49050118 -0.0446375
   0.05292014  0.0100192   0.10706441 -0.75921811 -0.04877289  0.07833141
   0.300695  ]
 [ 0.01333356 -0.51475207 -0.35475383 -0.16276011  0.68124498  0.08442149
   0.12180882  0.09045107  0.05802881  0.23915515 -0.12026109  0.09901631
  -0.05866346]]

Kinase AKT1
Singular Vector U 
[[-8.89037491e-02  1.22743086e-01 -1.49512440e-02 -2.55199663e-01
   1.61728668e-01 -4.15697780e-01  1.98525627e-01 -2.27850676e-01
   3.01486106e-02 -2.76437381e-01  8.73093456e-02 -5.19906743e-02
   1.71281072e-01 -1.02445253e-01  1.12877809e-01  2.56300648e-01
  -5.36196158e-02  1.30709444e-01 -1.17221481e-01  6.16005908e-01
   2.21332458e-02 -1.92847214e-03 -4.26232246e-02]
 [-9.35093061e-02 -6.00550668e-02 -1.27219132e-02 -1.98818430e-01
  -1.17723057e-01  5.46331877e-02 -1.78233222e-01  3.02335159e-02
   6.15105441e-01  3.66913568e-02 -1.84697373e-02  5.78496390e-02
  -4.21360354e-01 -1.42734852e-01  1.77716549e-01 -2.69540087e-01
   1.89171604e-03  4.55425307e-02 -3.06178553e-03  2.29116648e-01
  -9.13979402e-02  3.11929444e-01  2.29472374e-01]
 [-2.54362863e-01  1.67121141e-02 -1.48370482e-01  4.99348934e-01
  -2.21735830e-01  1.87520406e-01 -3.54667543e-01 -2.15434610e-01
   1.55156172e-01 -1.96727333e-02 -5.05115898e-02  6.24130522e-02
   3.81469511e-02  2.15320592e-01  8.17234962e-02  1.88088727e-01
  -2.39590526e-02 -2.46421919e-01 -7.24295702e-02  3.20680165e-01
   1.92639561e-01 -5.04329543e-02 -2.78047946e-01]
 [-2.08134186e-01  1.10838956e-01  1.90200878e-01 -2.75861354e-01
  -1.71674669e-01  2.92497295e-01 -9.28677452e-02  2.06559310e-01
  -1.51557939e-01 -5.76214318e-02  5.78734046e-02 -5.54153171e-01
  -7.39812664e-02 -6.92297663e-02 -7.73439755e-02 -7.77704886e-02
   3.02036860e-01  6.82628676e-02 -3.17987555e-01  9.66415314e-02
   7.17783203e-02  2.05656747e-02 -3.07997950e-01]
 [-1.38873895e-01  2.06386380e-01 -8.59243777e-02 -1.72294033e-02
   3.99191710e-02 -2.90077235e-01 -2.62635936e-01 -1.46987507e-01
   2.23898715e-01  2.16464193e-01 -9.17799323e-02 -2.11740994e-01
  -1.08544843e-01 -4.00153754e-02 -9.23590555e-02  5.44700967e-01
   1.52046364e-01  2.87284239e-01  9.04319547e-02 -3.82670714e-01
  -1.00099567e-01  1.00266934e-01 -7.01518603e-02]
 [-1.76752739e-01  1.14715710e-01 -1.03365467e-02 -3.18416377e-01
   4.53236033e-02  3.88384515e-01 -1.98092845e-01 -3.91204857e-01
  -8.48407730e-02  1.96038286e-01  6.16240794e-02  2.95493081e-01
   2.76775502e-01 -3.50267178e-01 -8.70854612e-02 -9.90868071e-02
   6.75424504e-02  8.62853207e-02  3.03741339e-01  6.08569867e-02
  -1.49955408e-01 -9.58516966e-02 -1.25872869e-01]
 [-6.16276099e-02  1.08199426e-01 -1.06327617e-01  5.52610165e-02
   1.06083110e-01 -3.29490307e-02 -1.25328596e-01 -1.57922070e-01
  -3.39523984e-02 -6.27218241e-01 -3.47380731e-01  1.48985403e-01
  -1.90331547e-01 -1.95346621e-01 -4.25104758e-01 -1.16408925e-01
   7.52684181e-02 -1.20212958e-01 -2.05778764e-01 -1.50363439e-01
  -1.60239070e-01 -1.64673155e-02  7.37495190e-03]
 [-1.85416955e-01  1.84562632e-01  1.82822583e-01 -9.75617355e-02
   2.82886308e-01  2.06036519e-01  3.31916483e-01 -2.37478789e-01
   1.25516284e-03 -1.13953693e-02 -2.65220902e-01 -1.38147963e-01
  -1.11183433e-01  5.01725498e-01  2.90891844e-02  1.15870106e-02
   1.02484471e-01 -2.41610978e-01  2.97722601e-01  1.79342804e-02
  -1.11258351e-01  2.73096021e-01  1.20871921e-02]
 [-6.57074843e-03  2.18438236e-01  2.64761371e-01 -1.00560102e-01
  -2.95724566e-01 -6.64252410e-02  1.06323146e-01 -2.96219529e-01
  -4.71177120e-02  1.54230642e-01 -2.59532354e-01  2.91353650e-01
   4.66401559e-02  1.25304943e-01  3.47852017e-01 -7.78362145e-02
  -1.88466198e-02  9.52316177e-02 -5.48837942e-01 -2.05280779e-01
  -4.49917707e-02 -5.43583500e-02  1.26792974e-02]
 [-3.10311221e-01  2.04463841e-02  2.51632528e-01  3.71074646e-01
  -1.05084015e-01 -3.25388867e-01  7.70211405e-02 -1.11253377e-01
  -1.09274640e-01  2.69947465e-01 -1.54082604e-01 -3.04254100e-01
  -5.81149611e-03 -2.40650217e-01 -1.55746214e-01 -3.57116267e-01
  -2.34611399e-01  1.85748017e-02  1.21824995e-01  1.23764133e-01
  -2.58202100e-01 -5.92920869e-02  2.12917550e-02]
 [-2.23000963e-01 -4.27191240e-01  3.52367755e-01 -1.32276126e-01
   1.20464825e-01 -3.61462395e-01 -2.46602549e-01  1.02009100e-01
  -1.36443809e-01  1.36546906e-01  2.14680645e-02  3.45574335e-01
   1.80898231e-02  1.28404171e-01 -1.78454343e-01 -1.68336200e-02
   3.28221812e-01 -1.62434129e-01 -4.04317932e-02  4.27026190e-02
   1.02590187e-01  2.05002541e-01 -1.16278090e-01]
 [-1.57662087e-01 -1.49301041e-01 -1.28735036e-01  1.78148359e-01
  -1.72583596e-01 -7.73291191e-03  5.13473178e-01 -3.16492687e-02
   3.45222963e-01 -8.13203360e-02  2.59877377e-01  5.36641699e-02
   2.90993494e-01 -1.75599981e-01 -2.49451831e-02 -1.72476310e-02
   3.04587576e-01 -1.22673572e-01 -7.89482472e-02 -2.15114997e-01
  -1.91473976e-01  2.05734606e-01 -2.41002179e-01]
 [ 1.00275521e-01 -2.76196416e-02 -1.39380359e-01 -2.13052848e-01
  -6.01008724e-02 -1.94655982e-01 -2.06491534e-01  2.07412456e-01
   2.13320716e-01 -3.80991380e-02 -4.55568832e-01 -1.94362254e-01
   4.57820922e-01  3.26047621e-02  2.40626704e-01 -1.34900963e-01
   1.66205362e-01 -3.04214415e-01  1.49144482e-01 -2.26352802e-02
  -1.33983734e-01 -2.38983612e-01 -1.30571020e-02]
 [ 1.07582908e-01 -3.25893385e-01 -1.28673948e-01  1.00227435e-01
   6.37986324e-01  1.51959545e-01  3.93243220e-03 -2.18687281e-01
   1.58966133e-01  2.92728227e-01 -9.06201953e-02 -1.82899586e-01
   5.66717857e-03 -6.67674556e-02  1.25547432e-02 -6.79681381e-02
   5.23446880e-02  6.42435084e-03 -4.29887064e-01  2.64877370e-02
  -3.81572114e-02 -1.59172782e-01 -2.62631543e-02]
 [-7.22197821e-03 -3.99374292e-01 -1.51279460e-01 -5.89528628e-02
  -2.66351494e-01  2.58684611e-02 -2.31484314e-02 -3.15742384e-01
   2.41505814e-02 -1.38306877e-01 -9.36215343e-02 -1.79839075e-01
   2.39122081e-01  3.53431745e-01 -2.26302065e-01 -1.86618517e-01
   3.59003246e-02  4.91669596e-01  5.03552844e-02 -7.82596074e-03
   1.47188847e-01  6.55042170e-02  2.04240126e-01]
 [-1.38337892e-01 -1.11255100e-02 -3.65482358e-01  1.11813012e-01
  -1.01989689e-01 -5.85394423e-02  1.53264784e-01 -6.49823328e-02
  -3.30661035e-01  1.22419090e-01 -8.92429457e-02  3.18537240e-02
  -2.83415178e-01 -1.28165757e-01  2.09331742e-01  1.18534533e-03
   5.95440433e-01 -6.91504259e-03  7.87323280e-02  1.26852031e-01
   6.37930544e-02 -1.73264323e-01  3.29038657e-01]
 [-3.83567142e-01 -2.58156562e-01 -1.70695878e-01 -8.83646866e-02
  -2.14412205e-02  2.02159920e-01  2.36695003e-01  3.66020850e-01
  -7.83137059e-02  7.69008006e-02 -4.88129661e-01  1.60499771e-01
   1.61804799e-02 -1.47242127e-01  8.58339655e-03  2.82684398e-01
  -2.99348951e-01  1.75788308e-01 -4.42305592e-02  5.25734148e-02
   3.14322624e-02  1.00074487e-01 -6.10218246e-02]
 [-3.48094854e-01 -2.97938686e-01  1.95164704e-01  4.16833066e-02
   1.33544607e-01  5.63616457e-02 -1.60602315e-01 -1.26495807e-01
  -1.14662840e-01 -3.98000597e-01  1.87194509e-01 -1.55794480e-01
   1.08808937e-03 -1.23856080e-01  5.44066393e-01  6.46246324e-02
  -1.25223124e-01 -1.44693118e-02  9.08414926e-02 -3.00260856e-01
  -3.45029613e-02 -5.79769169e-02  1.48956683e-01]
 [-2.99949832e-01 -1.01819950e-01  1.17543639e-02 -2.68582235e-01
  -1.40716683e-01 -6.35953264e-03  1.27036389e-01 -5.89086943e-04
   2.11514297e-01  5.79089805e-02  2.18066107e-01  2.43834977e-02
  -1.76146776e-01  2.36363443e-01 -2.67657374e-01  1.36494609e-01
  -1.20030807e-01 -2.10498679e-01 -6.19569518e-02 -3.82715075e-02
  -1.43953987e-01 -6.37682912e-01  1.63154973e-01]
 [-1.51291270e-01  1.18424118e-02 -5.62298702e-01 -2.81756589e-01
  -4.05090450e-02 -2.00743295e-01 -9.00272449e-02 -1.35509185e-01
  -2.63969254e-01  1.37658191e-01  1.75070641e-01 -1.02574580e-01
  -5.21467763e-02  9.09821411e-02  2.87330218e-02 -1.86529070e-01
  -3.04291599e-01 -3.09014899e-01 -1.44442817e-01 -1.52402844e-01
  -5.85674357e-03  3.02518904e-01 -1.13380522e-01]
 [-2.56968466e-01  2.83636294e-01  4.03175277e-02  8.17887869e-02
   1.03280804e-01  1.05289798e-01 -9.41206420e-02  1.35855444e-01
   4.52193758e-02  6.80534438e-02  1.02648596e-01 -3.32910675e-02
   4.16100675e-01 -4.86022162e-02 -1.80019239e-01  6.38772520e-02
   1.58659188e-02 -1.46607551e-01 -2.30436859e-01 -1.31067635e-02
   1.79440345e-01  2.03762543e-01  6.45823330e-01]
 [-2.68769636e-01  2.38173028e-01 -5.49827556e-02 -1.73833941e-02
   2.20659576e-01 -1.51867482e-01  1.25016819e-01  4.53756257e-02
   2.11964828e-01 -2.68093909e-02 -2.75752258e-02  7.93939641e-02
  -3.06103939e-02 -2.01852108e-02  3.27391601e-02 -3.43495444e-01
  -2.14148211e-03  1.46115960e-01  1.24277408e-01 -1.94455964e-01
   6.70726344e-01 -2.02918562e-01 -1.98719419e-01]
 [-2.35504789e-01  2.11263505e-01 -1.85504814e-01  1.38274462e-01
   2.29238394e-01 -1.87333405e-02 -1.46217518e-01  3.27058111e-01
  -4.34150550e-02 -6.75553501e-02  1.68839222e-01  1.91396927e-01
   8.23371239e-02  3.63407525e-01  1.11786362e-01 -2.20527976e-01
   8.25934679e-02  3.92015637e-01 -7.27800455e-02  6.53950684e-02
  -4.60763913e-01 -6.18394008e-02 -8.58222504e-02]]
Singular Values 
[30.22567943 24.01134486 19.02213737 16.22345998 16.04293772 13.84506818
 12.64632983 11.93793577 11.71955707 10.49855897  9.19271994  8.69864807
  8.32383787  8.01237198  7.54288568  7.00963827  6.51768622  6.22717247
  5.76749909  4.39198364  4.10692585  3.99525386  3.53888328]
Singular Vector V (transpose) 
[[ 0.06281061  0.08095629  0.00920192 ... -0.06836862 -0.01267723
   0.09079267]
 [ 0.19013291 -0.05835137 -0.072685   ... -0.05176904 -0.01354386
   0.17616457]
 [ 0.12699886  0.01725232 -0.12120248 ... -0.03384774  0.03503296
  -0.03195954]
 ...
 [-0.07637249 -0.2068272   0.09699654 ...  0.0367084  -0.08654759
  -0.01238889]
 [-0.08379276 -0.0184677   0.03935799 ...  0.09719541  0.03642097
   0.00260573]
 [ 0.00326993 -0.21269329 -0.00440415 ...  0.05014573  0.0723239
   0.00041242]]

Kinase FYN
Singular Vector U 
[[-0.25409123 -0.0923256   0.15836402]
 [-0.3189788   0.43739902  0.01725241]
 [-0.17640215 -0.02361441 -0.0636579 ]
 [-0.00442473 -0.01205874  0.15269126]
 [-0.1994835  -0.03296251 -0.1182869 ]
 [ 0.45235007 -0.22247262 -0.2679812 ]
 [-0.13850523 -0.31109043  0.15735983]
 [-0.22512176  0.1986512   0.03771313]
 [ 0.04397713 -0.01642092  0.18858863]
 [ 0.11644923  0.06230894  0.52218788]
 [-0.2365495  -0.13771587 -0.50056953]
 [-0.29821067  0.08473791 -0.16345937]
 [-0.27151606 -0.54229534  0.04794245]
 [-0.21206295 -0.27294163  0.05631111]
 [ 0.128961   -0.15981156 -0.07388583]
 [ 0.10244554 -0.02592568 -0.10279768]
 [-0.07357089 -0.16661043  0.06370259]
 [-0.09725679  0.28061086 -0.31673782]
 [ 0.23214735  0.26418733  0.02615251]
 [-0.11951575  0.011223   -0.00229344]
 [ 0.12156866 -0.04228694  0.18418799]
 [-0.15165006  0.05594141  0.22314457]
 [-0.24749362  0.07876158  0.1986121 ]]
Singular Values 
[10.44412162  5.39704538  4.6837943 ]
Singular Vector V (transpose) 
[[ 0.9491497   0.27552545 -0.15231737]
 [-0.23036426  0.27804621 -0.93253558]
 [-0.21458602  0.92020434  0.3273787 ]]

Kinase ROCK1
Singular Vector U 
[[-0.06498873  0.05687171  0.34739018  0.37543942  0.07473166 -0.19338105
  -0.11933253  0.1849705   0.13974368 -0.07073472]
 [-0.2414974  -0.1478714  -0.25096905  0.02737309  0.14072689 -0.13684273
  -0.51501884  0.12669883 -0.18080269 -0.05687197]
 [-0.14442608  0.1332386  -0.05894458 -0.02074951 -0.09835864  0.55703192
  -0.23066393  0.24938051 -0.17820039 -0.29705478]
 [-0.28330491 -0.05209607 -0.0765227   0.11017615 -0.60624854 -0.11348008
  -0.17307125 -0.04536743  0.13540575  0.12457351]
 [-0.16480368  0.06421514  0.17598952  0.0510591  -0.25306477 -0.01047835
  -0.21640717  0.17988107  0.08173209  0.21346442]
 [ 0.37706731  0.24459094 -0.03615202  0.03452771  0.04227606 -0.09727783
  -0.54606803 -0.17911863  0.08275237 -0.07175254]
 [-0.12311934  0.04730957  0.03179491 -0.07778086 -0.13164713 -0.09742956
   0.23334652  0.32079158 -0.38846941 -0.09428864]
 [-0.25008968 -0.0318023   0.43627658 -0.01953351  0.05470917 -0.16007079
  -0.11082733 -0.08441769 -0.18818485  0.43332209]
 [-0.23549823 -0.02029257  0.05089997 -0.1806481   0.19395831 -0.37193542
   0.0868725   0.01985296 -0.00681916 -0.24204683]
 [-0.14242583  0.09504551  0.17936361 -0.28138053  0.0780385  -0.26399454
   0.0846883   0.27235457  0.32854981 -0.04274242]
 [ 0.02356935 -0.04447679  0.39816664  0.03400951 -0.25184809  0.04498104
   0.05053079 -0.22918274 -0.08103293 -0.49525207]
 [-0.3303283  -0.1164405  -0.08844898  0.29196118  0.22088132  0.15693549
  -0.04099439  0.14721346 -0.29121213  0.08708662]
 [-0.37469578 -0.17996365 -0.19449004 -0.15855967 -0.3186162   0.00325675
  -0.03681235 -0.22671491  0.22603839 -0.15432824]
 [ 0.12680621 -0.29349532 -0.03241617 -0.09565894  0.04526278 -0.28998509
  -0.25953559 -0.19982109 -0.30419194  0.06857671]
 [ 0.04887469 -0.46090697  0.23016953 -0.32943243 -0.04643266  0.30069412
  -0.00129898 -0.06628177  0.0380122   0.19786815]
 [ 0.0702342   0.02891649  0.18584673 -0.21608085 -0.13173925 -0.20752017
  -0.13877676  0.10139151 -0.28650572 -0.38830614]
 [ 0.16810457  0.26033938  0.08960613 -0.49925339 -0.14358192  0.10431552
  -0.21402697  0.1993234  -0.05493302  0.23035012]
 [ 0.21949395 -0.01025554  0.28654034  0.36914505 -0.19911542  0.0480211
  -0.02251222  0.26629399  0.01640476  0.0546651 ]
 [-0.22501741  0.20057753  0.01184172 -0.14624691  0.24966832  0.10169293
  -0.15065981  0.19875623  0.36413892 -0.05763981]
 [-0.18749007 -0.00539954  0.39788407 -0.03599439  0.26124626  0.31346102
  -0.13126252 -0.33637551  0.01071542 -0.05893067]
 [-0.01054731  0.39969596 -0.07772671  0.00303692 -0.19510078 -0.02028313
   0.1493282  -0.16035409 -0.21515484  0.19426677]
 [-0.1801416   0.33657155  0.00445412  0.15076114  0.01256777 -0.03508971
  -0.03972771 -0.37128235  0.08661239 -0.03652193]
 [-0.21281962  0.38636235  0.03482648 -0.12975716  0.05635038  0.01825494
   0.09248254 -0.17141196 -0.28553629  0.08357308]]
Singular Values 
[25.79978056 12.46590073 10.70559217  8.88265137  5.90897096  5.10494804
  5.01498513  4.64925431  3.23150943  2.07445189]
Singular Vector V (transpose) 
[[ 0.04151203  0.02552395 -0.03684817  0.01331965 -0.02579959  0.50665034
   0.6564535   0.00990608  0.11871224  0.54185604]
 [ 0.32444816 -0.13758573  0.21021924  0.29573636  0.02450917 -0.15144332
   0.36399578 -0.12608603 -0.74251067 -0.14457849]
 [ 0.06757014 -0.07243393 -0.33212954 -0.55090304 -0.53431241 -0.17560057
   0.38254441  0.03942143 -0.00628826 -0.33484963]
 [-0.55365117 -0.37311521 -0.27619598 -0.26857957  0.50604924  0.08701737
   0.08723432  0.14802934 -0.33261527 -0.04497699]
 [ 0.27841999  0.26339204 -0.21665283 -0.3500584   0.26398375 -0.51680893
  -0.06272812 -0.05168709 -0.14573874  0.56480312]
 [ 0.27403587  0.17348034 -0.19230273  0.09044188  0.58342587 -0.07893532
   0.35214987 -0.14828961  0.39042193 -0.4523314 ]
 [-0.47468849 -0.00575601  0.31335801  0.23486117 -0.06989195 -0.61091805
   0.38636804  0.16259845  0.24127617  0.09615737]
 [-0.39932321  0.7935991   0.09645256 -0.12120923 -0.01719704  0.15008004
   0.0636568  -0.25288872 -0.26999208 -0.15174419]
 [-0.20986547 -0.13709306 -0.54591121  0.38854729 -0.18124739 -0.1132812
  -0.0342014  -0.652702    0.02136507  0.12183837]
 [-0.02167355 -0.29641035  0.52765676 -0.43033985  0.09515087  0.00793799
   0.0133896  -0.64766135  0.13666531  0.02486968]]

Kinase PAK1
Singular Vector U 
[[ 2.07574937e-01 -5.19918902e-02 -1.10850310e-01  7.05826297e-02
  -2.41709938e-01 -9.51245690e-02 -2.24999102e-01  3.74694605e-01
   1.14138992e-01  2.95491176e-01  1.58420864e-01 -3.11613659e-01
   1.15508924e-01 -7.08678836e-02 -1.57946846e-01  1.14428343e-01
  -1.04113830e-01 -2.44825492e-01 -4.97229661e-01  1.15518872e-02
   2.76672285e-01  5.23158990e-02]
 [ 1.05747386e-01  6.84729514e-03 -1.10560583e-01 -3.37621608e-01
  -2.19876867e-01 -2.51506570e-01 -5.48845315e-04 -1.49893760e-01
   8.83441148e-02  1.30785710e-01  1.16409726e-01  3.09971405e-01
   3.15245916e-01  1.20487828e-01  1.96550838e-01 -5.70412631e-01
   6.81501644e-02 -1.38017225e-02 -6.24126343e-02  1.71838018e-01
   1.45533508e-01  1.23762160e-01]
 [ 2.98699584e-01 -2.07522414e-01  7.31733096e-02 -1.95964060e-01
  -7.73019139e-02  1.21663619e-01  3.59861569e-01  2.67686418e-02
  -1.66983129e-01  4.98229578e-02 -5.11206363e-01  9.10981949e-02
   3.94532314e-02  1.88971056e-01 -5.06622730e-01 -1.30169870e-02
  -2.12528618e-01 -1.09820567e-01 -8.20096866e-03  1.18909719e-02
   3.15869561e-02  2.68019572e-02]
 [ 1.44251076e-01 -6.61646933e-02 -1.29012991e-01 -2.41006065e-01
  -8.59807506e-02 -2.39886096e-01 -2.34193136e-01 -9.73633073e-02
   5.54959358e-02  3.78417074e-02  5.71407174e-03 -4.05222423e-01
   2.38051755e-02  2.91026804e-01 -1.41598093e-01  5.08325491e-02
   1.10740792e-01  4.69081085e-01  5.71695866e-03 -2.64397474e-01
  -3.40886998e-01 -1.82454854e-01]
 [ 2.06094857e-01 -2.23929368e-01  1.88144688e-01  4.56996353e-01
   2.24712712e-01 -1.85014926e-01 -2.57380741e-01 -3.83158712e-01
   1.77668203e-01 -5.13880278e-02  9.97776997e-02  2.04438049e-02
   3.06339353e-03  1.98436451e-01 -1.44690415e-01  5.15620637e-02
  -2.66941265e-01  1.04158432e-01  6.31846888e-02  2.98279365e-01
   1.93719721e-01  1.28839159e-01]
 [ 1.06055148e-01 -6.67573761e-02  9.71055668e-02 -2.06062252e-01
   7.10208564e-02  4.84216262e-02 -4.65714428e-02 -5.98212810e-02
   1.94088673e-01 -4.86222694e-01  9.09184386e-02 -2.22760259e-01
  -6.39700699e-02  1.41870860e-01  7.16728218e-02 -1.84053085e-01
  -1.28015320e-01 -3.23965497e-01  1.36750855e-01 -4.30332496e-01
   3.97183094e-01 -1.98436594e-01]
 [ 3.02315285e-01 -1.25788064e-01  2.49513348e-01  2.72861832e-01
  -4.88780023e-03  2.59299002e-01  2.26364114e-01 -9.41191170e-02
   9.04138874e-02  1.68839529e-01 -4.78703511e-02 -4.13775706e-02
   1.84141107e-01  2.48452493e-01  4.18282170e-01  4.86040346e-02
   2.67015722e-01 -5.65982566e-02 -1.75464568e-01 -3.49128337e-01
  -1.49603625e-01  2.54801178e-01]
 [ 2.94030215e-01  3.81898480e-02  1.54921552e-01  1.88944882e-01
  -3.97577810e-01 -8.76213379e-02 -2.47993264e-01 -1.50921170e-01
  -8.18235105e-02 -1.40232019e-01  5.05851212e-02  1.20905801e-01
   2.79379667e-01 -3.38476917e-01 -2.21355865e-01 -2.86242509e-02
   1.04848012e-01 -2.70716707e-01  2.58715023e-01 -1.11267064e-01
  -3.36431463e-01 -1.16377651e-01]
 [ 2.73001523e-01  1.64218135e-01 -8.97893904e-02 -1.26551945e-01
  -2.11039120e-01  2.90918913e-01  8.23947732e-02 -1.45722646e-01
  -1.07862781e-01 -2.14060970e-01  1.30228387e-01  1.28370638e-01
   2.61880598e-01 -5.13744572e-02  2.25919107e-01  3.18605688e-01
  -3.79420640e-01  3.86389776e-01 -1.62464210e-01  9.39873910e-02
   1.40355598e-01 -1.97354843e-01]
 [ 2.85691598e-01  2.34455905e-01 -5.58991353e-02 -3.57638641e-02
   2.29252852e-01  4.79580915e-01  1.04073645e-01 -9.73955281e-02
   1.34486500e-01  3.44698608e-01  2.68221121e-01 -2.85768145e-01
  -6.51625937e-02 -1.91628133e-01 -1.43587714e-01 -2.95417567e-01
  -1.16382159e-02 -1.60985898e-02  2.26069452e-01  1.55462283e-01
  -5.24174439e-02 -1.53419481e-01]
 [-7.40833202e-04  5.81265674e-01  4.55507856e-01 -1.46564896e-01
   2.09302075e-01 -2.08336491e-01 -7.49911797e-02  2.25930394e-02
   2.11822430e-03  2.90062770e-01  5.48519542e-02  2.51066028e-01
   8.84762017e-02  1.94978312e-01 -1.14914562e-01  2.24188362e-01
  -4.34936053e-02 -7.86468110e-02 -8.90193312e-03 -1.92529513e-01
   8.92309552e-02 -1.55049210e-01]
 [ 8.98893095e-02 -3.05377400e-01 -1.50445336e-01  1.74152165e-01
   3.14441463e-01 -5.48514582e-03  1.31403625e-02  2.12115130e-01
  -2.48226914e-01  4.53107375e-02  2.67124245e-01  3.82519947e-01
   1.05528133e-01 -2.14285451e-01 -1.68812489e-01 -9.41983744e-02
   9.18588177e-02  2.25466927e-01 -5.96378445e-02 -4.08631270e-01
   1.53546209e-01 -1.94798906e-01]
 [-7.17116753e-02 -1.56397565e-01 -1.90287484e-01 -2.20254014e-01
   1.32285670e-01 -1.72169835e-01  3.95569802e-01 -1.21754684e-01
   9.39657381e-02 -7.40509347e-03  4.58167596e-01 -6.95085935e-02
   3.02641758e-01  6.22435141e-02 -1.78767086e-01  4.06390768e-01
   7.14077700e-02 -2.03839043e-01  1.96941278e-01  3.82429450e-02
  -6.26139529e-02  2.32822832e-01]
 [-2.80098144e-01  3.25211123e-02  4.50131940e-01  1.99680589e-01
  -3.00758606e-01 -8.88968959e-02  4.14910877e-01  2.00868027e-01
   1.54410871e-01 -1.13802141e-01  2.09018411e-01 -1.85218780e-01
   9.96306164e-02 -1.06989451e-01 -1.67956070e-01 -2.43842766e-01
  -1.67699285e-01  3.22479374e-01 -5.28767365e-03 -5.11614985e-02
   5.03584614e-03  3.69623411e-02]
 [-1.07958191e-01 -2.42519514e-01  3.19291569e-01 -2.41827629e-01
  -1.56027436e-01  1.13081031e-01 -5.12370029e-02 -4.34348007e-01
  -1.42180365e-01  1.82886023e-01  6.73959943e-02 -4.63172352e-02
  -1.78992536e-01 -1.57292326e-01 -1.65815457e-01  6.34603417e-02
   4.01460286e-01  1.55799446e-01 -1.45950286e-01  1.90359519e-02
   3.51871485e-01 -3.17386986e-02]
 [ 1.34343823e-01 -1.82562393e-01  2.62261478e-01 -8.77535580e-02
  -3.26992196e-02  1.42336395e-01 -1.88353736e-01  4.98895192e-01
  -2.93353509e-01 -4.79269736e-02  1.94876077e-01 -2.21530738e-02
   7.14171376e-02  3.81954572e-01  7.61602105e-02 -4.60564182e-03
   1.67060214e-01  7.09075108e-02  3.53533496e-01  3.16370216e-01
   6.06140961e-02 -1.86573307e-02]
 [ 1.83121864e-01  2.23144595e-02  1.01239541e-01 -2.73459105e-01
  -3.46167139e-02  1.53354073e-01 -1.91237519e-01  1.08258064e-01
   1.63178563e-01 -1.41829245e-01  2.44123188e-01  2.67620117e-01
  -4.12941799e-01 -7.20146220e-02 -1.43843194e-01 -4.88771104e-03
  -1.52305147e-01  1.05757967e-01 -9.07174489e-02 -1.45923212e-01
  -2.14545612e-01  5.68469758e-01]
 [ 8.57227131e-02  3.29949623e-01  3.54262619e-02 -1.27430734e-03
   3.03786734e-01 -2.64451398e-02 -4.21778054e-02 -3.60649146e-02
  -4.01069150e-01 -3.97414813e-01 -6.61696460e-02 -2.86670150e-01
   2.63378719e-01 -1.20884288e-01 -1.35384485e-01 -1.28738684e-01
   2.34884801e-01  5.50021491e-02 -2.44940859e-01  8.89662334e-02
   6.27641102e-02  3.54058131e-01]
 [ 2.37342160e-01  2.67831554e-02  1.82271878e-02 -5.61009192e-02
