Method Singular Value Decomposition(One of the PCA methods)
X = U(SIG)V*

X shape (nxm)

U shape (nxn)

(SIG) shape (nx1)

V shape (nxm)

Kinase AURKA
Singular Vector U 
[[-1.04019620e-02  2.95101396e-01  2.50653793e-01 -1.44275499e-02
   6.60543222e-03  1.77861880e-01]
 [ 3.37476762e-02  4.33240122e-01 -7.96185336e-02  3.22030652e-01
  -5.54216342e-02 -3.72231018e-02]
 [-2.45424443e-01 -4.88541971e-02 -2.74006457e-01 -2.12256037e-01
  -1.10501447e-01  1.24072126e-01]
 [-3.03198661e-01 -6.24670043e-02  3.87536665e-01 -6.47723252e-02
  -9.34162948e-03 -1.67909366e-01]
 [-1.97930453e-01  1.63865905e-03  5.86438863e-02 -4.65461391e-02
   3.78305002e-02  9.42962302e-02]
 [-1.01240112e-01 -3.40177278e-02  2.57809144e-02  3.09908615e-01
  -1.68462655e-01 -2.17665494e-02]
 [-1.91331792e-01  2.34613112e-02 -2.51321521e-01 -4.50927943e-02
  -7.86763593e-02  7.26607564e-02]
 [ 1.08086739e-01 -5.73483887e-02 -4.68729110e-02  1.23702642e-01
   1.25834455e-01  1.74625908e-01]
 [-1.16030603e-01  4.51397525e-02 -6.82034680e-02  3.66005538e-01
  -1.82722968e-01 -2.54227071e-01]
 [-1.28637268e-01  5.28730100e-02 -1.07480314e-01 -2.54608508e-01
   2.48182386e-01  8.61469859e-03]
 [-2.16350167e-02 -5.18110649e-01 -1.83362373e-01  1.35161808e-01
  -3.86859073e-02 -2.11807364e-01]
 [-4.47538519e-02  1.11390935e-01  4.33607194e-01  7.96367532e-02
  -4.09890337e-01  2.65080789e-01]
 [-8.46258243e-02  2.02383662e-01 -2.03982516e-01  1.77594434e-01
  -1.41056392e-01 -2.25639382e-01]
 [ 1.84853778e-01  5.13041184e-02 -2.54120026e-01  4.73349290e-01
   2.02107953e-01  2.61434844e-01]
 [ 3.07309016e-01  3.12563810e-01 -6.61373653e-02  2.25669432e-02
   1.98864903e-01  2.89995073e-03]
 [-1.98261594e-01  1.67383409e-01 -9.04915528e-02 -1.05451505e-02
  -3.76275366e-01 -2.30450390e-01]
 [-2.05166470e-01  1.28543973e-01  1.32540512e-01 -5.67220035e-02
   2.05493205e-01  4.01089314e-01]
 [-5.72826279e-02 -3.49820443e-01 -1.83387239e-01  1.40909133e-01
  -1.23224448e-01  4.84236591e-01]
 [-1.65424674e-01  2.59176496e-01 -4.15307486e-01 -3.54813894e-01
   3.16902457e-04 -2.09831805e-02]
 [-1.49592884e-01  1.88384009e-01 -2.25453448e-01  8.05667654e-03
  -2.78855382e-01  3.01254814e-01]
 [-3.76717900e-01  8.87444984e-02  5.15935588e-02  2.32217232e-01
   5.24887323e-01 -1.58336266e-01]
 [-3.83962577e-01  2.75012371e-02 -1.24486460e-02  1.42038595e-01
   9.83840160e-02  3.83645967e-03]
 [-3.96044879e-01 -9.35682317e-02  4.68221062e-02  1.68961451e-01
   7.76519287e-02  1.20009694e-01]]
Singular Values 
[21.18239233  9.78951036  5.49972386  3.85486276  2.97293611  2.25283854]
Singular Vector V (transpose) 
[[ 0.35359932 -0.01190645  0.00846873  0.10483024 -0.03567171  0.92870458]
 [-0.91138913  0.19510856  0.06606111 -0.04076404 -0.03576124  0.3521333 ]
 [ 0.07093506  0.06711283  0.98842479 -0.01389816  0.11148214 -0.02931019]
 [-0.11327247 -0.19163555 -0.02310488  0.84289423  0.48803606 -0.03551688]
 [ 0.06179833  0.28850401 -0.1237423  -0.41795444  0.84806912  0.06105008]
 [-0.15051881 -0.91505629  0.05229384 -0.31937308  0.16619257  0.08753456]]

Kinase IKBKB
Singular Vector U 
[[-0.031878   -0.06359211  0.08663324  0.08885685 -0.18204794  0.33721256
  -0.22158033]
 [-0.0062983  -0.08937341  0.01914078 -0.01984706 -0.14020908  0.54109582
   0.05418785]
 [ 0.36696616  0.08632671 -0.13526767  0.28769026  0.23134047  0.16801228
  -0.12199663]
 [-0.03299492 -0.13014553  0.02907214 -0.2173698   0.04166012 -0.30183365
  -0.02907423]
 [-0.15721985  0.41152799  0.29810785  0.24795613 -0.14083725 -0.02031747
   0.35859201]
 [ 0.01095211  0.10882108  0.24662983 -0.11528273  0.21657591  0.20552107
   0.05117413]
 [ 0.11823126  0.30778375  0.0986527  -0.28945832  0.04845679  0.14687377
  -0.11808271]
 [ 0.03751897 -0.08637831  0.20974926  0.25132022  0.02178418 -0.09089778
  -0.18227633]
 [ 0.26699669 -0.03403853 -0.07704888 -0.08489642 -0.38497065 -0.02844942
  -0.23142916]
 [ 0.4692233   0.28956181  0.26047745 -0.26731728 -0.04099503 -0.01276918
  -0.20570907]
 [ 0.30788924 -0.60319379  0.24316325 -0.09251618 -0.03965312 -0.15559931
   0.19748623]
 [-0.16157405  0.20791278 -0.39784487  0.26914106 -0.25073973 -0.16039305
  -0.27473277]
 [ 0.1456885   0.15907085  0.18881827  0.10016395  0.40374407 -0.08594628
  -0.28440274]
 [-0.33629204 -0.31656826  0.24217745  0.15805894 -0.04840914  0.1217017
  -0.34423142]
 [-0.02603923 -0.05517787 -0.10131439  0.03558175  0.31115312  0.26243168
   0.26375079]
 [ 0.06344337 -0.08258859 -0.09648529  0.31375768  0.38034401 -0.20562123
  -0.16655429]
 [ 0.17961461 -0.07365383 -0.08887356  0.17976361 -0.04523789  0.21721043
  -0.23738677]
 [ 0.19625161 -0.14455793 -0.01253304  0.08324768  0.02850156 -0.11878875
  -0.02094994]
 [ 0.40600679 -0.0542681  -0.34507135  0.22644362 -0.10673106  0.16109144
   0.34017848]
 [-0.08426816 -0.04737379  0.18047016  0.22259328  0.23333613  0.21189327
   0.04172109]
 [ 0.12544836  0.14004809  0.162613    0.27140344 -0.10868735 -0.25822888
   0.14920266]
 [ 0.0857894  -0.02265724  0.28145303  0.16656737 -0.28631804  0.09796981
  -0.12542923]
 [ 0.07596602  0.03303501  0.31485838  0.32266595 -0.19682418 -0.09490352
   0.1859441 ]]
Singular Values 
[8.38151687 6.82411717 6.244567   5.80285555 4.09367344 2.7328835
 2.24254319]
Singular Vector V (transpose) 
[[ 0.34371442 -0.42514912 -0.16857648 -0.66939292 -0.36007208  0.20335813
  -0.23151085]
 [ 0.2534166  -0.68684968 -0.08910803  0.57015991 -0.08346709 -0.33451542
  -0.11012562]
 [ 0.02777094  0.15477698 -0.41346191 -0.31260286  0.0047594  -0.80272921
   0.24940877]
 [ 0.42335503  0.40286704 -0.67763041  0.30454518 -0.05367508  0.26614535
  -0.18117275]
 [ 0.29233611  0.36169404  0.44006726  0.14110538 -0.72467425 -0.21141663
  -0.01724338]
 [ 0.68302373  0.11437444  0.37358405 -0.12444574  0.57689608 -0.13278735
  -0.12208081]
 [-0.29267371  0.13162022  0.01684547 -0.03106446  0.05015793 -0.26307397
  -0.90776964]]

Kinase RPS6KA1
Singular Vector U 
[[-0.057209    0.17199124 -0.00836466  0.08192564]
 [ 0.03527001  0.05419911  0.08942119  0.09125735]
 [-0.0155337   0.61769612  0.54298326 -0.12380067]
 [ 0.02667132  0.30058896 -0.23658589 -0.08781385]
 [ 0.02249189  0.2683544  -0.22213555  0.17453142]
 [ 0.21394845  0.02800873 -0.23328862  0.22657151]
 [-0.12584349  0.0876961   0.38948141  0.22263243]
 [-0.21875706 -0.33277611  0.08265457 -0.09353705]
 [ 0.03278929  0.13979366 -0.12096447  0.24256584]
 [ 0.32138599  0.2684764  -0.21202362  0.02640459]
 [ 0.52165565 -0.18874098  0.33329685  0.00368053]
 [ 0.06663504  0.11876373  0.06977162  0.34910438]
 [ 0.06390845  0.04531264 -0.03500867 -0.22323746]
 [-0.1498484  -0.18972273  0.12209965  0.52182726]
 [ 0.19177106 -0.07895283 -0.25537864  0.22583253]
 [-0.36368981  0.00808207  0.08368989  0.35788388]
 [-0.19580018 -0.08052361 -0.06157451 -0.23834749]
 [ 0.35791835 -0.25958805  0.2499783   0.15963277]
 [ 0.18726731  0.11413419 -0.11198792  0.17346027]
 [-0.1035851   0.0955574   0.06192897  0.05959636]
 [-0.01890986  0.13650934 -0.04686051  0.10392042]
 [-0.27095341  0.00083641 -0.16888925  0.08181309]
 [-0.14842419  0.06316759 -0.03950759  0.0757914 ]]
Singular Values 
[12.33034049  8.58915994  6.51768686  2.15884282]
Singular Vector V (transpose) 
[[-0.94433474 -0.04377554 -0.13417225  0.29717572]
 [-0.31750368  0.02111559  0.59743065 -0.7360857 ]
 [ 0.07582684  0.08037168  0.78634725  0.6078229 ]
 [-0.04090966  0.99557934 -0.08205134 -0.02038998]]

Kinase CDK6
Singular Vector U 
[[-0.05076919  0.03068896  0.16353507]
 [-0.32881209  0.10386372  0.17997165]
 [ 0.37271704  0.14567373 -0.07567675]
 [-0.10151011  0.09896879 -0.00377717]
 [ 0.14869092  0.10843515 -0.031794  ]
 [-0.01156627 -0.32627663  0.1990281 ]
 [-0.06004426 -0.19327684 -0.10794905]
 [-0.11233188 -0.25871949 -0.26612915]
 [ 0.17920171 -0.40826087 -0.02765105]
 [ 0.14581739  0.12563705  0.26863675]
 [-0.11686369  0.3611507  -0.08908777]
 [ 0.0049796   0.0712666   0.00503542]
 [-0.21029123  0.02382908  0.05481949]
 [-0.31555537  0.03629027  0.05586027]
 [-0.03149974 -0.13138375  0.47270393]
 [ 0.02662388 -0.09979816  0.24492853]
 [-0.56302304 -0.21794797 -0.3580335 ]
 [-0.02231511  0.06870582 -0.23792427]
 [-0.22409746 -0.02413492  0.43593031]
 [-0.25517942  0.39742671  0.16851078]
 [ 0.13914236  0.1053081  -0.02891728]
 [-0.11886383  0.31076841 -0.14067853]
 [ 0.15080255  0.26315945 -0.1330938 ]]
Singular Values 
[10.37373117  5.87105054  4.0407543 ]
Singular Vector V (transpose) 
[[ 0.99906225 -0.0309801  -0.03024641]
 [-0.0403001  -0.41000563 -0.91119223]
 [-0.01582763 -0.9115567   0.41086965]]

Kinase HIPK2
Singular Vector U 
[[-0.07982177 -0.04734651  0.18688506 -0.15567004]
 [-0.3256618   0.04596693 -0.06737127  0.0171117 ]
 [ 0.42556474 -0.01618679 -0.41985505 -0.36615175]
 [-0.07306022  0.00586409 -0.24845382 -0.17419915]
 [ 0.15191644  0.13444928 -0.02056461  0.04877032]
 [ 0.04433582 -0.23348592 -0.34007478  0.60859721]
 [-0.03830261 -0.22865511 -0.15002336 -0.12611577]
 [-0.14683364 -0.09190104  0.31129047  0.12319899]
 [ 0.1811505  -0.42226745  0.04098171 -0.05705955]
 [ 0.1575798   0.00473999 -0.11676416 -0.06169423]
 [-0.11828408  0.30253374 -0.0563177  -0.24827441]
 [-0.01251805 -0.00286694  0.09982001 -0.25435197]
 [-0.1785636  -0.03140114 -0.25941967 -0.00358496]
 [-0.32881499  0.05694707  0.07826036  0.07372335]
 [-0.05077543 -0.35076438  0.10572832 -0.23760514]
 [ 0.04070925 -0.21088209 -0.11267104 -0.04386508]
 [-0.52624653 -0.16987257 -0.27141389 -0.06406296]
 [-0.04423134  0.18318155  0.17438812  0.03618161]
 [-0.1842543  -0.1681989  -0.32907603  0.11903073]
 [-0.23349487  0.1975267  -0.26837645 -0.33512018]
 [ 0.16923581  0.15686878 -0.20899633  0.20338549]
 [-0.10881466  0.41000469 -0.09398714  0.17739511]
 [ 0.17082499  0.31303858 -0.15618162  0.07254087]]
Singular Values 
[10.60293072  6.0660651   5.60806112  3.77136718]
Singular Vector V (transpose) 
[[ 0.96902754  0.12780935 -0.03024586 -0.20913055]
 [-0.01260538  0.39601485 -0.86471538  0.30867563]
 [ 0.24518625 -0.39577414  0.12778314  0.87573855]
 [-0.02665399  0.81865734  0.4847927   0.30670143]]

Kinase RPS6KA3
Singular Vector U 
[[-0.16276868  0.03244536  0.15456233  0.07148475  0.33422898]
 [ 0.14384582  0.27248345 -0.14538885  0.16127448 -0.21359321]
 [-0.24103439  0.25958243 -0.13807417 -0.66301758  0.12417095]
 [-0.16904272  0.41176073  0.02449389  0.31724968  0.11041402]
 [-0.26113121  0.07936313 -0.01008678  0.20812223 -0.0773993 ]
 [ 0.06093046  0.29725858  0.04611634  0.06702166  0.22687528]
 [-0.09339941 -0.40662991 -0.09090833 -0.19289408  0.24702148]
 [ 0.24949675  0.27892203  0.11621747 -0.28638796 -0.04935486]
 [-0.09806795  0.16758648  0.01606546  0.05763488  0.02520512]
 [-0.21670948 -0.15670246 -0.01297602  0.04412943 -0.17537086]
 [ 0.50374059 -0.17418058  0.21424936  0.04909062 -0.01809973]
 [-0.07498785 -0.06195356 -0.10988464 -0.16916729  0.45547532]
 [-0.12038898 -0.15099872  0.17307254 -0.25320067 -0.36006863]
 [ 0.23598528  0.20458142 -0.67282633 -0.1349669  -0.22758841]
 [ 0.02038584 -0.01419254 -0.08118081 -0.03154996 -0.15010917]
 [-0.0999398   0.09677716  0.07703477  0.07678104  0.16414096]
 [-0.00498126  0.36011493  0.49963084 -0.22276339 -0.14270103]
 [ 0.45533379 -0.05578548  0.16974056 -0.12438779  0.05429202]
 [-0.13977384 -0.22327395  0.00141    -0.03596772 -0.18416586]
 [-0.12223338  0.01875841 -0.02922393 -0.22931033 -0.0276265 ]
 [-0.18672827 -0.05804121  0.21845231 -0.07579132 -0.29210595]
 [-0.1792126   0.02327955 -0.13185061  0.10647607 -0.22496721]
 [-0.13381863  0.04489451  0.11543848 -0.00629263 -0.17354115]]
Singular Values 
[8.89435911 8.07640312 5.48064552 3.47842303 2.34335795]
Singular Vector V (transpose) 
[[ 0.33897088  0.87658169 -0.01258471  0.19457955 -0.28050616]
 [ 0.02984299 -0.31730599  0.14975962  0.03907482 -0.93513182]
 [ 0.27392087  0.09524404  0.35334051 -0.8893982  -0.00415323]
 [ 0.89846476 -0.34769925 -0.15255511  0.17826607  0.12967054]
 [-0.04400642  0.03090715 -0.91065422 -0.37121961 -0.17324282]]

Kinase AKT1
Singular Vector U 
[[ 2.89727199e-02  3.85573328e-01  8.26162863e-02  1.41930694e-01
  -2.60023435e-01  3.96696595e-02 -1.23797264e-01 -3.28654194e-01
   4.15988579e-01 -1.54720435e-01  1.47734412e-01 -1.82462303e-01
   1.25081816e-01 -2.40410516e-01  2.23016944e-02 -1.90219024e-01
   3.38416883e-01 -8.59133352e-02  3.29481568e-03 -1.54189814e-01
   1.45999813e-01 -3.06442646e-01 -8.86405389e-02]
 [-2.52391924e-01 -6.20295266e-02  3.65288857e-01 -2.22176170e-01
  -1.26737226e-01 -1.45306625e-01  3.04887528e-02  2.84040861e-01
   5.60168428e-02  6.63559263e-02  2.10345343e-01  2.45809967e-01
   4.19358553e-01 -3.67988790e-03  2.28821913e-01 -2.97390947e-01
  -1.43672553e-01 -8.25331368e-02 -1.75545977e-01 -2.16607599e-02
   2.56149527e-01  1.08148975e-01 -2.56777685e-01]
 [-8.23715009e-02 -2.61466692e-01  4.18256110e-03  4.90477075e-01
  -4.25528288e-02  1.20658747e-01  3.61475551e-02  3.65020748e-01
   1.18523720e-01  3.43543667e-01 -2.57850358e-01 -1.97926951e-01
   9.96752684e-02 -2.38939612e-01 -9.53490020e-03 -3.34220883e-01
   1.90470057e-01  1.49666368e-01  1.53757845e-01 -5.83409696e-02
  -1.79123629e-03  1.12298025e-01  1.35856173e-01]
 [-3.31127843e-01  2.30655116e-01  9.50451888e-02  7.32266887e-02
   2.12615166e-01 -2.53287137e-01 -2.96755043e-01  9.58768817e-02
   1.27227417e-01  6.39373490e-02 -8.82439942e-02 -2.62687115e-01
   2.99609325e-02  8.16340787e-02 -1.05852679e-01  2.61052764e-01
  -3.61822962e-02  5.70181697e-02 -4.45184429e-01 -3.88734438e-01
  -7.11357194e-02  2.04870370e-01  1.76815869e-01]
 [-1.46273333e-01  8.33489002e-02  1.62061971e-01  2.46048476e-01
  -1.14379872e-01  3.65805344e-01  2.08114770e-01  5.62563375e-02
   1.79292378e-01 -1.46201605e-01  2.17102738e-01  2.17917473e-01
   3.91437812e-01  1.50293433e-01 -3.64941642e-01  3.64165484e-01
   4.25334630e-04  6.06768421e-02  1.30432526e-01  7.68672061e-02
  -2.10180284e-01  1.49104149e-01  9.33625299e-02]
 [-2.98442040e-01  2.77250876e-01  1.09945878e-02  1.15647050e-01
   3.48821571e-01 -3.29684119e-02 -1.36402973e-01  2.66625717e-01
   1.02701704e-01 -3.33114446e-01 -6.33805068e-02  4.23660913e-01
  -3.32284151e-01 -6.35783835e-02 -1.50455578e-01 -2.83522769e-01
  -7.74192603e-02  5.44711868e-02  2.20521572e-01  2.55786903e-02
   4.94252664e-06 -1.64919581e-01  1.31086672e-02]
 [ 4.09088750e-02  1.17156752e-01 -9.10349916e-02 -2.26435505e-01
  -9.03095492e-02 -1.21092974e-01  4.64337140e-01  1.50409791e-01
  -2.86300621e-02 -4.54966538e-02 -3.85245598e-01  2.50157308e-01
   1.31745399e-01 -4.81852057e-01 -1.41181752e-02  1.84403326e-01
   7.78603585e-02 -1.18458219e-01 -1.52874172e-01 -2.31427192e-01
  -1.39580802e-01 -1.73504319e-01  1.40549328e-01]
 [-7.49273150e-02  3.12246159e-01 -1.20598779e-01 -1.14143892e-01
   4.63538981e-02 -3.57773600e-01  1.68615486e-01 -1.25996940e-01
  -2.54800291e-01  6.35098926e-02 -6.60940787e-02 -2.56385584e-01
   2.56675781e-01  1.03654230e-02 -4.13191307e-01 -2.39276637e-01
  -3.00444204e-02 -4.33764212e-04  3.80058075e-01 -6.13891531e-03
  -6.22815279e-02  2.49152031e-01 -2.24697435e-01]
 [-1.85361648e-01  3.42646152e-02 -2.00465845e-01  1.74084682e-01
   1.11148528e-01 -2.18773372e-01 -2.78729427e-01 -7.31859480e-02
  -3.27373990e-02  3.57989353e-01  1.93104937e-01  1.51665351e-01
   1.90547288e-01 -2.57550046e-01  1.49734885e-01  2.50668436e-01
  -9.72874970e-02 -4.53906365e-01  2.30492499e-01  2.41030783e-01
  -4.14133567e-02 -1.33026667e-01  1.64826460e-01]
 [-1.52029364e-01  6.99095916e-02 -9.26038249e-02  1.62331911e-01
   2.08507975e-01  2.17917708e-01  1.96278908e-01 -4.31588105e-01
  -1.57032722e-01  4.56553310e-01  6.40535675e-03  3.87671257e-01
  -3.73998792e-02  1.81855444e-01 -1.91158483e-02 -1.89203473e-01
   1.25058625e-01  1.08567057e-02 -2.16289619e-01 -2.82595703e-01
  -1.12172577e-02 -4.11433499e-02 -1.51768841e-01]
 [-1.99667610e-01  2.48878255e-01  1.38264327e-01 -1.51960305e-01
  -5.60493785e-02  3.98431496e-01 -1.22186560e-01  7.24578055e-02
  -3.58228761e-01 -5.95287297e-02 -2.61781124e-01 -6.18231679e-02
  -1.10266561e-02  1.04942854e-01  2.53742881e-01  1.35549963e-01
   2.99633663e-01 -2.44796293e-01  2.74695842e-01 -1.12085073e-01
   2.91310166e-01  1.96578343e-01  1.20692711e-01]
 [-1.33671803e-01 -3.97555565e-01  1.12738257e-01  1.20314449e-02
   5.07299138e-02 -5.48933856e-02  9.04366286e-02  1.12357627e-01
  -2.55505570e-01 -1.56959209e-01  4.65686958e-01 -1.35096255e-01
  -1.90283616e-01 -1.17491851e-01 -1.77377452e-01  3.49864448e-02
   2.30115219e-01 -2.67805661e-01  1.18545019e-01 -4.48616911e-01
  -1.06483072e-01 -1.37277979e-01 -8.32854270e-02]
 [-1.13324791e-01 -1.89170199e-01  3.94869113e-03 -5.51536308e-01
   1.24063173e-02  2.98292436e-01 -4.24070841e-01 -6.98721542e-03
   1.44057526e-01  2.03038505e-01 -1.29767962e-01  2.32386828e-02
   7.00979620e-02 -1.23768058e-01 -3.55917135e-01 -1.13309346e-01
   1.68189130e-01 -9.68736290e-03 -2.97730769e-02  1.00179904e-01
  -2.93630518e-01 -9.04722541e-02 -7.30329992e-02]
 [ 5.32784071e-01  3.49605939e-01  3.28613956e-01  5.64194023e-02
  -1.04032384e-01 -1.06461481e-01 -1.39094352e-01  3.17852538e-01
  -1.43569338e-01  3.40671654e-01  1.65158935e-01  1.89974419e-01
  -2.09024867e-01 -2.96925340e-04 -1.87692139e-01  5.78068818e-02
   2.03488617e-01 -4.56177366e-02 -6.27665315e-02  3.10202811e-02
  -6.32763692e-02  6.24688216e-02 -4.02118918e-02]
 [ 5.16450527e-02 -1.31344721e-01  2.24420104e-01  1.71949173e-01
   1.76568604e-01 -3.20226353e-02 -3.49736515e-02 -2.55715058e-02
  -2.94875285e-01 -9.08675396e-02 -2.31352392e-01 -8.95000759e-02
   2.41678438e-01  1.05722179e-01 -3.81719180e-01  4.91913213e-03
   2.22680838e-02 -1.11620599e-01 -2.42013031e-01  2.32917268e-01
   3.76772309e-01 -4.68559859e-01  8.20247355e-02]
 [ 4.21895764e-02 -1.59804775e-01  4.08650513e-02  1.67296417e-01
   2.64944343e-02 -8.24719366e-02 -1.46948607e-01 -2.80721609e-01
  -1.51281024e-01 -3.23449477e-01 -2.44142080e-02  2.12781401e-01
  -1.32430716e-02 -3.62217850e-01 -7.08517669e-02 -1.03988629e-01
   2.53737011e-01 -9.62906896e-02 -2.74536260e-01  2.30565926e-01
  -5.42838205e-03  5.58742624e-01  1.12308725e-02]
 [-9.51331921e-02 -6.47563590e-02  5.76565871e-01 -5.95960942e-02
  -1.47967439e-02 -2.38012038e-02  2.47503564e-01 -2.90533425e-01
   2.52232220e-01  1.59037086e-01 -1.50159764e-01 -1.04367140e-01
  -3.35847637e-01 -4.40839885e-02 -9.97939324e-02 -6.83704891e-02
  -2.79494050e-01 -3.08144139e-01  1.23859007e-01  7.70906385e-02
  -2.29545290e-02  1.10631364e-01  2.13257063e-01]
 [-1.00283625e-01  2.41392446e-01  1.63385019e-01 -1.67371806e-03
   1.44275418e-01  3.47883012e-01  4.65608788e-02 -3.05883358e-02
  -3.47705115e-01  5.31888385e-02  2.57195866e-01 -2.60291462e-01
  -2.37841918e-02 -4.97713437e-01  9.94606440e-02 -1.28500623e-02
  -3.10178838e-01  3.10796713e-01 -1.30578150e-01  1.31746678e-01
  -9.47144281e-02 -8.38790092e-02 -2.90319314e-02]
 [-2.74022876e-01  1.47149823e-02  2.77065001e-01  1.23144222e-01
  -4.56555255e-02 -2.16052678e-01  7.57378722e-02 -1.50939788e-02
  -1.13035507e-01 -3.30597841e-02 -1.79692475e-01 -7.28993603e-02
  -4.44900516e-02  1.53691932e-01  2.88950942e-01  1.12149240e-01
   3.38665321e-01  8.94898556e-02 -2.26463181e-02  3.10409673e-01
  -4.96300065e-01 -1.99446060e-01 -3.15010616e-01]
 [-8.72745951e-02 -1.85507615e-01  2.18404049e-01 -1.66286988e-02
  -1.90227054e-01 -2.33744705e-01 -2.05546024e-01 -2.33605465e-01
  -7.02565410e-02  9.51934018e-02 -8.96826470e-02  2.41326896e-01
  -4.03403335e-02 -1.79881892e-01 -5.77367059e-02  3.10074724e-01
  -2.44928223e-03  5.49518644e-01  3.15550403e-01 -1.80635108e-01
   2.64386363e-01 -5.24741854e-02 -4.21187301e-02]
 [-2.96885957e-01  3.20706730e-02 -2.36165180e-01  2.57171404e-03
  -1.59833449e-01  5.15708561e-02  1.94632983e-01  1.61003337e-01
   1.57346598e-01  1.60453286e-01  3.07414718e-02 -9.41890266e-02
  -3.57770872e-01 -1.11947157e-01 -2.28777660e-01  2.72815142e-01
   8.60441896e-02 -6.53346430e-02 -1.61648495e-01  2.64773414e-01
   3.84032303e-01  8.18538729e-02 -4.16331183e-01]
 [-2.94733668e-01  7.32978994e-02 -1.19691218e-01 -1.51279389e-01
  -3.78844356e-01 -1.55509933e-01  1.17596012e-01 -4.21208832e-03
  -1.63837028e-01  7.11315211e-02  2.55479708e-01  3.28520864e-02
  -1.25205557e-01  1.34346130e-01 -7.94328140e-02 -2.18009827e-01
   1.96420395e-01  1.83261743e-01 -1.28816472e-01  2.04953261e-01
   1.71823618e-02 -6.74649252e-02  6.06274200e-01]
 [-8.99975561e-02  2.31334227e-02 -8.45985068e-02  2.44205059e-01
  -6.25676601e-01  7.76903828e-02 -2.52923765e-01  1.18442271e-03
  -2.46509896e-01 -8.41882840e-02 -1.98786090e-01  7.34001024e-02
  -9.44278387e-02  3.70628425e-02 -1.11832800e-01 -1.02444557e-01
  -4.20548897e-01 -1.95946078e-01 -1.02465836e-01 -1.62785794e-01
  -1.91655899e-01 -6.66164998e-02 -1.53684646e-01]]
Singular Values 
[18.85727965 15.2049917  13.33820851 11.11781125 10.28982814  9.84772426
  7.48924746  7.17383342  6.32482517  5.36525649  5.31198552  5.09060322
  4.60939213  3.97258398  3.74074158  3.34876324  2.67690467  2.48319316
  2.22954137  1.89922637  1.44511566  0.95647983  0.8058834 ]
Singular Vector V (transpose) 
[[ 9.94305885e-03  1.30076731e-01 -1.91718160e-01 -5.61549629e-02
  -3.25081960e-02  6.49571338e-01  4.31621236e-02  5.60078740e-02
   2.81397565e-01  2.66586809e-01  4.32179350e-02  2.14336753e-02
   3.17710678e-02  1.30761589e-01  2.97541016e-01  4.82347005e-02
   4.33905842e-02 -3.27471701e-02  1.61483780e-01  1.31107621e-02
  -3.35146221e-02  1.96248480e-01  1.38600122e-01  1.04249703e-01
   3.91139339e-01 -6.67737738e-03 -3.96681358e-02]
 [-1.09499461e-01  9.30463236e-02 -8.27872749e-02  4.04429276e-02
   1.10935163e-01 -8.42986595e-02 -6.26519840e-02  3.54015254e-02
   1.88010996e-01  1.17732869e-01 -7.45636122e-02  1.39038694e-02
  -1.48872866e-01 -8.96886944e-02 -2.87463947e-01  2.36079055e-01
   5.01336042e-03 -8.68265787e-02  1.63346683e-02  3.78867732e-02
  -6.61921992e-02 -7.26772378e-01  6.30761701e-02  8.38260073e-02
   4.00280014e-01  3.35556095e-03 -9.82179239e-02]
 [-5.79476960e-01  1.54335366e-02  3.92836960e-02 -2.76562306e-02
   4.34440807e-02 -3.98453524e-01  1.11668129e-01  1.13592342e-02
   3.88089790e-01  1.67837488e-01 -2.04772214e-02 -1.22411009e-01
   2.49790057e-01  7.25248216e-02 -8.10318879e-02  1.57802820e-01
  -6.11362487e-02 -7.13432634e-03 -6.15411206e-02 -2.23467229e-02
   9.72191342e-02  3.40300532e-01  4.05524048e-02  6.94070400e-02
   1.40933099e-01  1.45615252e-01  1.19331765e-01]
 [ 5.00670641e-01 -2.13301567e-01  1.47784921e-01 -1.15034875e-02
  -1.21435940e-01 -3.86841215e-02  1.27578532e-01 -1.03674906e-02
  -1.39813073e-02  6.84219241e-02  3.12029684e-02 -1.72679567e-01
   2.09318300e-01  4.06286207e-02 -3.58508737e-01 -1.17188957e-01
  -6.29568761e-02  1.27216249e-01 -2.83283351e-01  1.49876386e-01
   2.38128343e-01  1.39106722e-01 -1.46678193e-03  1.23415853e-01
   4.42070701e-01  1.20066349e-01 -4.29470724e-02]
 [ 8.33296077e-02 -8.65793981e-03 -3.11972109e-01 -1.88000071e-01
  -1.09308403e-01  3.73367600e-02 -3.12368768e-02 -4.46709039e-01
   1.64324829e-01  3.71270058e-01 -1.15775200e-03 -2.32972075e-01
  -2.48062207e-01 -4.10287075e-01 -1.47976828e-01 -9.41005681e-04
  -1.00718432e-01  2.00386079e-01 -1.20971157e-01 -2.23221467e-01
   1.62774021e-02  6.44056580e-02  1.15549695e-02 -1.11445787e-01
  -1.83789011e-01 -5.75116346e-02  8.20998305e-02]
 [ 2.92898087e-01  1.98003466e-01  2.09572499e-01  1.30673116e-01
   2.42030979e-01 -1.54322703e-01  1.68665814e-01  1.59319090e-01
   3.54654908e-01  3.73906598e-02 -1.22193784e-01  1.15840332e-01
  -3.95216456e-01 -4.84408269e-02  3.01774014e-01  2.00606638e-01
   4.67393437e-02  2.99650734e-01 -8.14457162e-02  1.73488766e-01
   2.56345675e-01  3.60943137e-02 -1.06513998e-01 -9.27797483e-02
  -7.32653087e-02  7.43652616e-02  7.63433884e-02]
 [ 3.28786453e-02 -3.72277814e-01 -2.02792635e-01 -1.63609620e-01
   7.16142084e-02  3.83076789e-02  1.04596673e-01  1.93494297e-01
   1.77052320e-01 -3.75994693e-02 -1.25363410e-01 -5.59389908e-02
   1.66428768e-01 -1.07247611e-01  8.02459082e-03 -4.68698032e-02
   1.17627721e-01  3.43490366e-01  1.90445028e-01  2.05364310e-01
  -2.12489350e-01 -1.35398932e-01 -6.54370234e-02  5.08757833e-01
  -2.83993998e-01  1.54667434e-01  5.43053258e-02]
 [ 1.74013879e-01  3.03070111e-01 -2.32529599e-01  4.75692602e-02
   3.03591987e-01 -5.31427392e-02 -6.06852065e-02  1.45550905e-01
   1.38498718e-02  5.45352311e-02 -8.93413709e-02 -8.57450193e-02
   1.66363461e-01 -4.38667882e-03 -2.98681823e-01 -1.35988277e-02
  -3.09725127e-01 -5.98448398e-02  2.55149139e-01  3.66679969e-01
   3.50853633e-02  1.51038306e-01  3.68541545e-01 -1.01669643e-01
  -2.05851056e-01 -2.16324682e-01 -8.74214775e-02]
 [-3.78048086e-03  6.15459762e-02  4.59220287e-02  1.15431358e-02
  -1.40322978e-01 -1.06795159e-02 -1.36650499e-01 -6.77429044e-02
   2.55529968e-01 -2.43716446e-01  4.21315458e-01 -8.66779295e-02
   1.06032278e-01 -4.63215374e-01  1.99316552e-01 -1.08451442e-01
  -2.10915461e-01 -2.57888553e-01  4.41868814e-02  3.92532998e-01
   3.01191725e-02 -4.64564140e-02 -2.77170053e-01  4.58519259e-02
   7.23860382e-02 -5.85408354e-02  7.86845185e-02]
 [-8.04835376e-02  3.52944011e-01  8.09362577e-03  8.04249592e-02
  -2.96946106e-01 -1.03271939e-01 -4.89687369e-02 -3.60045603e-01
  -3.14878628e-01  6.97472258e-02 -1.81820729e-01 -8.71779553e-02
  -7.84715469e-02  9.25144608e-02  2.24545120e-01  1.58111726e-02
  -5.15408590e-02  4.66976171e-02  1.52236873e-02  2.77326170e-01
   2.06432775e-01 -7.26709106e-02  1.79108478e-01  4.71864702e-01
  -2.65506986e-02  1.90054676e-01  7.14627109e-03]
 [ 6.82904083e-02 -9.49832730e-02  2.20673728e-01  1.16187749e-01
  -3.17144553e-01  1.01727572e-01 -1.62212188e-01  1.49399564e-01
   1.95580861e-01  2.84535262e-01 -1.40251541e-01  5.63833072e-02
   4.13389285e-02 -1.23570845e-01 -1.26811021e-01  1.51238274e-02
   4.08982951e-01 -3.90499547e-01 -1.15790203e-01  1.93479441e-01
   2.12456975e-02 -2.58547527e-02  2.66378317e-01 -1.07623709e-01
  -3.05171148e-01  1.54162157e-01  1.34356246e-01]
 [-6.33092801e-02  7.01331646e-02 -1.84285095e-01  1.44233870e-01
  -1.72902705e-01 -6.28232226e-02  1.42131164e-01  4.12291458e-02
  -8.63029020e-03 -2.34200586e-01 -4.34588336e-02  6.25550910e-01
   8.31283576e-03 -4.53621579e-01 -1.28221156e-01 -5.90691952e-02
   1.15991881e-01  1.38396604e-01 -1.92458857e-02 -1.14975940e-01
   7.13113057e-02  1.87898029e-01  2.62779543e-01  1.14228031e-01
   1.56377087e-01 -4.63716684e-02 -1.06645851e-01]
 [ 3.34020148e-01  1.14913530e-01  1.63983825e-01 -3.22226717e-01
  -8.88034328e-02 -2.95233669e-01  5.78955006e-02 -6.87752520e-02
   1.90225790e-01  1.04200907e-01  1.19123322e-01  8.05289328e-02
   3.62957555e-01  2.77597348e-02  2.60662643e-01  7.97404651e-02
   3.98340172e-02 -1.18302287e-01  1.71632888e-01 -3.71648984e-01
   8.50650406e-02 -1.66560383e-01  1.67934467e-01  1.42480491e-01
  -1.02806982e-01 -2.13697621e-01 -2.09672207e-01]
 [-9.59094309e-02 -1.86570522e-02  2.60419986e-01 -2.16631820e-01
  -2.96741129e-01  2.29419960e-01 -1.09271375e-01  6.03468220e-02
   2.93966926e-01 -5.09876781e-01 -9.27190399e-02 -1.72264424e-01
  -2.16718795e-01  1.17020961e-01 -1.80329793e-01  3.70654863e-02
  -2.64301246e-01  1.42711902e-01  7.53543578e-02 -1.46683170e-01
   1.51836546e-01 -3.93825602e-02  2.99982616e-01  5.82453406e-03
  -8.82505628e-02  2.82899079e-03  1.94210835e-02]
 [ 6.98856571e-02 -5.17467321e-01 -2.96775674e-01  1.08368240e-02
   8.35398389e-03 -1.53436281e-01 -2.32922767e-01 -9.92930028e-02
   4.43527449e-02 -1.13525183e-01 -4.59416981e-01  4.67771167e-02
  -6.25444487e-03  1.40802243e-02  3.49745034e-01  1.02685606e-01
  -1.89921057e-01 -2.27744363e-01 -2.81317565e-02  7.40601961e-02
   1.94576443e-01  1.82131447e-02  9.03533230e-02 -1.34405429e-01
   1.50089912e-01 -8.88724598e-02 -3.39982859e-02]
 [ 4.53563763e-02 -5.72843505e-02  2.46353861e-01 -2.72167097e-02
  -3.91252046e-03  1.22235402e-01  1.02009751e-01  2.24046364e-01
  -3.13548965e-01  1.48710868e-01 -1.04010501e-01 -3.11547877e-02
   5.71011603e-02 -3.85546999e-01  3.75602918e-02  4.62648087e-01
  -4.05316834e-01 -1.07765204e-01  1.57356095e-01 -1.59201987e-01
  -9.20426034e-02  8.50768390e-02 -2.84483468e-02  1.42792084e-02
  -1.28942141e-04  3.39051991e-01 -2.03064907e-02]
 [-5.85631144e-02  8.32161323e-02 -6.92929064e-02 -1.43148684e-01
   1.23609203e-01  2.62311217e-02  2.86962249e-01  4.92659236e-02
  -1.09081615e-01 -7.08664505e-02 -6.53499848e-02 -1.29565210e-01
   2.21215711e-01 -1.60840032e-01  1.97660969e-01 -3.77438350e-01
   4.57686138e-02  6.27012725e-02  7.21905450e-02 -5.23036316e-02
   1.99132238e-01 -2.88104237e-01  2.56508263e-01 -3.45651712e-01
   9.89918856e-02  3.06793164e-01  3.78777547e-01]
 [-1.14619160e-02 -2.77687168e-01  2.93407656e-02  3.71373834e-01
   3.57421707e-02 -5.22902600e-02  3.04168788e-02  4.20443365e-02
   8.45876650e-02  2.47045172e-01  3.98938859e-01  1.74082740e-01
  -1.56303400e-01  1.61783811e-01  1.13861318e-01 -2.51928486e-01
  -4.40037183e-01  5.71727601e-03 -1.06118167e-01 -1.13089694e-01
  -4.60295104e-02 -1.33564300e-01  3.27314643e-01  1.34372741e-01
  -1.24971029e-01  1.12175240e-01  3.90897121e-02]
 [-5.75227110e-02  9.08209824e-02 -3.61917312e-01  5.05334346e-02
  -4.36123161e-01  6.07575004e-02  4.40422955e-01  2.90626360e-01
   2.88371886e-02  5.65943632e-02 -4.47749342e-02  1.05323613e-02
   6.99837633e-02  1.60775565e-01 -3.36939210e-02  5.88954460e-02
  -1.96025801e-01 -9.36653583e-02 -1.59063263e-01  1.49557035e-02
   2.52155299e-01 -1.68745038e-01 -3.00753523e-01 -9.98940185e-02
  -2.19820588e-01 -8.02268158e-02 -1.45268915e-01]
 [-1.99913138e-01 -8.89531451e-02  3.29986622e-01 -5.07166081e-01
  -7.59638913e-03  1.15887844e-02  2.28203305e-01 -7.56339021e-03
  -8.13606473e-02  2.45242921e-01 -1.71370520e-01  2.53797280e-01
  -1.66875480e-01 -3.62529361e-02  3.34467518e-02 -2.56654303e-01
  -1.86750990e-01 -1.67866868e-02 -1.29866582e-01  3.30396497e-01
  -1.57133547e-01 -1.71981961e-02  2.21822609e-02 -4.64621232e-02
   5.34900919e-02 -2.69746638e-01 -1.12001278e-01]
 [ 6.70504511e-03 -1.73898590e-01 -1.03050382e-01 -2.05953993e-01
   1.12407736e-01  7.21108400e-02  2.70457266e-01 -4.01105864e-01
   1.82632952e-03 -1.65752328e-01  3.36806730e-01  1.79481481e-01
  -1.33147202e-03  1.62716933e-01 -6.34272797e-02  3.78257581e-01
   1.09543832e-01 -6.89271103e-02 -1.36167259e-03  2.73625095e-01
   3.44943126e-02 -1.69589152e-02  1.62046804e-01 -2.03269630e-01
  -1.26326801e-01  3.19373398e-01 -1.98653204e-01]
 [-1.14515498e-01 -2.67765945e-01  1.45409038e-01  1.58264380e-01
  -1.44585563e-02 -1.89622563e-02  2.00907963e-01 -6.76075524e-02
  -6.59950764e-02  1.41657524e-01  6.55169165e-02 -1.14964382e-01
  -2.26906651e-01 -6.78551931e-02 -1.29432733e-01 -1.31413537e-01
   1.65366654e-01 -6.92635634e-02  6.59412857e-01 -4.48492115e-03
   4.16416459e-01  3.67937277e-02 -8.97807697e-02  1.11974194e-02
   4.22583784e-02 -1.36251895e-01 -1.45486214e-01]
 [-2.46004501e-01 -1.15247388e-01  1.95982413e-02 -4.68617151e-02
   1.27691188e-01  1.21864278e-01 -1.94312239e-01  2.55679828e-01
  -2.23168599e-01  6.32166189e-02  2.49032925e-01 -2.23520742e-01
   9.30029702e-02 -1.92980685e-01  1.66489197e-01  1.69092515e-01
   1.69054193e-01  2.58933872e-01 -3.24241421e-01  6.32522129e-02
   3.57624819e-01 -7.37216437e-02  2.20700735e-01  9.97915824e-03
  -5.81052791e-02 -2.38149965e-01 -2.72695814e-01]]

Kinase PRKCI
Singular Vector U 
[[ 2.10196512e-01  9.20228778e-02  2.21414425e-01 -1.59262285e-01]
 [ 3.15022064e-01 -3.69321296e-04  1.06632467e-01 -2.69064097e-01]
 [ 2.68196348e-01  3.02531811e-02  1.09369141e-02  3.11615710e-01]
 [ 3.33466804e-01  3.21234731e-03  5.83739554e-02 -1.20336332e-01]
 [ 3.12438774e-01 -1.35472968e-01 -8.27893431e-02  5.35065422e-02]
 [ 1.23648928e-01 -1.00455591e-01  3.69649075e-02  1.64840763e-01]
 [ 1.07650252e-01  1.09483898e-01 -2.01773536e-02  1.34811075e-01]
 [ 1.23387373e-01  2.96835564e-02  4.86023855e-02  5.26198525e-01]
 [ 5.85578704e-02 -2.25076546e-01  2.85422386e-02 -7.06605790e-02]
 [ 8.56213303e-02 -2.78630818e-01  1.02461157e-02 -3.35931013e-02]
 [-4.10076558e-01 -1.83421282e-01  3.89623206e-01  1.07740247e-01]
 [ 2.60750289e-01 -1.51489533e-01 -8.45487987e-02  1.44286161e-01]
 [ 2.57176242e-01 -1.41863133e-01  4.10809390e-02 -2.99383446e-01]
 [ 2.47576389e-01  4.29226476e-01  4.38765877e-01 -6.35544411e-02]
 [-5.38446565e-02  2.61341785e-01  4.37354166e-01  2.05269759e-01]
 [ 1.03115555e-01  2.65741419e-01  1.10548578e-01  1.93716939e-01]
 [ 1.12293684e-01 -7.57052087e-02 -1.65714129e-01  1.65303267e-02]
 [-2.35636720e-01 -3.19621977e-01  4.00968574e-01 -5.39289802e-02]
 [ 3.72892011e-02 -1.44509017e-01 -1.06697873e-01  4.81732188e-01]
 [ 2.49663808e-02  1.66156267e-01 -3.10292855e-02 -3.37087422e-02]
 [ 1.61774405e-01 -4.02064084e-01  1.78755506e-01  6.17764231e-02]
 [ 1.18861534e-01 -1.64281371e-01  2.96236098e-01 -4.91382111e-02]
 [ 1.88155311e-01 -2.75870026e-01  2.17295837e-01  1.05197160e-01]]
Singular Values 
[15.02505601  7.76708784  4.38687845  3.60208357]
Singular Vector V (transpose) 
[[-0.058365   -0.98254978  0.05180075  0.1688376 ]
 [ 0.91358248 -0.12220346 -0.02762876 -0.3868721 ]
 [ 0.37080356  0.109461   -0.32231827  0.86407983]
 [ 0.15641388  0.08763861  0.94480912  0.27420777]]

Kinase AURKB
Singular Vector U 
[[-2.48080604e-01  1.40978905e-01 -4.26354907e-02 -2.41426661e-01
  -2.23156864e-01  1.63060101e-01  1.79888704e-01 -1.78748062e-01
   2.53892246e-01  2.10564820e-01  2.86281899e-01 -6.59332316e-02]
 [ 8.67997416e-02  1.53491559e-01  3.51895562e-01  1.46509019e-01
   8.16337914e-02  4.08672620e-01  1.36257609e-01  2.60315185e-01
   2.75224795e-01  1.28907610e-01 -2.76445009e-01 -2.87609671e-03]
 [ 1.54890924e-01  2.61271292e-01  2.00319323e-01  1.29609303e-01
   2.30456346e-01 -4.03861565e-01 -1.56309528e-01  9.89139628e-02
   6.00494178e-02  1.49848314e-01 -7.03061155e-02 -1.42562315e-01]
 [-6.76053512e-02  2.88863814e-01 -1.72515038e-01  1.79776080e-01
  -1.40893779e-01  2.30721369e-01 -4.29937755e-01 -8.81753094e-02
  -4.64238685e-01  2.57037495e-01  8.66445791e-02  1.89418363e-01]
 [-2.45198907e-01  1.60677730e-02 -1.34705035e-01 -7.58360314e-02
  -6.09770268e-02  3.90551320e-02  3.01909532e-01  2.82065689e-01
  -2.70178029e-01  1.73288770e-01 -2.04598982e-01  1.71217547e-01]
 [-6.19865623e-02  3.18861492e-01 -3.01154978e-01  1.79262208e-01
   3.92824212e-01  2.69929324e-01  1.20614611e-01 -1.98260871e-02
  -4.45256912e-02  2.42040613e-01 -1.43132695e-01 -1.39379065e-01]
 [-7.34407143e-02 -1.58560711e-01  2.68598509e-01 -5.14360313e-03
  -1.90112221e-01 -2.74780729e-01  2.17656655e-01  1.10582865e-01
   6.40597803e-02  4.46155299e-01 -3.89415469e-02  3.20720936e-01]
 [-2.66193769e-01 -1.39048289e-01  9.87613582e-02 -1.26153239e-01
   4.73949147e-02  2.54608396e-01 -1.74670089e-01 -1.81391479e-04
   3.39079056e-02  2.42454507e-01 -1.97802113e-01  4.86559964e-02]
 [-6.45299625e-03 -1.75958806e-01  2.05905991e-01  4.48903175e-02
   6.28007163e-02  2.20620900e-01 -3.38148533e-01 -2.76359090e-01
   7.87134110e-02 -7.81559906e-02 -3.92658570e-01  6.09106915e-02]
 [ 3.33683750e-02  2.47389001e-01 -1.49571143e-02 -6.66347108e-02
   1.01130973e-01 -6.04932878e-02  2.89363966e-01 -1.19442743e-01
  -2.23627522e-01 -3.13704760e-01 -3.54914246e-01  5.71777140e-02]
 [-1.15470760e-01 -3.77146036e-02  2.35458061e-01  5.15045142e-01
  -2.98828258e-01  2.54392129e-01  7.34968196e-02  5.62348006e-02
   1.40822329e-01 -1.73400506e-01  1.19258649e-01 -2.71501796e-01]
 [-1.23045428e-01  2.24135356e-02  3.00976058e-01 -1.61287016e-01
   3.28664033e-02 -1.36065216e-01 -6.22438598e-03 -4.83939459e-01
  -1.91744886e-01  1.35581538e-01 -1.20846090e-01 -4.89823213e-01]
 [ 3.02222151e-02  9.41707254e-02 -2.16662736e-01  3.49256856e-01
   1.10357764e-01 -3.76241858e-01 -6.60066400e-02 -2.56521818e-02
   3.21353670e-01  2.81028278e-01 -2.00748796e-01 -2.86460713e-02]
 [-7.97543768e-02  2.80705118e-02 -8.13406360e-02  4.44730926e-01
  -6.36745323e-02  5.76056703e-03  1.45067879e-01 -3.87900073e-01
   1.04443387e-01 -5.15286601e-02  8.48209420e-02  3.66393719e-01]
 [ 3.98440931e-01  1.76177716e-01  1.43677785e-01 -1.10518522e-01
  -2.89229739e-01  8.24588791e-03  3.51879688e-02 -3.01130998e-01
  -6.62823351e-02  9.23127342e-02 -1.52788850e-01  3.16285199e-01]
 [ 1.13901213e-01  2.51156603e-01  3.66209517e-01  2.25957790e-02
   1.26341472e-01  4.85707015e-02  5.17054553e-02 -9.13731144e-03
  -1.71130592e-01  2.89979202e-01  4.40607029e-01 -7.12796257e-02]
 [-3.27125489e-01  4.48255069e-01 -6.15147432e-02 -1.75608615e-01
  -3.59662045e-01 -1.16870379e-01 -8.54043669e-02 -1.09539373e-01
   3.27550939e-01 -5.14900721e-02 -2.02190408e-01 -2.14770689e-02]
 [-9.14549473e-02 -7.69742915e-03  7.48514435e-02  3.12583640e-01
  -3.97512465e-01 -1.72820051e-01  1.51421218e-01  1.38748352e-01
  -4.18366494e-01 -3.44207144e-02 -2.06078318e-01 -2.51846409e-01]
 [ 4.12327421e-02  4.45626599e-01  1.05134224e-01 -1.73205305e-01
  -1.23606127e-01  6.81885809e-03 -1.75636268e-01  3.67524823e-01
   4.84283316e-02 -2.31679116e-01  1.77891717e-02  9.08956605e-03]
 [ 6.64727974e-02  2.35945427e-01  1.28749611e-01  6.11222880e-02
   1.94556624e-01  3.70973124e-02  3.41828431e-01 -2.04033662e-01
   6.39201382e-03 -2.44354334e-01  1.49885555e-01  1.61466943e-01]
 [-5.55309919e-01 -4.49403856e-03  1.97959942e-01 -2.74553533e-02
   3.09626856e-01 -8.26249358e-02  1.37991882e-01 -2.71348749e-02
  -9.38724768e-02 -7.69701625e-02 -2.41851310e-03  1.22968561e-01]
 [-1.80919760e-01  2.59570026e-02  3.63859805e-01  8.41904581e-02
   1.29774503e-01 -1.23529750e-01 -2.85590878e-01  1.06674993e-01
  -7.13785810e-02 -1.76141413e-01  2.00541200e-02  3.45580797e-01]
 [-3.01523031e-01  6.82095026e-02 -9.03621960e-02  1.30181336e-01
   2.33371722e-02 -1.69497975e-01 -2.11808445e-01 -2.41856196e-02
   3.41096584e-02 -1.50631436e-01  2.13767268e-01  8.88870964e-03]]
Singular Values 
[10.78408409  8.29733552  6.75142034  6.3626267   5.83597057  4.7203489
  3.81496772  3.13062776  2.60537221  2.51810855  1.87661879  1.58001181]
Singular Vector V (transpose) 
[[-1.01246475e-01  1.97924836e-01 -3.10287620e-01  1.24011966e-01
  -5.52459710e-01 -5.86290346e-02 -1.28975922e-01 -4.82989408e-02
   2.65465111e-02  3.49322723e-01 -5.59896144e-01 -2.74018413e-01]
 [ 9.88327146e-02 -7.89703714e-02 -2.11104081e-01  6.78532699e-01
   1.74285861e-02 -2.94963423e-02 -9.04279801e-02  4.22798869e-01
  -2.50636616e-01  1.00643437e-01  3.77255584e-01 -2.75035879e-01]
 [-1.79225779e-01 -5.02391049e-04  6.39747402e-02 -2.40904470e-01
   1.64887472e-01 -7.61017957e-02 -2.08512676e-01  2.60765046e-02
   1.68736641e-01  8.26332337e-01  3.40673807e-01  3.54602219e-02]
 [ 2.81708089e-02 -2.89306298e-01 -1.22660775e-01  1.52595470e-01
  -3.27906464e-01 -2.27185246e-01  3.80810147e-01 -5.64890256e-01
   2.82672125e-01  5.69906299e-03  3.90922287e-01 -1.45491681e-01]
 [-2.67539695e-01 -1.46377526e-01 -3.69264773e-01  7.10545037e-02
   1.72332484e-01 -4.14918046e-01 -6.27640888e-01 -2.61996766e-01
  -2.80868204e-02 -2.37083761e-01  5.53826590e-03  2.10075713e-01]
 [ 2.81981294e-02  3.05642568e-01  1.39983487e-01  2.37484575e-01
   9.40885447e-02 -6.92440703e-01  3.49618643e-01  1.88515442e-01
   1.09817944e-01  9.14930864e-02 -1.58724009e-01  3.71578877e-01]
 [-4.94871036e-01  6.91274649e-02 -4.44834144e-01 -2.42007498e-01
   3.38296966e-01 -6.74617985e-02  3.91649805e-01  2.09512534e-01
   1.05141562e-01 -1.25091613e-01 -1.12156505e-02 -3.88290552e-01]
 [ 1.59369583e-01 -3.03433933e-01  6.67749737e-02 -5.09165358e-01
  -3.42856186e-01 -4.59480407e-01 -2.95482570e-02  3.06723726e-01
  -3.80612479e-01 -6.96512178e-02  1.09080509e-01 -1.83248644e-01]
 [-6.71869797e-01 -1.85761543e-01  1.58625834e-01  9.95597278e-02
  -4.39223076e-01  1.78516660e-01  6.53928182e-02  2.63231513e-01
   6.06076630e-03 -8.43367503e-02  1.19235519e-01  3.99112317e-01]
 [ 1.99827978e-01  5.69815874e-01 -2.95333438e-01 -2.09494046e-01
  -3.07796828e-01  5.77804308e-02 -1.56177149e-01  1.92050790e-01
