Method Singular Value Decomposition(One of the PCA methods)
X = U(SIG)V*

X shape (nxm)

U shape (nxn)

(SIG) shape (nx1)

V shape (nxm)

Kinase AURKA
Singular Vector U 
[[ 1.60641988e-01  3.25909309e-01 -4.87609154e-02 -3.46948061e-01
   1.65590952e-01  3.00349488e-01 -6.74510705e-02]
 [ 1.77010755e-02  7.24825379e-02  2.44850510e-02  4.98330959e-02
   8.93389001e-02  3.77590627e-02 -6.71735050e-03]
 [ 1.44294634e-01  1.09586847e-01 -1.08853635e-01 -6.22966607e-02
   9.31670108e-03 -1.53757934e-01 -5.56419417e-02]
 [ 8.35051902e-03  3.70175600e-02  5.20183023e-02  4.08277969e-02
   1.13626143e-02  7.26116924e-02 -5.30936790e-03]
 [ 3.41553546e-02  7.13865935e-02 -6.88846016e-03 -4.55297497e-02
   4.90596599e-02 -4.25408831e-02 -2.97790418e-02]
 [ 6.17996373e-02  5.00176660e-02 -9.95558105e-03  4.94984450e-02
  -2.94155699e-02 -4.81956175e-02  2.08330129e-02]
 [ 5.91637350e-02  3.08678756e-01  1.71180352e-01  2.18983966e-01
  -4.61529172e-02  1.24369150e-01  1.50989179e-02]
 [ 5.38754638e-03  2.58326144e-02  4.19869994e-02 -6.54845054e-02
  -1.78521549e-02  2.70671222e-03 -2.34025245e-02]
 [-2.86353596e-01  2.66238981e-01 -2.57015874e-01  6.25970522e-02
  -2.13883913e-01  1.44957340e-02 -2.60124474e-01]
 [ 8.04110004e-02  1.83930268e-01  1.88405408e-01  9.69497678e-02
  -1.52445512e-01 -2.17835524e-01 -1.89518707e-01]
 [-2.27730631e-03 -1.12349964e-01  6.30312184e-02 -2.46745680e-01
   3.48035129e-02 -4.41694406e-02  1.50464065e-01]
 [ 6.05143406e-02  1.04663269e-01 -9.21591470e-04  4.04822606e-02
   1.21742290e-01  3.32881059e-01 -7.01794150e-02]
 [-4.74505306e-02 -1.19008220e-01  4.90529285e-03 -6.25256691e-02
  -5.43015572e-02  1.40589589e-01  6.30357307e-03]
 [ 4.35731956e-02 -1.26040399e-02 -9.36985878e-03  7.00650368e-03
   2.11374228e-03  5.38488656e-02 -1.46941591e-03]
 [ 1.18383402e-03  9.90680977e-03  4.79619849e-02 -1.04852750e-01
  -5.44460800e-02 -9.25980019e-03 -2.90986715e-02]
 [ 5.40970061e-02 -2.50887475e-01  4.26008977e-01  3.44591885e-02
   5.89314823e-02  1.91360142e-01 -4.13425288e-02]
 [ 1.05709935e-01 -6.89172353e-02  2.54368389e-02 -8.48253268e-02
   1.91765411e-02  2.01506543e-01  1.07143305e-02]
 [ 1.08037356e-02 -1.03042233e-02  2.71557884e-02 -2.37568823e-01
  -1.34613226e-01 -9.54316193e-02 -5.65752467e-02]
 [ 1.77382765e-02  7.26234742e-02  2.44321750e-02  5.01814875e-02
   8.96627401e-02  3.78649611e-02 -6.66694211e-03]
 [ 3.64241238e-02  7.19336111e-02 -2.80623146e-02  4.08093270e-02
  -7.14151932e-02  4.04051530e-02 -4.09334755e-02]
 [ 1.79989201e-02 -3.56627436e-02  1.24897856e-01 -8.21924446e-02
   9.17307076e-02 -9.92588181e-02  8.03731490e-02]
 [-6.56646199e-02 -9.50135037e-02  1.77240382e-01  1.18957330e-01
  -7.38961338e-04 -1.22077890e-01 -8.60261437e-02]
 [-4.97430197e-02  9.00369631e-02  3.26957774e-01  8.70902042e-02
  -8.85468200e-02  1.36672706e-01  7.91216498e-03]
 [-3.29470727e-01 -2.30042815e-03  8.86765881e-02  1.80709926e-01
  -1.10846648e-01 -9.50302723e-02 -2.89220825e-02]
 [ 1.29750062e-03 -9.00997169e-02 -1.72949297e-01 -2.01176105e-02
   1.12315664e-01  1.13414594e-01  1.80146887e-02]
 [ 2.36553096e-01 -9.28226894e-02  1.68279592e-01 -1.89192947e-01
   8.87656370e-02 -9.01042941e-04 -1.76898858e-01]
 [ 7.76978917e-02 -4.34498524e-03 -2.36776674e-01 -1.61790160e-01
   1.53567171e-01 -8.85707446e-03 -3.11408471e-01]
 [-6.42873339e-02  2.98061044e-02  5.45768039e-02 -1.27253254e-01
   1.84543860e-03 -2.64344625e-03 -3.64523589e-02]
 [-4.80133016e-03  2.27485895e-02  3.19720995e-02 -3.08094729e-02
  -1.00126027e-01  5.08233077e-02 -3.39364742e-02]
 [ 8.56913174e-02 -2.83289916e-02  7.50034774e-02  6.49850621e-02
   2.12261022e-01  5.16652787e-02  6.60155638e-02]
 [-2.94318204e-02 -1.08559725e-03  1.05761582e-01  7.76764572e-03
  -2.34271748e-02  1.26770989e-01  1.52728701e-02]
 [-1.28781418e-02 -4.33671209e-02  6.79491043e-02 -2.36544754e-01
  -1.76857617e-01 -4.92893727e-02 -4.81530394e-02]
 [ 7.21244066e-03  1.57857014e-03  3.24872214e-02 -1.32978222e-01
  -7.47066908e-02 -9.02364114e-02 -7.33970172e-02]
 [ 2.57388177e-02 -7.14707193e-02 -2.41074188e-01 -1.48088995e-02
   1.68050834e-01  5.67295303e-02 -2.36267562e-04]
 [ 6.03236362e-03  2.82755107e-02  4.10704825e-02 -5.94457186e-02
  -1.22389275e-02  4.54228345e-03 -2.25287792e-02]
 [-1.38158586e-02 -1.56649096e-02  7.03992905e-02 -1.18716051e-01
  -1.06709748e-01  1.52947311e-02 -2.90251162e-02]
 [ 1.35441314e-01  6.70365450e-02 -5.39928854e-02 -8.29185599e-02
   2.32054967e-03 -1.70448928e-01  1.90686647e-01]
 [-2.30254797e-01  1.53366266e-01  2.10336331e-01 -1.37128730e-01
   3.02508458e-01 -2.42067789e-02  1.04391781e-01]
 [-1.04143895e-01 -5.64171128e-02  1.96819644e-01  1.15343713e-01
  -1.94481584e-01  2.96704696e-01  3.01789927e-02]
 [ 9.97694063e-02 -6.87382840e-02  6.84315380e-02 -2.00042818e-02
  -1.47239236e-03  4.56205972e-02  2.66382264e-02]
 [ 1.92092949e-02 -8.33946763e-02 -6.20039022e-02 -1.13875647e-01
  -3.55481370e-02  7.44856999e-02 -4.93268001e-02]
 [ 7.59722711e-02 -1.85167315e-02  2.20962046e-02  6.87378057e-02
   1.12476994e-01  6.82189062e-02  3.66048490e-02]
 [ 2.73171220e-02  1.03636695e-01  1.50573691e-02  1.46236744e-01
   1.59001183e-01  7.57446606e-02  7.39583347e-03]
 [-1.31675225e-01  1.50958094e-02  1.71338334e-01  4.03696052e-03
   4.25860957e-01 -1.82320234e-01 -2.23855341e-01]
 [ 6.60115616e-02  2.27939016e-01  1.19427850e-01  6.17533834e-03
   6.69325118e-02 -1.18846437e-01 -6.01776666e-02]
 [-5.36151942e-02  1.77536992e-01 -5.69484789e-02  2.60082872e-01
   9.80310650e-02  1.79720093e-01 -3.34556713e-02]
 [ 4.31135261e-02  2.24100442e-01  6.70198021e-02 -8.71769448e-02
  -4.26858756e-03  1.95430638e-01  1.39917849e-01]
 [ 7.77308454e-02 -2.42617323e-03  1.18559382e-01 -7.37518373e-02
   1.56610240e-01  2.81216624e-02 -1.02451965e-01]
 [-6.73927050e-02  2.13873705e-01 -4.91249953e-02  5.17306773e-02
  -1.43983351e-01  7.69338795e-02 -1.97785625e-01]
 [ 6.21772100e-03  2.97761958e-02  9.77102744e-03  1.86457844e-02
   6.05221359e-02  5.30241562e-02 -5.57406987e-03]
 [-4.62689501e-01 -4.35913085e-02  8.95714658e-02 -1.42956492e-01
   2.76099600e-01 -6.30443013e-02  7.93856959e-02]
 [ 4.47823870e-02  6.39333980e-02 -8.35715815e-03 -1.10177662e-01
   4.29201083e-02 -5.11375775e-03 -2.28911398e-01]
 [ 2.31674251e-02  5.42403099e-02 -6.70384674e-02  8.37365360e-02
   7.95247141e-02 -2.30009926e-01  2.34758260e-01]
 [ 4.08674763e-03  2.61500898e-01  1.69599291e-01 -3.06468560e-01
  -2.09077375e-01 -1.03525113e-01 -2.18342454e-02]
 [ 3.05907394e-03  1.74109805e-02  5.19486925e-02 -4.92424994e-02
  -3.53257154e-02  2.53995856e-02 -1.97352476e-02]
 [-1.21645646e-02 -1.45669389e-02  5.42192666e-02  7.65993781e-02
  -1.62142769e-03 -1.86343553e-01 -1.90472424e-01]
 [ 5.44098894e-02  2.34105627e-01  1.93750500e-01 -1.05250954e-01
  -4.35434447e-02 -7.57339967e-02  3.57033140e-02]
 [-8.83191542e-02  2.04727929e-01 -8.96625354e-02  9.21191900e-02
   2.03609623e-01 -1.91332839e-03 -7.67325963e-02]
 [ 1.85216894e-02  7.11222662e-02  3.13848817e-03  1.09016473e-01
   9.37103480e-02 -8.72018031e-02  4.32205867e-02]
 [ 2.46994675e-01 -1.20606113e-01  8.80013708e-03  1.12314528e-01
  -1.10371909e-01  1.10909997e-01 -6.69311148e-04]
 [ 1.06992009e-01 -8.62735721e-03 -7.18096438e-02  4.44514358e-02
   1.09904873e-01  1.14573479e-01 -1.88029119e-01]
 [-1.34918440e-01  2.13044126e-01 -1.22760071e-01 -1.50025502e-01
  -3.66876042e-02  1.07102196e-01  5.27432627e-01]
 [ 4.31874251e-01  1.50428028e-01  4.40035153e-02  1.98979433e-01
   8.20736680e-02 -2.57221297e-01  2.03840728e-01]
 [-5.38446967e-03 -9.20382827e-02 -1.17785041e-01 -8.02331342e-02
   3.11683748e-02  6.34059827e-02 -7.72186335e-03]]
Singular Values 
[12.15197163  8.23716058  6.15346609  5.76325097  5.39575637  4.5146277
  3.35888573]
Singular Vector V (transpose) 
[[-5.93342663e-01 -5.00961920e-01 -1.50688476e-01 -5.71154730e-01
  -6.58452720e-02 -1.63050882e-01 -1.30903422e-01]
 [ 7.53569085e-02 -3.40323675e-01 -3.86971713e-01  4.87364082e-01
  -6.30213717e-01 -3.05893146e-01 -2.21434194e-02]
 [ 1.59003356e-01  4.49549713e-01  1.08456844e-01 -5.05178410e-01
  -7.04957268e-01  5.47836660e-02 -7.54246344e-02]
 [-4.00841143e-01  3.78333486e-01 -6.69289303e-01  9.10078073e-02
   1.63691338e-04  4.59369082e-01  1.70116369e-01]
 [ 6.45854366e-01 -1.43292384e-01 -5.82453995e-01 -3.76470298e-01
   2.46044132e-01 -4.13505905e-02 -1.38236402e-01]
 [-1.97136741e-01  5.09573698e-01 -1.59363860e-01  6.46139355e-02
   1.98188340e-01 -6.90711022e-01 -3.94385113e-01]
 [ 1.78710372e-02  8.82480486e-02 -5.64386634e-02 -1.63908613e-01
   4.14000116e-02 -4.32470811e-01  8.79259113e-01]]

Kinase IKBKB
Singular Vector U 
[[ 0.03432828  0.03810632  0.07264234]
 [-0.08443605  0.00412867 -0.00152268]
 [-0.08011731 -0.39558705  0.36106313]
 [-0.08535789 -0.04637884  0.07870915]
 [-0.09520074  0.15540788  0.07536625]
 [ 0.05941797  0.09112306  0.21933097]
 [-0.00469696  0.03100285  0.0598808 ]
 [-0.08563343  0.01105834  0.01851579]
 [-0.31981228 -0.03486635 -0.06749163]
 [-0.09005453  0.03664481  0.09250399]
 [-0.11437556  0.37196719  0.27372784]
 [-0.08183313 -0.01093536 -0.04508323]
 [ 0.13967088  0.00738702 -0.09167399]
 [-0.09975784  0.19197478  0.13980111]
 [-0.13628116  0.22983023 -0.14376675]
 [ 0.01394789  0.12177826  0.00297755]
 [-0.06485426 -0.10919807 -0.32922872]
 [-0.10092211  0.27949042  0.06554381]
 [-0.04392637 -0.15112836  0.17321692]
 [-0.0865066   0.01611167  0.03312846]
 [-0.09076877  0.17937905 -0.05638794]
 [-0.06103514  0.03840816  0.09193568]
 [ 0.05385549 -0.06703501  0.15739513]
 [-0.24679737 -0.10107952 -0.27085993]
 [-0.08665674  0.02427922  0.02717103]
 [-0.0865066   0.01611167  0.03312846]
 [-0.1632915   0.0021351   0.00801924]
 [-0.0865066   0.01611167  0.03312846]
 [-0.0865066   0.01611167  0.03312846]
 [-0.09413523  0.01326583  0.21533323]
 [ 0.19682004  0.03003338  0.15292321]
 [-0.07315778  0.13572338 -0.046992  ]
 [-0.08385757 -0.06964367  0.09617009]
 [-0.00304195 -0.04844586 -0.13767685]
 [-0.0875124   0.02193259  0.04996077]
 [-0.08716843  0.03814555  0.02307922]
 [-0.1235381   0.12544844  0.35280244]
 [-0.05594078  0.05630885 -0.04234097]
 [-0.15787869 -0.06631052 -0.18866482]
 [ 0.07575466  0.03177144  0.0960355 ]
 [-0.0925294   0.10590592  0.07016616]
 [-0.07988256 -0.11230079  0.02680685]
 [-0.08724108  0.05606782  0.00398437]
 [-0.0865066   0.01611167  0.03312846]
 [-0.22423152 -0.00895735 -0.01190859]
 [-0.06947729 -0.29560943 -0.00448351]
 [-0.31750707 -0.02593559 -0.04241037]
 [-0.03575985  0.03591898  0.04210208]
 [-0.08311467 -0.16841089  0.16771954]
 [-0.00843357  0.05955701  0.11141895]
 [ 0.03894444  0.30445874 -0.04934316]
 [-0.13593068  0.00711538  0.01696643]
 [-0.22671887 -0.0094101  -0.01272197]
 [-0.15209844  0.00417249  0.01167945]
 [-0.08613767 -0.00395817  0.04776744]
 [-0.18274695  0.11016115 -0.07878049]
 [-0.01265772  0.02955381  0.05727758]
 [-0.0865066   0.01611167  0.03312846]
 [-0.15521283 -0.01492323 -0.04229988]
 [-0.21747573 -0.02578363 -0.06130877]
 [-0.08383867 -0.12902488  0.13899132]
 [-0.18506325 -0.23901036  0.17190316]
 [-0.20359661 -0.03186745 -0.08138052]
 [-0.08842797  0.12063504 -0.04311108]]
Singular Values 
[7.94997901 4.145147   2.87079912]
Singular Vector V (transpose) 
[[-0.14644858 -0.03145246  0.98871814]
 [ 0.44191531  0.89213541  0.09383637]
 [ 0.88502185 -0.45067189  0.11675264]]

Kinase CAMK2A
Singular Vector U 
[[-2.83084741e-01 -4.58244224e-01 -1.07056313e-01  2.44995286e-01
   2.35730050e-01  1.20227942e-01]
 [-3.12200925e-02  6.71684970e-02 -2.09484195e-02  1.35713339e-01
  -2.27716360e-02 -1.51144549e-01]
 [-1.91503224e-01 -1.14188876e-01 -2.20077043e-01  3.21929585e-01
  -8.43705967e-02 -2.18848102e-01]
 [-5.34721694e-02  8.77917152e-03 -3.97859835e-03  6.13578046e-02
  -7.99131519e-02  3.70297276e-01]
 [ 1.21769153e-01 -9.17790277e-02 -1.42982835e-02 -6.22856803e-02
   4.25436747e-02  2.78321218e-01]
 [-1.65185999e-01  6.21039510e-02 -1.16434960e-01 -1.17353426e-01
  -1.86748851e-02 -1.26670234e-01]
 [-4.61611131e-02  8.65603102e-02  2.87924726e-02 -2.88584235e-02
   7.99220015e-02  2.43856720e-01]
 [-3.92303723e-02  5.56186720e-02 -3.55441961e-02  9.95512403e-02
  -1.66022341e-02 -1.91276112e-01]
 [-2.77172105e-01  2.60047993e-01  6.59981708e-03 -7.15226807e-02
   2.64408617e-01  2.38551142e-02]
 [ 4.49370263e-05  1.21376914e-01 -2.74204348e-02  8.87352854e-02
  -5.12297725e-02  5.54362253e-02]
 [-4.90226856e-02 -5.55566003e-02 -5.95067283e-02  2.87159485e-03
   9.24055143e-02  8.43241583e-02]
 [ 3.13530835e-02  8.38394150e-02  3.95396076e-03  9.64569856e-03
  -2.79156340e-01  7.87551805e-02]
 [-7.04612711e-02  2.31842927e-02 -4.62672952e-02  1.79079342e-02
  -3.54926125e-02  6.81315090e-02]
 [-4.52203856e-02  1.81029641e-02 -7.07072410e-02  7.89447527e-03
   1.33502468e-02  1.13419384e-02]
 [ 5.18286637e-02  1.86958758e-01  8.47637236e-03  2.08876316e-02
  -5.30376442e-02  4.56246172e-02]
 [ 3.72340572e-03 -4.94146208e-02  1.20342309e-01  1.06433283e-01
  -1.44825989e-02 -7.54417974e-02]
 [ 2.80364341e-02  4.89477050e-02 -9.36111413e-02 -6.80818615e-03
   2.77546429e-01 -5.16400327e-02]
 [-5.82795529e-02  5.84849408e-02  2.16738319e-01  9.23732230e-02
   2.17882977e-01  9.99561103e-02]
 [-5.97273419e-02 -6.50358558e-02 -8.65922709e-02 -6.81868039e-02
  -1.34179949e-01  1.64798517e-02]
 [ 6.21352807e-02 -3.21656305e-02 -1.04593255e-01  1.28382732e-01
   3.04983591e-02  1.14345289e-02]
 [-8.68480751e-02  2.84424885e-02 -1.72830587e-01 -1.98244220e-01
   1.63724431e-02  1.15284253e-01]
 [-3.28301227e-01  1.64369695e-01 -1.01766725e-01  5.12340506e-02
  -5.79239138e-02 -1.18394667e-01]
 [-1.09041280e-01  8.23128441e-02 -1.09433882e-01 -2.93638000e-02
   6.17164271e-02  1.45200550e-01]
 [ 2.38393825e-01 -5.14171266e-02 -4.09129619e-01  7.39440433e-02
   3.50714789e-02  4.90423822e-02]
 [-3.60216211e-02 -3.04639463e-02 -1.00409954e-01 -7.50122065e-02
   4.00572002e-02  1.95123538e-01]
 [ 1.03286774e-02  2.58811490e-01 -1.14833889e-01  1.24639974e-01
   2.37070292e-01  4.16601847e-03]
 [ 2.16965738e-02 -1.54913798e-01 -4.98205033e-02  3.08119964e-02
   3.48469507e-02  4.51996841e-02]
 [ 2.80727206e-01 -2.19630248e-01  6.83201243e-02  7.04295075e-02
   2.76866653e-02 -1.93354610e-02]
 [-3.42118613e-02  1.07380626e-01 -1.52180345e-01  1.21895898e-01
   1.15799431e-01  1.22244975e-02]
 [ 3.73560579e-03 -2.34682518e-03 -1.41180144e-02  9.73406319e-02
  -4.13077665e-02  1.75129721e-03]
 [-1.90884665e-01  1.31040821e-01  2.39552967e-02  8.63445863e-02
  -2.09127510e-01  6.39876296e-03]
 [-1.81068302e-02  9.44328219e-02 -1.05478967e-01 -8.09762527e-02
  -2.24898631e-01  3.65090830e-02]
 [ 7.95833029e-03 -2.37073069e-02 -1.10477169e-02  1.66317111e-01
   4.41254368e-02 -1.07444614e-01]
 [-2.06578715e-02 -1.36670169e-03 -3.47603432e-02  5.00412465e-02
  -2.73489799e-02  8.65348439e-02]
 [-1.08400442e-02  2.82708198e-02 -5.00937632e-02  7.10601431e-02
   2.27208714e-02  1.80902849e-01]
 [ 7.01900497e-02 -9.40410687e-02  1.43596207e-01  7.22992422e-02
   1.57321316e-01  2.42591561e-02]
 [-2.19803453e-01 -8.92071997e-02  8.83290780e-02 -2.71192809e-02
  -2.91553698e-01  8.12736800e-02]
 [-3.11531109e-04 -5.34284737e-02 -3.39134529e-01 -3.17877405e-01
   2.39663200e-03 -2.44328213e-02]
 [ 1.53885675e-01 -1.94714112e-01 -1.92402515e-01  3.80929185e-02
  -8.27996698e-02 -3.15985222e-02]
 [-2.22288938e-01 -1.20363853e-02 -2.63199661e-01 -1.13029925e-01
  -7.36118617e-02 -3.76801555e-02]
 [-1.21208418e-01  4.78515447e-02 -5.86504611e-02  2.42340150e-02
   3.95792162e-02  3.20090245e-02]
 [-1.24566937e-01  7.91094751e-02 -5.32594155e-02  2.82811040e-02
  -4.69836700e-02 -2.96209263e-01]
 [ 4.54071831e-02 -1.98402541e-02 -5.42786402e-02  7.10015002e-02
   3.39811398e-02 -8.32448009e-02]
 [ 1.98318157e-01  6.11026194e-02 -1.94572153e-01  2.21822341e-01
   2.78752823e-01 -4.21075763e-02]
 [-4.68617860e-02 -1.07720655e-02 -1.50968837e-01  1.37131743e-01
   1.40852741e-02 -1.00743021e-01]
 [ 1.14638620e-01  5.17510794e-02 -1.45696397e-01  2.26816538e-01
  -2.37027861e-01  3.21125197e-02]
 [-9.31360312e-02  8.48970636e-02 -7.92663944e-02  1.74929362e-01
  -7.19142524e-02  3.11472011e-01]
 [-3.58988946e-02  6.33519713e-02  3.29054314e-02  9.89203705e-02
   8.31662389e-02  1.19631178e-01]
 [-9.13668250e-02  8.75998153e-02 -6.87799566e-02  1.21429247e-01
  -3.72025513e-02  1.28371008e-01]
 [-5.88278254e-02  1.15949680e-02 -5.89726319e-02  1.26556375e-03
  -1.58653744e-02  5.77806597e-02]
 [ 1.34060845e-01  2.52252452e-01 -8.84564617e-02 -5.47576509e-02
   1.11645002e-02  2.64492424e-02]
 [-5.29216419e-02 -6.89155774e-02 -1.03219646e-01  3.04010984e-01
  -2.24427975e-02  9.97648152e-02]
 [-4.38216990e-02 -6.13281557e-02 -1.03967442e-01 -2.90723418e-01
   6.23046310e-02 -3.74007289e-02]
 [-1.01285549e-01 -7.06279226e-02 -2.53165202e-01 -1.53878381e-01
   3.41543038e-02  1.18570341e-01]
 [-6.43382706e-02  1.28052130e-02  5.15129522e-02  1.32352065e-01
  -1.83324856e-01 -1.70934049e-01]
 [-1.93847646e-02  1.07917610e-01 -1.95417516e-02 -1.52838348e-02
   8.84034257e-02 -1.29095779e-01]
 [-8.46971966e-02 -9.89382700e-02  2.78482600e-02 -4.50750179e-02
   9.72524281e-02 -2.09088859e-01]
 [ 3.43306867e-01  3.32718765e-01 -1.71339937e-01  4.98931328e-02
  -1.11008469e-01  2.37936041e-03]
 [-2.67670079e-02 -8.46499205e-02 -9.17345017e-02 -1.04752856e-01
   8.81012423e-03  8.13914357e-04]
 [-1.21971598e-01  2.03458615e-01  1.80048556e-01  8.40098565e-02
   7.94291403e-02  9.20858873e-02]
 [-2.84638822e-02  1.41718494e-01 -5.46991596e-02 -6.63897274e-02
   2.47303461e-01 -1.17336929e-01]
 [-8.16730377e-02 -1.00095663e-01  5.09556829e-02 -4.59523625e-02
   2.39596333e-02  4.80602379e-02]
 [-7.25321851e-02  6.96347799e-02  7.01822837e-02  2.13663743e-02
   1.23468489e-01  3.00860453e-02]
 [-5.36275939e-02  7.85190552e-02  1.92481349e-02  1.69627778e-01
  -8.10982982e-02  9.89711764e-02]]
Singular Values 
[11.28303307  9.18736877  7.99502081  6.02728035  4.65486111  2.76357669]
Singular Vector V (transpose) 
[[ 0.77960967  0.46286809  0.03500023  0.39203251  0.15170122 -0.00584169]
 [-0.59368208  0.52484694 -0.02788758  0.46241273  0.27216437  0.28879158]
 [ 0.15898782 -0.3065962  -0.06119435 -0.2214529   0.72595501  0.54856616]
 [ 0.10128415  0.32858795 -0.10168133 -0.36897759 -0.51984545  0.68194474]
 [-0.06264018  0.55305633  0.11180228 -0.66840289  0.32222947 -0.35652617]
 [-0.01705727 -0.0494595   0.9856032   0.02316704 -0.04279592  0.15323488]]

Kinase MAPK1
Singular Vector U 
[[-0.49123114  0.00608821  0.05024048 ... -0.04076487 -0.05797754
   0.11041852]
 [-0.10098152  0.07214171 -0.00256169 ...  0.156041    0.11410592
  -0.04415033]
 [-0.5727581   0.1420597   0.09319638 ...  0.02770719 -0.00542133
  -0.12817011]
 ...
 [-0.0874493   0.05951307  0.22386934 ... -0.12393995 -0.01574896
  -0.07766267]
 [-0.13783841  0.146775   -0.18784867 ...  0.06900661  0.19769225
  -0.21153594]
 [ 0.00356151  0.02219161 -0.01734516 ...  0.16588993 -0.1646787
   0.00750525]]
Singular Values 
[16.91477708 11.96810542 10.92223688  9.38757339  9.0977467   7.75511422
  6.63478429  6.36995568  5.88845711  5.67448667  5.15198573  4.95624107
  4.80621004  4.66680385  4.17009933  3.68632002  3.64985701  3.34779745
  3.19017439  3.06498106  2.56286504  2.28022219  1.99285006  1.92771951
  1.76673711  1.57948196  1.19135086]
Singular Vector V (transpose) 
[[-1.38605652e-01  2.57038424e-01  3.38245603e-02  3.46939800e-01
   3.41731022e-02 -6.01448885e-02  1.22152572e-01  2.92527961e-03
   3.93103102e-02 -2.99062879e-03  7.33888133e-02  1.52233873e-01
  -9.02500378e-03 -2.37244569e-02  3.25844387e-02  6.55887339e-02
   9.62324841e-02 -1.95620959e-01 -1.16840816e-01  1.18816819e-01
   1.08808223e-01  4.34155638e-01  2.84980725e-01  3.73141369e-01
   1.81667675e-02  4.29806981e-04  4.90880450e-01]
 [ 3.12128868e-01 -2.62951980e-01 -2.89816749e-02  1.14362939e-02
  -6.94849408e-02 -2.46519388e-02 -1.37090737e-01 -8.06684573e-02
  -6.60754456e-02  4.68465511e-02  5.02861568e-02 -9.16999902e-02
  -2.14013705e-02  5.97515651e-03  1.72379296e-01  2.91921783e-02
   6.16512426e-02 -2.73893644e-01 -5.80377787e-01  7.10396748e-02
  -6.67120652e-02 -2.79593861e-01  4.56239636e-02  4.78027406e-01
   1.47526347e-02 -8.20892447e-03 -1.37701357e-01]
 [-2.77249914e-01  5.68691110e-01 -8.66448119e-02 -7.05326879e-03
  -2.32183539e-02 -2.26595035e-01 -9.11096701e-02 -1.44646677e-03
  -2.21316077e-02 -5.33960094e-02 -3.88939942e-02 -2.65255157e-02
  -2.02989893e-01 -5.25129205e-02 -5.09898408e-02 -8.83024045e-02
  -2.67476069e-02 -1.44554550e-01 -5.06253179e-01 -4.35247132e-02
   1.46532129e-01 -1.44424744e-01 -1.51078056e-01 -3.01510834e-01
  -4.06760967e-02 -1.61094616e-01 -9.27017252e-02]
 [ 2.84555637e-01 -2.84551107e-01  5.20463272e-02  2.80125702e-01
   3.49921917e-02  3.48620792e-02  1.89188966e-01  3.13244149e-02
  -7.78514336e-02 -3.50615962e-03 -6.73667197e-02 -9.33042388e-02
   4.34057422e-02  3.29061804e-02  1.75685538e-01 -4.07328178e-02
  -2.04603862e-01 -1.88691285e-01 -2.06595539e-01  1.49263006e-01
   1.16329331e-01  2.64320236e-02  2.18833775e-01 -6.41771597e-01
   5.11156126e-04  1.53592107e-02  2.14948475e-01]
 [-3.89744219e-01 -3.89903886e-01 -1.80608461e-02 -1.44011144e-02
  -6.24439763e-02 -1.71635929e-02  2.35610386e-01  5.94164177e-02
   9.24131092e-02 -1.93773032e-01 -1.30331245e-01  2.90305473e-01
  -8.95695962e-02  3.94364592e-02 -3.95220460e-02  7.32266507e-03
  -3.93985013e-02  8.61229698e-02 -3.38568049e-01  1.19783899e-01
  -1.73115986e-01  3.69902786e-01 -1.70176713e-01 -3.08980974e-02
   2.16408550e-01  1.38017109e-01 -2.70591690e-01]
 [ 5.62642103e-01  2.43757977e-01  4.87321816e-04 -1.54370632e-01
   1.12774125e-02 -1.18088652e-01  3.03081648e-01 -1.26878465e-01
  -2.07975469e-01 -8.88088104e-02 -9.40858107e-02 -9.13448206e-02
  -2.97722335e-01  1.61603811e-01 -2.18743427e-01 -6.27862421e-02
  -9.70252974e-02  2.54532774e-03  2.42623815e-02  7.19166805e-02
  -1.36976113e-01  2.82096952e-01 -2.67199452e-01  7.25545718e-02
   2.29910548e-01  3.60151202e-03  1.48626533e-02]
 [-2.57087898e-01 -3.43591114e-01  4.81498760e-02 -1.57438950e-01
   2.65245007e-02 -1.63258219e-01 -8.55176947e-02 -2.01889182e-01
  -5.18372853e-02  1.87218100e-01  1.76830899e-01 -1.15967961e-01
  -4.96098621e-01  2.20000708e-01 -3.03476884e-01 -1.59911418e-01
   1.88866847e-01 -2.53001963e-02  4.54547777e-02  1.40937348e-01
  -1.38458436e-02 -1.55464670e-01  9.24235722e-02 -6.22735129e-02
   4.64452832e-02 -9.28825178e-02  3.35962883e-01]
 [ 5.67206167e-02 -3.89345912e-02 -7.13050886e-02 -2.11049857e-01
  -9.72104829e-03 -3.90823480e-02 -1.74678298e-01  2.49235508e-02
   1.29770016e-01  5.17083365e-01  2.65330098e-01  5.48564050e-02
   2.76022823e-01 -1.91115745e-01 -8.68365665e-02 -6.39005375e-02
  -1.86913445e-01 -9.95574178e-02 -1.75447968e-01 -1.58444281e-01
  -3.36592697e-01  2.74062277e-01 -2.58214194e-01 -1.21787397e-01
   1.00080661e-03 -2.58142382e-02  2.44148644e-01]
 [ 1.94318978e-02 -5.13475814e-02  4.50039795e-02  3.28180349e-01
   6.36510497e-02  1.59741987e-01  1.89683635e-01 -4.17260571e-02
   7.41660566e-02  2.54773466e-01  1.01419671e-01  4.33640573e-02
  -4.84177089e-02  2.36586619e-01 -1.94859146e-02 -1.04285542e-01
   1.54072875e-01 -1.22000896e-01  5.56814148e-02  1.58444738e-01
   1.33586463e-01  1.01465739e-01 -4.35422853e-01  3.51230281e-02
  -5.53139674e-01 -1.68563573e-01 -2.18281246e-01]
 [-2.16785894e-01  1.61412981e-01 -4.76082194e-02 -1.45823693e-01
   7.56664979e-02  7.54769935e-02  4.25792828e-01  7.01055446e-02
   4.20653427e-02  2.13603059e-01  1.82509062e-01 -4.46019209e-01
  -1.86498151e-01 -7.90819371e-02  2.84732787e-01  2.66497039e-03
  -2.13051243e-01  4.33384700e-02  8.71854255e-03  1.64256842e-01
  -2.91560905e-01 -9.73675349e-03  2.59500400e-01  7.56610236e-02
  -1.40524780e-01  1.53694332e-01 -1.67827698e-01]
 [ 8.23277677e-02 -8.23453291e-02 -7.60457086e-02  2.98298304e-01
  -7.00350211e-02 -1.16759293e-02 -3.34296146e-01  1.53752856e-02
  -8.65869162e-02 -1.69964949e-03  3.63680910e-02 -2.55566283e-01
  -2.00877997e-01 -4.20107019e-01 -3.57376231e-01 -3.71929815e-02
   2.08623165e-02 -5.26529379e-02  6.78002371e-02  5.73423751e-03
  -5.18500547e-02  3.46155124e-01  2.54627899e-01 -4.26035198e-02
  -6.75955128e-02 -6.84808334e-02 -3.85106191e-01]
 [ 1.21135461e-01  3.37981132e-03  1.06074779e-01 -1.04166670e-01
   2.07779776e-01 -7.89357064e-02  1.19494599e-01 -6.89895491e-03
   1.39924527e-01 -1.87007954e-01 -1.42219313e-01 -1.70740031e-01
   1.29064834e-01 -1.00409467e-01  1.08109302e-02 -1.22602355e-02
   6.72810103e-01  1.99277411e-01 -1.96761669e-01 -1.26490318e-01
  -3.35261907e-01  8.50526250e-02  8.23870383e-02 -1.46072541e-01
  -2.35171233e-01 -8.24887889e-02  1.07596350e-01]
 [ 1.34918478e-01 -5.23360188e-02 -1.15509815e-01 -7.56234555e-02
   2.57995347e-01 -2.98480839e-01  2.17341355e-01  1.38387677e-02
   1.29560637e-01 -4.15489063e-02  1.46301792e-01  1.81975535e-01
   1.67837530e-01 -1.73413939e-01 -4.55150382e-01  8.06230809e-02
  -2.32253576e-01  3.05481710e-01 -1.53211533e-01  2.16442034e-01
   2.10676149e-01 -1.80815919e-01  1.38178148e-01  8.34153789e-02
  -2.81644764e-01  1.09275971e-01  1.75303100e-03]
 [-1.82098262e-01 -5.36132052e-02 -9.44260911e-02  1.52815658e-01
  -9.77401092e-02  3.06994008e-01 -1.29693247e-02 -6.22584354e-02
   4.51409972e-02 -2.21965950e-01 -3.22271348e-01 -4.92517117e-01
   1.86214578e-01  8.50460705e-03 -3.03815727e-01 -1.13918706e-01
  -2.47553651e-01  6.83361104e-02 -1.17969878e-01 -7.43761790e-03
  -6.47558354e-02 -8.11207630e-02 -2.41652253e-01  1.51511758e-01
  -8.67769336e-02  5.17503756e-02  3.22222401e-01]
 [-4.47400709e-03 -1.05216557e-01 -8.71591527e-02  1.56637967e-01
   1.25717957e-01 -3.30435602e-01 -1.17670063e-01 -8.17264013e-02
  -8.23713225e-02 -2.59852370e-01 -1.00313840e-01  1.84803961e-01
  -2.66233166e-01 -3.43550754e-01  3.44162843e-01 -1.44467474e-01
  -2.14861791e-01 -1.84018840e-02  1.90471187e-01  1.59154480e-02
  -3.03239857e-01 -9.85745534e-02 -2.38208270e-01  6.22083877e-02
  -2.80813474e-01  2.42008648e-02  1.99364637e-01]
 [-6.01629967e-03 -3.22783345e-02 -7.22940061e-02 -1.74685424e-01
   2.70969082e-01  5.41226767e-02 -2.86045676e-01 -2.37042602e-01
  -1.92337699e-01  6.01863812e-02 -1.75835200e-01  9.40460794e-04
  -3.93492497e-02  3.31136544e-01  2.11204596e-01 -1.29621381e-01
  -2.35480283e-01  3.42870074e-01 -1.74136300e-01 -2.00623980e-01
   1.52418590e-01  3.38988530e-01  2.17872729e-01  5.73456271e-02
  -2.56278371e-01 -7.01277398e-02 -3.98651019e-02]
 [-4.13555529e-02  1.35720905e-01  2.11043922e-01 -8.15539801e-02
   9.07271147e-02  2.66766807e-01  4.98666898e-02 -2.07053768e-01
  -4.35067619e-02 -7.02744384e-02 -1.62230142e-01  3.65922661e-01
   9.32454741e-02  9.21998584e-02 -2.73852998e-01 -1.91424114e-01
  -1.57817048e-01 -3.65837976e-01  4.34215032e-02  1.78109308e-02
  -4.18709564e-01 -1.48229008e-01  3.20150098e-01 -2.01348183e-02
  -1.42544790e-01 -1.19625559e-01 -1.10792213e-01]
 [-1.97892274e-02 -1.09138757e-01  3.25465799e-02 -4.31027905e-01
  -3.79517261e-01  5.49460823e-02  1.09747191e-01 -1.09897825e-01
  -8.29440166e-02 -1.73125167e-01 -2.07187928e-02 -5.55247984e-03
  -1.09644942e-01 -1.44560603e-01 -2.23197250e-02  4.63375123e-01
  -3.56500582e-02 -2.73762601e-01  1.17371785e-02 -1.46974510e-01
   1.88295554e-01  1.63635384e-01  3.82559651e-03 -4.46217939e-02
  -4.14968500e-01 -1.33587383e-02  9.82895349e-02]
 [ 9.90868684e-02  1.20610916e-01 -1.16907240e-01  8.82296298e-02
  -6.72389382e-02  5.22956041e-01 -3.45729472e-02 -4.16617726e-02
  -1.49163578e-01  2.45461543e-01 -9.44722207e-02  2.96201171e-01
  -3.35811001e-01 -2.38872298e-01 -2.55127455e-02  1.27922091e-01
   1.47104878e-01  3.10085781e-01 -1.60722425e-01  4.20238599e-02
  -3.71831161e-02 -1.40662844e-01 -2.33487930e-02 -7.59171797e-02
  -3.84948856e-02  3.35723016e-01  1.42066739e-01]
 [ 2.26345051e-02  4.30534767e-02  2.78868759e-02 -1.30138771e-01
   5.74484684e-01  2.54104443e-01 -3.16309170e-01  1.49711838e-03
   2.77680288e-01 -2.20776504e-01  1.28482525e-01 -8.74267678e-02
  -1.23429004e-01  3.76084047e-02  2.14723506e-02  3.70003939e-01
  -4.46238891e-02 -2.13060972e-01  1.11270957e-02  2.92903330e-01
   1.29990571e-03  7.61878064e-02 -1.55422209e-01 -7.30718702e-02
   8.95547351e-02  6.76574541e-02  7.07789741e-03]
 [ 9.78237274e-02  1.09835014e-01  2.48978589e-02 -2.80123046e-01
  -3.72390511e-01  1.80552264e-02 -2.40087910e-01 -2.62404897e-02
   2.21546484e-01 -5.76690711e-02 -8.82010666e-02  2.45745292e-02
   1.00760371e-01 -3.99392379e-02  1.39900159e-01 -3.60577069e-01
   7.35149759e-02  7.90237224e-02  2.92773421e-02  6.56027823e-01
   7.38372395e-02  1.23893003e-01  4.63175349e-02 -3.25998620e-02
  -9.38197868e-02  6.06109712e-02  2.13248620e-02]
 [ 4.25388115e-02 -9.11005495e-02 -1.56814026e-01 -1.57049961e-01
   6.97142941e-02  3.74425748e-01  1.84560134e-01  1.52903905e-01
   6.28058622e-03 -2.08195486e-01  2.59004950e-01  8.03088644e-02
  -9.73696327e-02 -2.72494233e-01  7.64713508e-02 -2.59850599e-01
  -4.41650498e-02  1.04495836e-01 -4.60911099e-02 -4.61286237e-02
   1.46106789e-01  5.39079122e-03  3.83794858e-03  6.94524865e-02
   1.15000029e-01 -6.33417859e-01  7.96053155e-02]
 [-1.70154021e-01  2.90982577e-02  1.41076147e-01 -5.18690449e-03
   5.08927233e-02  1.95592231e-02 -5.65134929e-02 -4.56610237e-02
  -7.61919099e-01 -1.23587797e-01  3.04367060e-01 -4.32405351e-02
   3.12722015e-01 -3.53831987e-02 -1.86685622e-03  1.03621039e-01
   8.65143220e-02  9.17970539e-02 -3.65419436e-02  3.10988395e-01
  -9.90781858e-02  1.89654684e-02 -1.24110536e-01 -4.24544991e-02
  -5.83735917e-03 -2.21860551e-02  7.73528771e-03]
 [-2.24217687e-02 -5.56709540e-02 -2.20971728e-01 -2.28136086e-01
   2.41658661e-01  5.80037967e-02  3.91848879e-02  3.58434166e-01
  -2.15300088e-01 -5.96213154e-02 -1.61484948e-02 -1.59702775e-03
   1.97706122e-02 -4.69390645e-02 -6.27593149e-02 -4.41474208e-01
   1.68091884e-01 -3.62982712e-01  4.06569796e-02 -1.46994502e-01
   2.21493354e-01  6.14354350e-02 -1.62967984e-02  3.69378621e-02
  -8.63932662e-02  4.54857399e-01  7.12016611e-03]
 [-7.41889708e-02 -2.72878746e-02  3.76388282e-01 -4.56510721e-02
   1.67600770e-01  2.80756193e-02  1.58478535e-01 -6.13498634e-01
   6.30660620e-02  9.43966578e-02 -2.91000465e-02 -7.69501035e-02
   8.57997324e-02 -4.09689014e-01  8.44205384e-02 -1.91824690e-01
   3.64803473e-02 -5.47113661e-02  3.38220451e-03 -7.91046200e-02
   3.13259002e-01  2.44486170e-02 -1.10258835e-01  2.50589173e-02
   1.79777566e-01  1.41079855e-01 -8.06721521e-02]
 [ 8.66595240e-02  6.58752694e-02  9.00874135e-02  1.36080484e-01
  -2.11484123e-01  1.02254684e-01 -6.47176391e-02 -1.71779461e-01
   1.76102685e-01 -4.00156382e-01  6.35853684e-01  9.99572334e-03
  -4.92161051e-02  1.95418782e-01 -4.36112205e-03 -1.83595439e-01
  -5.09125657e-02  1.01491665e-01 -8.13573985e-02 -2.56038054e-01
  -7.88074393e-02  1.68948790e-02  1.71845772e-02 -7.60558417e-02
  -8.61374767e-02  3.12542225e-01 -3.06114703e-03]
 [ 3.49525619e-02 -7.80290380e-03  7.87332650e-01 -4.15746546e-02
   7.74824595e-03  3.44714335e-03 -9.53581830e-02  4.90318607e-01
  -1.23574192e-02  3.13157482e-02 -4.51433916e-02 -2.34635738e-02
  -1.77974148e-01 -5.59644713e-02 -4.22702563e-02 -6.21839809e-02
  -1.63957142e-01  1.27013657e-01 -1.06816972e-01 -6.73708805e-02
   5.10738692e-02  2.36073041e-03 -5.16598531e-02  9.16453228e-02
  -8.76880442e-02  9.77369960e-03  5.39166228e-02]]

Kinase CDK6
Singular Vector U 
[[-0.27936253 -0.15319333 -0.12182899]
 [-0.31904748  0.19195471  0.04986488]
 [-0.14448129  0.08989886  0.02699867]
 [-0.10471112  0.04510784  0.02111188]
 [ 0.06148808  0.02998599  0.19580879]
 [ 0.01008299  0.05503776 -0.00737979]
 [-0.05425288 -0.09591979 -0.03184105]
 [-0.18173985  0.04865588  0.02989728]
 [-0.28336349 -0.05704263 -0.36748948]
 [-0.25547995  0.22831001 -0.06172967]
 [ 0.01901156 -0.09624349 -0.022887  ]
 [-0.00911849 -0.06102185  0.0409368 ]
 [ 0.11737156  0.14683254 -0.00069702]
 [-0.02418668  0.01351391  0.01105094]
 [ 0.0662611   0.09798316  0.00352221]
 [-0.13241725 -0.23932503  0.0404806 ]
 [ 0.06634626 -0.0089026  -0.48119836]
 [ 0.08435109 -0.02377365  0.09202792]
 [-0.05590555 -0.17073201  0.008829  ]
 [-0.05153691 -0.00157875 -0.00578373]
 [ 0.10758519 -0.04868442 -0.16786071]
 [-0.1739033  -0.00991336 -0.07886625]
 [-0.09352085 -0.16168018  0.17184297]
 [-0.02640253 -0.06940396  0.17615007]
 [ 0.07076487 -0.02951455 -0.10151762]
 [ 0.01746869  0.02784339  0.00681092]
 [ 0.18498446  0.16065277  0.10074479]
 [-0.05122273 -0.002042    0.01790764]
 [-0.05420363  0.00235332 -0.20687376]
 [-0.03089464 -0.05761607  0.0095696 ]
 [-0.18870582  0.23962209  0.01577589]
 [ 0.06480616  0.04154288  0.00191126]
 [-0.05080531 -0.08619816  0.13424271]
 [ 0.02683474  0.05306244  0.00654928]
 [ 0.1005498   0.00983728 -0.00311064]
 [-0.06469763 -0.01443458  0.01473384]
 [-0.16574194  0.02898004  0.06232285]
 [-0.02845697 -0.2229094   0.00409743]
 [-0.1101777   0.10504975  0.02361233]
 [-0.00865824 -0.09709266  0.00582432]
 [ 0.05468613 -0.0174234  -0.05772783]
 [-0.06056122 -0.06949362  0.01253671]
 [-0.14988609  0.24627364  0.03252451]
 [-0.02740007  0.03013025  0.01193529]
 [ 0.06359953  0.09308784  0.35200028]
 [-0.10338025  0.10731263  0.02291806]
 [-0.1093542  -0.08522061  0.00517539]
 [-0.11705468 -0.19989633  0.13031329]
 [-0.08108957  0.14954914  0.10921268]
 [-0.02785181  0.01394134  0.01147709]
 [ 0.04587291  0.12787039  0.00675783]
 [ 0.10637083  0.01399551  0.14106856]
 [-0.14805408 -0.53387108  0.06791333]
 [ 0.124906   -0.0134167  -0.1096361 ]
 [-0.0226405   0.00955078  0.01075221]
 [ 0.02023322  0.06694738  0.06854564]
 [-0.16349414 -0.01817826  0.23203917]
 [-0.34324889  0.18284161  0.05230352]
 [-0.01641875  0.07890036 -0.1172496 ]
 [ 0.00459593 -0.10347458  0.00413115]
 [-0.26979342 -0.02953319 -0.06156078]
 [-0.07192159 -0.07977449  0.32045578]
 [-0.03615211 -0.02944227  0.01104754]
 [-0.00877284  0.02500499  0.00088012]]
Singular Values 
[12.69223755  5.52349958  4.35564735]
Singular Vector V (transpose) 
[[-0.0386025   0.78361172  0.62005042]
 [ 0.02477052 -0.61957183  0.78454902]
 [-0.99894758 -0.04564452 -0.00450656]]

Kinase HIPK2
Singular Vector U 
[[-9.24861914e-02  1.45160247e-01  1.73852379e-01  1.66845367e-01
   2.80070062e-01]
 [-4.65679267e-02 -1.62536632e-01 -6.15590607e-02  3.66729818e-02
   1.76485723e-01]
 [-5.63266631e-02 -2.95910112e-01  7.95921645e-02  1.03949266e-01
  -3.07494190e-02]
 [-1.01873432e-01  4.75943754e-02 -8.85471925e-03 -1.27277624e-01
   8.86866461e-02]
 [ 2.24916001e-01  2.41769501e-01 -6.98859027e-02  1.83208598e-01
   4.78046034e-02]
 [-1.90275421e-01 -2.69134931e-01 -2.18760519e-01 -5.52881737e-02
   1.74404080e-01]
 [-1.34408947e-01 -1.49718809e-01 -1.21239846e-02 -9.81960807e-02
  -1.33584548e-03]
 [-1.71294115e-02  7.33799881e-02  6.38404544e-03 -4.11279275e-02
   1.04729460e-01]
 [ 8.72495299e-03  8.93376179e-02 -3.83942847e-02 -1.57603871e-02
   3.10949895e-02]
 [-3.29856131e-02  1.92742093e-02 -2.32732760e-01 -1.25251794e-01
   8.56837450e-02]
 [-4.93336155e-02  1.25619807e-01 -8.52122225e-03 -1.13275881e-01
  -7.07067928e-02]
 [-5.67952004e-02  1.08758714e-02 -8.07682590e-02 -9.31272591e-02
   4.03152535e-02]
 [-4.83021465e-02  1.62768941e-01  7.89024608e-02  4.04619145e-02
   1.34496155e-02]
 [ 3.33945331e-03 -7.50517054e-02 -1.10937433e-01 -1.10879478e-01
   3.94488977e-02]
 [ 3.18588041e-02 -1.37091961e-01  2.30725813e-02  1.28175234e-01
  -3.85652891e-03]
 [-2.42755843e-01 -4.61400707e-02  2.49766658e-02  2.15060203e-02
   3.93556923e-01]
 [ 5.76004524e-03  1.66626127e-02 -1.53170649e-01  7.70129261e-02
   4.68354873e-02]
 [ 1.60509989e-01 -4.24721318e-02 -2.29126950e-01  2.52565485e-01
   6.41977169e-02]
 [-4.53573886e-02  5.90454413e-02  2.29351943e-02  2.02116719e-02
   3.53469833e-03]
 [-2.05205915e-02 -3.43495583e-02 -9.18027689e-02  9.31604345e-03
   3.46746647e-02]
 [-1.00181056e-01  3.23234331e-02 -5.15371161e-02 -1.12474642e-01
   7.03389164e-02]
 [-3.65095822e-01 -2.71239120e-02 -6.66372737e-02 -3.95561703e-01
   3.08293562e-02]
 [-4.12237882e-02 -1.70063277e-01  5.39866623e-02 -4.57765776e-02
   9.83700568e-02]
 [ 1.63773378e-01 -1.55830545e-02  7.07618738e-02  1.76378704e-01
  -1.14521325e-03]
 [ 5.16832397e-03 -5.94387591e-02 -4.91482310e-02  4.56171836e-02
   2.24367834e-02]
 [ 8.56951919e-02 -1.63400418e-01 -3.77615770e-02  1.28614160e-02
   3.15315065e-02]
 [ 1.46840870e-01  1.72155979e-01 -3.87402171e-01 -2.95004501e-02
   2.15052509e-01]
 [ 2.76358755e-03  1.96355347e-03 -2.14273597e-01  5.10514410e-02
   6.45152498e-02]
 [-3.09089550e-02 -1.11554004e-01 -1.07918821e-01  3.00031196e-02
   3.30218458e-02]
 [-7.83455826e-02  7.90162149e-02  7.42268426e-02  1.86663024e-01
   8.67935889e-02]
 [-3.60780864e-01  1.33227486e-02 -1.35279653e-01  2.88328658e-01
  -7.94825120e-02]
 [ 8.22305838e-02 -1.38489497e-01 -4.04572448e-02 -7.44531773e-02
   4.26748999e-02]
 [-6.22881845e-02  1.02822200e-01  1.21251681e-01  1.74225104e-03
   4.08163041e-02]
 [ 1.15641876e-01 -2.30490925e-03  6.79053827e-02 -1.33291306e-01
   4.29192090e-02]
 [-2.38602190e-02  4.12167930e-02  2.07538518e-02 -5.31297649e-02
  -2.47192278e-02]
 [-2.66579099e-01  1.43873084e-01  1.33552494e-02 -2.48526388e-03
  -1.85171160e-02]
 [ 5.71788824e-02  1.84757071e-01 -1.41292577e-01  4.55884369e-02
   2.26656332e-01]
 [ 1.71085366e-01 -2.51583785e-01  4.33411718e-02 -1.99490160e-01
   6.30769469e-02]
 [ 1.73651444e-01  5.11053357e-02  1.69404650e-02 -1.42340838e-01
   5.29749644e-02]
 [ 1.12151911e-01 -1.92165274e-01 -1.21659676e-01 -1.28229162e-01
   7.45117659e-02]
 [ 1.80530085e-02  7.21171689e-02 -2.60526945e-02 -3.51840109e-03
   7.44337498e-03]
 [-2.33206842e-02  1.05358351e-01  8.25591274e-02 -7.87229299e-02
   2.75736523e-02]
 [-1.81166021e-02 -4.41035428e-03 -5.74045284e-02 -3.57444376e-02
  -2.45184411e-01]
 [ 1.52562143e-02 -7.88340172e-02 -2.28901542e-02 -7.75432836e-02
   3.12361097e-02]
 [-4.37308795e-02 -4.36478188e-02 -4.73890041e-02 -1.12849793e-01
  -4.75864747e-01]
 [-1.74330490e-02 -1.63986303e-01 -1.75878623e-01  1.56377247e-01
   3.56853171e-02]
 [-1.18418934e-02 -2.22733465e-01 -1.13149098e-02  8.03219918e-02
   9.29161102e-02]
 [-6.56664936e-03 -5.98838750e-02  3.08927906e-02 -4.90904733e-02
  -1.49806601e-01]
 [ 8.30763326e-02 -4.49375101e-02  3.13186601e-02 -2.05665992e-01
   1.55050530e-02]
 [-1.56490744e-01  3.06489125e-02 -5.33258190e-02  9.50456003e-02
  -4.07465334e-02]
 [ 1.07730739e-01 -5.31815246e-02 -1.22972336e-01 -2.00305175e-01
  -1.15980552e-01]
 [-1.03658056e-01  3.56924939e-01 -2.90368835e-01 -5.62086487e-02
  -1.50165996e-01]
 [ 3.70415868e-02  1.10051403e-01  1.99660799e-01 -5.20585192e-02
  -3.16312540e-05]
 [ 1.44553363e-02 -5.02693600e-02  4.24938520e-02  3.33243672e-02
   9.07766582e-02]
 [-1.30944385e-01  6.89091049e-02 -8.42382783e-02 -1.51311263e-01
   1.05315266e-01]
 [ 1.19210399e-01  2.74361760e-02 -1.98731787e-02 -8.47870304e-02
   9.22875742e-02]
 [-1.82259630e-01 -1.97144841e-02 -1.62434508e-02  2.05752401e-01
  -1.20271753e-02]
 [ 1.27368121e-02  1.89636283e-02 -1.06587927e-01 -5.99239735e-02
   5.22701819e-02]
 [ 6.49585038e-03 -6.01277567e-02 -4.55905869e-01  9.78606665e-02
  -2.40397575e-01]
 [-1.50576499e-01  3.39744763e-02 -6.94743074e-03 -1.30906047e-01
   1.43879061e-02]
 [ 2.19410656e-01  2.02873616e-01 -8.97769292e-02 -1.91586059e-01
   1.67510183e-01]
 [ 3.66075458e-02  4.50845727e-02  3.78038265e-03  7.55529424e-02
  -1.75075307e-01]
 [-2.54693417e-01  1.01513696e-01  5.23574160e-02 -8.04719110e-02
  -1.85838468e-02]
 [-5.71013117e-02 -6.53831569e-02 -5.16850404e-02  1.27032036e-01
   5.08842890e-03]]
Singular Values 
[9.66007315 6.74778236 6.33488149 4.1227869  3.28208327]
Singular Vector V (transpose) 
[[ 0.29299497  0.04426171 -0.07073213  0.85209294  0.42559305]
 [ 0.5412487   0.01175007 -0.80181967 -0.15244409 -0.20188561]
 [-0.76881647 -0.12853131 -0.54523355  0.28484374 -0.11825967]
 [ 0.13671354 -0.09273792  0.23122294  0.40990581 -0.86673079]
