Method Singular Value Decomposition(One of the PCA methods)
X = U(SIG)V*

X shape (nxm)

U shape (nxn)

(SIG) shape (nx1)

V shape (nxm)

Kinase CHEK1
Singular Vector U 
[[-2.11050508e-01 -2.92953246e-02 -9.61152582e-02  1.56619423e-01
  -1.17263055e-01  9.12399196e-02  4.38348976e-01 -1.61018277e-01
  -1.09369209e-01  4.63918098e-02  2.12874038e-02  3.55610037e-01
   1.66078049e-01 -9.85382960e-03 -7.52679319e-02  4.25689447e-02
   9.68519393e-02 -4.36902399e-01 -1.58725514e-02]
 [-2.47775332e-01 -3.02085202e-01  1.27847284e-01 -2.98977426e-01
  -2.01397529e-01 -1.70984815e-01 -5.15002450e-02  5.01082607e-02
   3.04290768e-01 -2.39132557e-01 -5.43423815e-02 -1.15863080e-01
   3.46294571e-01  1.45052729e-01  2.87313421e-01  2.07884557e-01
   2.84086202e-01 -4.00177559e-02  2.39776449e-02]
 [-1.60633024e-02  2.05278644e-01 -1.46104874e-01 -2.12793818e-01
   1.42399154e-01 -1.53171103e-01  2.44041659e-01  2.70954134e-02
   1.63752579e-01 -6.73786555e-02 -1.29645483e-01 -6.64377337e-02
   4.69714611e-01 -2.11133788e-01  7.71923394e-02 -2.45165968e-01
  -5.99492786e-01  3.91279654e-02  6.70165195e-02]
 [-1.71261803e-01  8.10189199e-03  1.97810900e-01 -2.53072125e-01
   2.77325228e-01 -1.50594569e-01 -1.76580092e-01 -5.95784473e-02
  -5.66710460e-01 -1.58406940e-01  2.13413840e-01  1.93960852e-01
   5.13176480e-02  2.38220826e-01 -1.36441901e-01 -2.26296005e-01
  -1.10077788e-01  1.10329010e-01 -4.65446234e-02]
 [ 9.90283794e-02 -1.79229182e-01 -1.04280972e-01 -2.26334580e-01
   7.14310847e-02 -3.51236690e-02  1.46166520e-01 -2.33547567e-01
  -1.60497062e-01 -2.94483205e-02 -1.40744987e-01 -2.00024949e-01
   1.62169535e-01  1.30447313e-01  2.58299847e-01 -3.75095364e-01
   2.57941987e-01 -9.22703770e-02 -3.61346106e-01]
 [-2.72197108e-01  2.10514401e-01 -4.82950654e-02 -2.40438739e-02
   3.92402474e-03  1.36714451e-01  1.03111228e-01  2.83566517e-02
  -1.10913944e-01 -4.44466880e-01  9.18596497e-02  1.62288187e-01
   1.02819817e-01  1.67668580e-01 -8.84599257e-02  2.85538480e-01
   2.28263150e-02 -2.05436520e-01  3.52127027e-02]
 [-1.89795689e-01 -1.19273867e-01 -1.09236992e-01 -3.48135786e-01
  -4.71427650e-02 -8.93189040e-02  1.85075814e-01  3.42000289e-01
   9.36053202e-02  4.01489508e-01  2.76166382e-01  2.15362585e-01
  -1.08946516e-02  1.54662634e-01 -5.24744538e-02  2.20990460e-01
  -1.86316002e-01  1.02692516e-01 -3.81161601e-02]
 [-3.20129142e-01 -2.04466808e-01  2.10419536e-01 -3.50861120e-01
   1.47391562e-02  1.03274502e-01 -8.56179330e-02 -8.02876468e-02
   1.92922873e-02  2.14829177e-01 -4.09511189e-01  4.28976570e-02
  -3.49839270e-01  1.39079183e-01 -1.26044280e-02 -4.39066821e-02
  -1.41088566e-01 -1.01949045e-02  8.94950151e-02]
 [-3.08391979e-01 -3.75400093e-02  1.21559551e-01  6.94875389e-02
   3.04173699e-01 -1.09383814e-01  4.01497918e-02 -5.30069219e-01
   1.19650148e-01  2.44037317e-01  3.90960621e-01 -4.10073491e-01
  -3.22589262e-02 -1.11831138e-01 -1.49863431e-02  1.36668937e-01
  -5.40384837e-02 -1.76583451e-01  1.49955124e-01]
 [-1.58363226e-01  2.44504098e-02 -1.21296400e-01  7.04231150e-02
   2.75515776e-01  5.78437130e-01  1.00839522e-01  2.16732038e-01
   6.46482469e-02 -2.60447256e-02  2.80045865e-01 -1.29816992e-01
  -1.02289410e-01  1.61454439e-01  3.57775941e-01 -1.19290091e-01
  -4.17728153e-02  6.45631365e-02 -2.86823300e-01]
 [-1.56672724e-01  4.52546202e-02 -2.20069186e-01 -1.81864760e-02
   1.47790729e-01  1.98144758e-01 -3.50828235e-01  1.50993084e-01
  -7.22792969e-02  4.70929928e-01 -2.24741164e-01  5.00665210e-02
   3.35721998e-01 -1.71283502e-01 -1.72927081e-01 -6.63356157e-02
   2.07809401e-01 -2.96405592e-01 -1.01364335e-01]
 [-2.09759257e-02 -2.87304611e-01  1.34845416e-01 -3.17651810e-02
  -3.00001276e-02  6.40931202e-02 -1.62037874e-01  8.54187378e-02
  -4.32454381e-02 -2.42130103e-01  7.97728754e-02 -1.94914301e-01
   1.51477091e-01 -1.88897229e-01 -5.16158982e-01 -2.27431131e-03
  -9.65005105e-02 -1.35644726e-01 -2.47325657e-01]
 [-1.67735407e-01 -1.83737314e-01 -3.34386117e-01  1.77535087e-01
   1.37528963e-01 -3.94749430e-01 -5.99555712e-03 -1.93362998e-01
   1.14211361e-02 -7.99554842e-02 -1.65250103e-01  3.17376830e-01
  -2.85432818e-01 -1.58577280e-01  1.55643419e-01  8.85724477e-02
  -1.17433352e-01 -3.94281372e-06 -3.97726689e-01]
 [-1.81847600e-01 -2.92066873e-01 -1.22850497e-01  1.54907815e-01
  -4.77603085e-01 -6.57954762e-02 -4.26948167e-02  3.44774109e-02
  -2.44658341e-01  1.30340646e-01  3.78119265e-01  5.13394126e-02
   1.00234821e-01 -2.11613026e-01  1.47083752e-01 -3.29453373e-01
   3.25283830e-02  1.92910966e-01  1.70399688e-01]
 [-1.82090741e-01  2.49945991e-01 -5.16558814e-02  8.45926372e-02
   2.54876814e-01 -3.69980438e-01 -2.91778177e-01  3.08948042e-01
   1.57819494e-01 -9.73695527e-02  1.04257049e-01  7.10707114e-02
  -7.55415752e-02  4.09871529e-02  1.77492446e-01 -2.74375330e-01
   2.19168987e-01 -2.45050444e-01  2.71305033e-01]
 [-3.48213378e-01  4.38596974e-01 -1.18347155e-01 -2.12843548e-01
  -2.77758302e-01  4.40021238e-02  2.24359302e-01 -1.21597314e-01
   1.22078331e-01 -6.23804792e-02 -8.01950205e-02 -1.20414567e-01
  -2.30782488e-01 -8.91311710e-02 -2.93551958e-01 -3.22663518e-01
   2.54530733e-01  1.78968776e-01 -2.67153512e-02]
 [-3.05762649e-01 -9.48994439e-02  3.59422142e-01  1.12657820e-01
   1.86590935e-01  1.58457572e-01 -2.96052129e-02  8.94632795e-02
   2.01784382e-01 -1.57191429e-01 -3.85255603e-02  2.36216234e-01
   4.89839535e-02 -5.16833450e-01  4.65189027e-02 -5.31975039e-02
   7.32129938e-02  2.85646542e-01 -1.41078182e-01]
 [-1.35032227e-01 -2.25747598e-01 -2.74970592e-01  2.93600238e-01
   6.26830390e-05  9.23432872e-02 -2.09968445e-01 -1.75294090e-01
   4.05039233e-01 -9.25599346e-02 -1.43687932e-02  8.93359712e-02
   1.20946706e-01  4.85769513e-01 -2.99963939e-01 -2.40164985e-01
  -1.50498092e-01  1.71493251e-01  5.08828905e-02]
 [-9.37576594e-02 -1.95692755e-01 -5.09078037e-01 -1.96893135e-01
   4.44968679e-02  2.55229145e-01 -1.60846322e-01 -4.01694972e-02
  -2.17233710e-01 -2.73554761e-01 -1.15227066e-01 -1.41223529e-01
  -1.44479314e-01 -2.55155492e-01  1.06839272e-01  1.40638387e-01
  -9.42266877e-02 -1.57485788e-02  4.13107391e-01]
 [-1.91974594e-01  1.79112353e-02 -2.00911601e-01  1.00768054e-01
  -7.42077305e-02 -2.78781670e-01  3.52147683e-02  3.69188103e-01
  -9.33279223e-02 -3.82260676e-02  1.53161112e-02 -4.69756263e-01
  -1.40093232e-01  4.18852272e-03 -1.47603854e-01  1.43558278e-01
  -4.79435765e-02 -1.53095270e-02 -3.30880600e-01]
 [-3.16848385e-01  2.59206413e-01  7.22372568e-02  3.22757765e-01
  -1.13008006e-01 -5.84416250e-03 -1.31042351e-01 -9.45337057e-02
  -3.02718262e-01  1.25102163e-01 -2.92275659e-01 -1.41411477e-01
   2.90600441e-01  1.65356094e-01  1.93466682e-01  2.59747676e-01
  -7.40742291e-02  3.38302827e-01 -2.11087516e-02]
 [-1.40931975e-01 -2.66103440e-01  2.52288911e-01  3.29789589e-01
   3.83280961e-02 -1.15498329e-02  3.44218419e-01  2.96723109e-01
  -1.28110029e-01 -2.27086787e-02 -2.82137668e-01 -1.74266139e-01
  -1.12271890e-01  1.01621379e-01  1.44613117e-02 -2.42504139e-01
  -1.44483662e-01 -2.40106152e-01  2.45955893e-01]
 [-6.05420936e-02  1.90062875e-01  1.77916260e-01 -2.82801989e-02
  -4.51771912e-01  1.10295553e-01 -3.67014971e-01 -8.96611580e-02
   7.84945157e-02 -4.62921662e-02  7.78825480e-02  1.81207984e-02
  -1.32777675e-01 -1.08554269e-02  2.42249832e-01 -1.01958834e-01
  -4.07860056e-01 -4.21850207e-01 -2.23448268e-01]]
Singular Values 
[13.91140993 10.81621752 10.26453133  9.35518851  8.66458753  8.04913619
  7.91588449  7.29253544  6.619058    6.30257929  5.81159628  4.79414607
  4.49152461  3.48008252  3.26331931  2.4312955   1.88508142  1.18233011
  1.00426325]
Singular Vector V (transpose) 
[[-4.05102331e-01 -6.10045382e-03 -3.06725248e-01 -1.31149440e-01
  -2.26683647e-01 -1.48739269e-01 -6.78460269e-02 -2.70712871e-01
  -3.62743685e-01 -3.98047301e-02 -1.20807018e-01 -1.60258296e-01
  -1.86878338e-01 -3.24938997e-01 -1.38705336e-01 -4.70072246e-02
  -3.69660035e-01 -1.00611326e-02 -3.17844314e-01]
 [ 1.42495661e-05 -1.87723784e-01  6.79089408e-02  3.71874028e-02
  -3.15332629e-01 -2.28185298e-01 -2.69611924e-01  3.84575828e-01
  -2.93383449e-02 -9.21409002e-02  4.36781318e-01 -2.81565604e-01
   3.70663611e-01 -1.17288747e-03 -1.82864961e-01  5.81757030e-02
   8.11251336e-02 -2.74711175e-01 -2.25833333e-01]
 [ 2.00286453e-01 -4.19741050e-01  5.25680738e-02 -1.89504214e-01
   8.71451321e-02  1.67644926e-01  1.70692807e-01  8.79523223e-02
  -4.07880936e-01 -4.80830387e-02 -1.16293371e-01 -4.65095911e-01
  -3.05567894e-01  2.45159566e-01 -7.21075511e-02 -2.57143841e-01
   2.17592988e-01 -3.41631368e-02  2.50673945e-02]
 [-3.36728644e-01  1.44592803e-01 -2.19581324e-01  1.30767206e-01
   9.71917438e-02  1.60474559e-01  8.10631129e-02 -1.49581179e-01
  -8.58265471e-02  4.29051961e-01  2.19567958e-01 -5.98131118e-02
   3.34552138e-01  1.61984999e-01  1.84506873e-02 -5.54180017e-01
   1.16367828e-01 -1.38068586e-01  1.21583593e-01]
 [ 4.35055161e-02  2.43516735e-02 -5.03239303e-02 -2.68816566e-01
  -4.37407075e-01 -2.13654361e-01 -1.30798995e-01  6.36071501e-02
  -1.59960934e-01  1.33424655e-01  2.22565830e-01  9.27204748e-02
  -7.84900623e-02  3.73610372e-01  2.96453455e-01 -5.03275552e-02
  -2.08136366e-01  4.43991051e-01  2.94037502e-01]
 [-1.26147170e-01 -4.92967827e-02 -5.39084252e-01  1.22913506e-02
   1.11146978e-01 -2.44136843e-02  3.76287362e-01  3.20777578e-01
   3.06020377e-01 -1.39274241e-02  1.84572865e-01 -3.50062925e-01
  -8.87956320e-02 -2.03592415e-01  2.01969808e-01  1.85114681e-01
   4.51500843e-02  2.15873410e-01  9.98319438e-02]
 [ 1.76858757e-01  8.22801060e-02 -3.81437974e-04  5.16562683e-02
  -2.76598409e-01 -4.51066637e-01  2.26791520e-01 -4.50945589e-01
   9.47573850e-02  7.43049083e-02 -2.89306185e-01 -3.45280803e-01
   2.07473595e-01  4.55591782e-02  1.46978451e-01  1.45786613e-01
   2.13269983e-01 -2.13800617e-01  1.67150037e-01]
 [-8.46668631e-02 -1.61614843e-02 -8.31067687e-02 -6.08223772e-01
  -7.43808354e-02  1.51491925e-01  3.23118021e-01  3.23985834e-02
  -7.10718460e-02 -3.41007034e-01  1.73174713e-02  3.02456389e-01
   2.66186950e-01 -1.49340012e-02  2.44612054e-01 -6.07030909e-03
   3.59107232e-02 -3.69155935e-01  1.25430671e-02]
 [ 3.04829688e-01 -3.32513874e-03  3.10099095e-02  2.86914459e-01
  -1.78261443e-01  2.11723709e-01  3.10929240e-01 -1.19290351e-01
   4.51980166e-02  1.36511534e-01  2.85365451e-01  1.43199579e-02
  -2.07629699e-01  1.56579930e-01  3.11567783e-01  2.17890633e-02
  -3.70495695e-01 -2.74101762e-01 -3.95452680e-01]
 [-2.50415775e-02  2.20314128e-01 -3.12758424e-01 -2.78323124e-01
  -5.01081119e-02  9.58080152e-02 -3.17931978e-01 -2.49686185e-02
   1.79492280e-01  2.42881998e-01 -7.49053877e-02  2.41506245e-02
  -2.64945544e-01  3.26274437e-01  2.38731720e-03  2.08141180e-01
   4.20685039e-01 -1.27023347e-01 -3.89442155e-01]
 [ 2.63067620e-01  7.66302064e-02 -1.95654693e-01  1.21425000e-01
  -4.74603732e-01  9.90406836e-02  2.01049518e-02 -2.74795918e-02
   5.44280835e-02 -1.19067765e-01  1.45530621e-01  2.34250719e-01
  -3.09531032e-01 -3.75642530e-01 -2.12206692e-01 -3.14777779e-01
   3.31991015e-01 -7.38524384e-02  2.13970853e-01]
 [ 3.82684931e-01 -6.13057580e-02 -2.78839789e-01 -1.00466672e-01
   3.62546551e-01 -4.41784605e-01 -2.33899193e-01 -2.78068695e-02
   1.76096727e-01 -1.78780818e-01 -1.23726435e-02  6.68757537e-02
   1.12858587e-02 -1.33359838e-02  1.53522590e-01 -4.83749548e-01
  -1.48967770e-01 -3.49495162e-02 -1.75937467e-01]
 [-1.67982847e-02 -2.90394091e-01 -2.35157038e-01  3.17362868e-03
   2.44739531e-01 -1.03959018e-01 -4.06870154e-02 -3.91973828e-01
  -2.49304150e-02 -7.13707761e-02  4.28508016e-01  1.47061666e-01
  -1.44107628e-01  2.12281928e-01 -3.18446929e-01  3.15950720e-01
  -7.61752252e-02 -2.11468867e-01  3.24852445e-01]
 [ 8.19596405e-03 -3.49737773e-02  3.26309823e-01 -3.46390889e-01
   5.64604374e-02 -2.36582548e-01  3.97754978e-01 -1.65602220e-01
   1.84655900e-01  2.43817547e-01  2.93017320e-01  7.08313408e-02
  -2.73665930e-02 -1.21698808e-01 -3.13067843e-01 -9.49293308e-02
   1.36194745e-01  3.14717980e-01 -3.20706546e-01]
 [ 5.38972051e-02  2.20930720e-01  2.85898435e-02 -2.44651155e-01
  -8.32999714e-02  2.88992646e-03  8.12103063e-02  2.67225225e-01
   3.27925374e-01  1.84128168e-01 -2.02109633e-01 -1.53628130e-01
  -1.31901797e-01  1.38798051e-01 -4.32892305e-01 -1.08617301e-01
  -4.54753038e-01 -3.02989804e-01  2.49627191e-01]
 [-3.03824856e-01 -5.56286486e-01 -2.51472126e-02  1.28990914e-01
  -2.79456445e-01  9.72423940e-02  4.88122113e-03 -1.17951627e-01
   5.00708629e-01 -1.78862498e-01 -2.35054931e-01  1.06630905e-01
   4.38060637e-02  2.57221884e-01 -4.04449374e-02 -1.86431780e-01
  -2.42628327e-02  1.13812132e-01 -1.10172192e-01]
 [-5.80787099e-03 -4.01343541e-02 -2.35963946e-01  2.77026825e-01
  -1.81532553e-02 -3.59090269e-01  3.62777504e-01  3.51436565e-01
  -3.07702619e-01  9.90184621e-02 -2.45710355e-01  4.20154732e-01
   3.45999278e-02  2.50847494e-01 -2.18983149e-01  6.42831509e-02
   7.62680865e-02 -2.35040459e-02 -1.32575102e-01]
 [ 8.80229394e-02 -5.01110055e-01 -5.71756203e-05 -1.37712616e-01
   1.06468546e-03 -2.41468823e-02 -1.46318249e-01  1.02478667e-01
  -1.01689716e-04  6.28806605e-01 -1.32790841e-01  1.84085226e-01
   5.73169610e-03 -3.79752911e-01  2.04064332e-01  1.04190772e-01
  -2.93069335e-02 -1.82962971e-01  1.08096343e-01]
 [ 4.62159925e-01 -5.34753322e-02 -3.41408720e-01 -8.10408619e-02
  -8.36313839e-02  3.66790347e-01 -9.38828538e-03 -1.43454263e-01
  -6.84094367e-02  6.57267578e-02 -1.15464164e-01 -3.37494151e-02
   4.93088125e-01 -6.42510777e-03 -2.96544687e-01  1.25703531e-01
  -1.36675726e-01  3.13039200e-01 -1.05652570e-01]]

Kinase TBK1
Singular Vector U 
[[-0.05889308 -0.29112956 -0.15725342 -0.04839798 -0.05268624]
 [-0.17683972  0.05065202  0.28979997  0.0394287   0.44501532]
 [-0.04008288  0.35430725 -0.28114722  0.35420131 -0.14077673]
 [-0.1254503  -0.19725891 -0.20172448 -0.17708607  0.01809604]
 [ 0.13678573  0.08195976 -0.03814593 -0.1744277   0.56359171]
 [ 0.28577016 -0.07575024  0.06922887  0.42874332 -0.13859256]
 [-0.2181916   0.19886489 -0.25712722  0.10724375 -0.05661264]
 [ 0.24978473  0.04021595 -0.05035628 -0.11816547  0.19358635]
 [ 0.27997431 -0.12950493  0.21037926  0.26738834 -0.11554347]
 [ 0.36241782  0.2536018  -0.0017715  -0.12829565 -0.05450905]
 [ 0.03016236 -0.02399177 -0.07773636 -0.42536175 -0.33601776]
 [ 0.00268391 -0.25787005  0.36925282  0.10284568  0.03034862]
 [-0.29849774 -0.05864133 -0.09360613  0.1476077  -0.12494316]
 [ 0.2815002  -0.12221774 -0.4178225  -0.05311876  0.13560054]
 [-0.29771251  0.34106621  0.16227075 -0.11900121 -0.12419415]
 [-0.01679704 -0.0123111  -0.44370553  0.21876348  0.18471005]
 [ 0.22420297  0.07184922 -0.00104074  0.344367    0.1339219 ]
 [ 0.29453394 -0.02193321  0.02682498 -0.19735745  0.09186442]
 [ 0.03245931  0.26443575  0.16277224  0.0651292   0.06579776]
 [ 0.10035133  0.56419888  0.00781851 -0.06474378 -0.00208387]
 [-0.29172549 -0.09452745 -0.14563263  0.17094562  0.32080501]
 [-0.17485928  0.03948422  0.22710731  0.09246316  0.13926847]
 [-0.07623549  0.08495319 -0.05824444 -0.17244208  0.18656258]]
Singular Values 
[9.82744387 8.88835204 6.70988077 5.65923064 4.17965859]
Singular Vector V (transpose) 
[[ 0.72035993  0.35359231 -0.3119679  -0.42162304 -0.2845419 ]
 [ 0.30676462  0.34277316  0.58217837  0.59251459 -0.3136827 ]
 [-0.34457529 -0.21001024 -0.10680063 -0.07462756 -0.90564227]
 [ 0.51769217 -0.83028042 -0.00419187  0.20536886 -0.02086367]
 [-0.01548299  0.15494889 -0.74318264  0.65070334  0.0039819 ]]

Kinase PRKG2
Singular Vector U 
[[ 0.21773254  0.20357281 -0.13766529]
 [-0.10117422 -0.23129053 -0.24429413]
 [ 0.02284841 -0.1566898   0.00589465]
 [ 0.12204243 -0.02602656  0.48282958]
 [ 0.32738454 -0.20998756 -0.10607881]
 [ 0.04333011  0.10845791  0.18302462]
 [ 0.33937215  0.03360204 -0.2002401 ]
 [ 0.18881364  0.06475132  0.25572625]
 [ 0.14701172 -0.15544578 -0.00863058]
 [ 0.25215291  0.45248837 -0.0065942 ]
 [ 0.19527993  0.17310492 -0.11540329]
 [ 0.31676586 -0.20809149  0.079277  ]
 [ 0.34499456 -0.12898074  0.05794147]
 [ 0.08050389 -0.376809    0.26201189]
 [ 0.04542308  0.09511856  0.4015671 ]
 [ 0.28987839 -0.04817167  0.05477307]
 [ 0.15679278  0.03691467  0.23511631]
 [ 0.09038405  0.01531438 -0.24125949]
 [-0.19222022 -0.02654173  0.1016942 ]
 [-0.08240655 -0.04287778 -0.28058051]
 [-0.07209825 -0.49033166  0.07356272]
 [-0.04621396 -0.27958571 -0.08487924]
 [ 0.38466594 -0.15412625 -0.25848295]]
Singular Values 
[10.04815329  7.05846441  5.94097453]
Singular Vector V (transpose) 
[[ 0.39121206  0.45891411  0.79771609]
 [-0.89964522  0.37331629  0.22643639]
 [-0.19388556 -0.80624611  0.55890572]]

Kinase BRAF
Singular Vector U 
[[-0.10464957  0.22948673 -0.00364012]
 [ 0.46592163  0.0261186   0.08026458]
 [ 0.20028515 -0.07903636  0.08900276]
 [ 0.43411292 -0.04517613  0.04079673]
 [ 0.01568731  0.25871976  0.14807592]
 [ 0.27928221 -0.16103862  0.12101355]
 [ 0.0012719   0.05289566  0.26148895]
 [ 0.15652601 -0.10718094 -0.08628444]
 [ 0.28337471  0.39704304  0.30466968]
 [-0.08660936 -0.30043078  0.00533302]
 [-0.15057715 -0.07975048  0.08197709]
 [ 0.02093016  0.20629173 -0.20717002]
 [-0.04138052 -0.22092822 -0.09242965]
 [-0.31894676  0.20994875  0.09954571]
 [ 0.09330859  0.30181888 -0.13224653]
 [ 0.01780069  0.31695092  0.07730229]
 [ 0.07879112 -0.17300182 -0.24602189]
 [-0.13052156 -0.19624985  0.13067725]
 [ 0.14636206  0.01189648 -0.44766152]
 [ 0.07414423 -0.02653025  0.31809786]
 [ 0.124581    0.35432868 -0.45636703]
 [ 0.38889864 -0.20491494  0.03732557]
 [ 0.01866208 -0.11456221 -0.31353261]]
Singular Values 
[8.35786385 6.36074334 5.46879853]
Singular Vector V (transpose) 
[[ 0.6002084  -0.26956071  0.75305173]
 [-0.18772177  0.86772622  0.4602301 ]
 [ 0.77750268  0.41759818 -0.47021415]]

Kinase PLK1
Singular Vector U 
[[-0.1799873  -0.11630988 -0.27049946 -0.09862905 -0.05790088  0.37187813
   0.12960273  0.38521111 -0.15963078  0.01909844 -0.36513133  0.02965372
   0.02338789 -0.17842954  0.06625678  0.08840005 -0.01274542  0.07616734]
 [-0.29073075  0.11756227  0.14873689  0.09941277  0.29834165 -0.34560971
  -0.28245549  0.33969984 -0.1172049  -0.26621593  0.02525179 -0.29223189
   0.03316759 -0.01778621  0.33590121 -0.26695893  0.12362479 -0.23441056]
 [ 0.10392107 -0.10551429  0.14707801 -0.09289359  0.21481752  0.15293802
  -0.02313457 -0.29252542 -0.36261397 -0.09138181 -0.06808964  0.12877137
  -0.05304461 -0.31507002 -0.23242948 -0.30564763  0.06840095 -0.00206645]
 [ 0.00679601  0.56354967  0.26333635 -0.21888519  0.06529614  0.13647101
  -0.0069313  -0.16357397 -0.19043966  0.01199345 -0.06728077  0.04059844
  -0.18794988  0.21216402  0.28450261  0.33280956  0.12561426  0.22097652]
 [-0.29074934  0.11966836 -0.19422084  0.05660145 -0.22022895  0.03543191
   0.31462646 -0.18410138 -0.10687458  0.02261495 -0.17642859 -0.12135384
   0.15526968  0.07841904  0.14459608  0.05748598 -0.08075125 -0.52282556]
 [-0.00652796  0.40723479 -0.0377653   0.17242958  0.16309013  0.11694418
   0.0081217   0.25685944  0.06152019  0.09036288 -0.07053854  0.18021975
  -0.07700653 -0.31273825 -0.18144133  0.15367011  0.20531574 -0.10419792]
 [-0.26446578 -0.14154255 -0.2844668  -0.25873422  0.29350111  0.16014552
  -0.11707123 -0.14614777  0.06996308  0.10814173  0.00115921 -0.09914494
   0.23129323 -0.18214608  0.08853067 -0.04696234 -0.17026687  0.10186975]
 [-0.30317093  0.08711023 -0.11217711  0.16224029  0.30711769  0.19091522
   0.09979723 -0.30846316  0.35412281  0.0417487   0.04764468  0.05000882
  -0.28237786 -0.13837537  0.00083471  0.00333826  0.30457547 -0.22113131]
 [-0.19414406  0.08289548  0.02144078 -0.20285975  0.0482687   0.05925397
  -0.19288132  0.44103177  0.21018032  0.13802146  0.04272015  0.29966781
   0.24075627  0.2450205  -0.24251863  0.11905321 -0.02685986 -0.05737783]
 [-0.14343349  0.20197015 -0.1750615  -0.33067733 -0.03575038 -0.29111678
   0.17585999  0.00384663  0.16208191 -0.00592429 -0.14903313 -0.04955583
  -0.08637912  0.11734967 -0.36268883 -0.44647967  0.3141559   0.25516018]
 [-0.09465897  0.09439726 -0.08115374  0.23056505  0.17274505 -0.16388397
   0.24348172  0.1308293  -0.06985505 -0.14939694  0.20466172 -0.41515053
  -0.13924295 -0.17838316 -0.41265745  0.34921661 -0.29396394  0.20846329]
 [-0.21142321 -0.18617503  0.37591044  0.06216135  0.13683575  0.28630267
  -0.00380692  0.16452041 -0.0340705  -0.30922608 -0.06258892  0.23405201
  -0.18584666 -0.08004673  0.01709266 -0.11281571 -0.13605731  0.11466183]
 [-0.32388009 -0.02884593 -0.18472615 -0.16525031  0.02468882 -0.20119164
  -0.18689745 -0.27702856  0.12143718 -0.43455209 -0.1543472   0.22379645
  -0.14266019  0.1457934   0.01384564  0.2297768  -0.29409833  0.14902312]
 [-0.34531155 -0.01214994 -0.10243318  0.10830037 -0.17351375  0.18761407
  -0.20660239  0.02541999 -0.13338583  0.46078513  0.27853262 -0.19453487
  -0.34473681  0.09444939  0.15097509 -0.19713883 -0.07382452  0.30924385]
 [-0.2250314  -0.14326627  0.41147388 -0.08730311 -0.06373101 -0.07287203
  -0.06938318 -0.08776754 -0.10378415  0.21595425 -0.55068904 -0.36938769
   0.07485911 -0.02286977 -0.20279212  0.18568506  0.12588675  0.04281784]
 [-0.06109857  0.34730689  0.19836776 -0.35655621  0.09103816  0.09782591
  -0.06480458 -0.11404671 -0.08790343  0.14556005  0.25574515 -0.06181374
   0.22342762 -0.14053167 -0.17593972 -0.1365038  -0.41978288 -0.23119385]
 [-0.14843528 -0.16251795  0.20737416 -0.15025335 -0.31471907 -0.35774799
  -0.16838382 -0.01927042  0.19857302  0.22434051  0.11353787  0.20164368
  -0.19845227 -0.49610878  0.0387444   0.21302659  0.02551069 -0.13265661]
 [-0.16092054 -0.22103019  0.18014022 -0.18881562  0.11763826 -0.11720663
   0.51452346  0.14982608 -0.19071405  0.12492774  0.14755516  0.18465737
  -0.34326145  0.29011402 -0.0511473  -0.03403102 -0.0979412  -0.23749888]
 [-0.2129633   0.24454638 -0.08036091  0.15260399 -0.55539601  0.06486576
  -0.12462366  0.00458792 -0.29394242 -0.28725285  0.04043311  0.133845
  -0.05637535 -0.09456472 -0.21144914 -0.17197874 -0.0043106  -0.06509744]
 [-0.21238123  0.0827199   0.2851645   0.04105034 -0.17609092  0.02425991
   0.48168398 -0.0027336   0.26544309 -0.12071311  0.1516086   0.01955066
   0.3876288  -0.21646755  0.27077227 -0.11583095  0.02480601  0.35786142]
 [-0.06005642 -0.1524737  -0.2041405  -0.36120675  0.02477008 -0.07292066
   0.04901007  0.04327486 -0.40615378 -0.13998576  0.35200057 -0.00272737
   0.12517487 -0.15048818  0.08718889  0.29087087  0.45132348  0.04912364]
 [-0.30429793 -0.10918297  0.10554527  0.41635239  0.12255592 -0.06349232
  -0.08570479 -0.21389887 -0.20445097  0.14438829  0.15413055  0.25220183
   0.39400363  0.24845546 -0.23432011  0.10784002  0.19053742  0.08664942]
 [-0.0278307  -0.16032084  0.18098172 -0.17121237 -0.19604633  0.42392131
  -0.12520342 -0.01513357  0.28384858 -0.29779568  0.26768134 -0.36290794
  -0.03627993  0.18529437 -0.21329108  0.09413803  0.23332189 -0.18050213]]
Singular Values 
[13.98062598 10.96209358 10.51496496  9.50715939  8.75321522  8.52134547
  8.05624481  7.06183139  6.18759176  5.66389289  5.38036312  4.06507209
  3.91693982  3.25424363  2.89715751  2.23460283  1.54034338  0.77902428]
Singular Vector V (transpose) 
[[-0.21758489 -0.27334613 -0.11285436 -0.18821638 -0.13148818 -0.00200109
   0.03076702 -0.21784158 -0.12448481 -0.2675081  -0.2926429   0.04081757
  -0.39460811 -0.52812296 -0.02039959 -0.21970466 -0.01119535 -0.32600376]
 [ 0.18216991  0.22739505  0.28889223  0.16965138  0.19713378 -0.1495278
   0.0078426  -0.20512781  0.02294404  0.4509754  -0.36178932 -0.24491737
  -0.2059465  -0.12784021  0.01052655 -0.1641667   0.46764626  0.01460139]
 [-0.27793643  0.28268618  0.22513061 -0.20190912 -0.15823106  0.18907041
   0.5797425   0.18286161 -0.27439922  0.20161735 -0.01668777  0.36923409
   0.00919389  0.11949514 -0.09120635 -0.09662201  0.11181119 -0.15487998]
 [ 0.08874786 -0.09873893 -0.12671259 -0.35763401 -0.30106758 -0.37364146
  -0.23999307  0.21594597 -0.01925427  0.4069395   0.072155    0.09290289
   0.16290763 -0.16969812 -0.33926925 -0.34283715 -0.0524302   0.18276576]
 [-0.12169118  0.30615377 -0.15730242 -0.12815701  0.00125231  0.22256141
   0.01964889 -0.23902599  0.32017875 -0.00920761  0.1950983  -0.00111409
  -0.34900949  0.14022348  0.18092893 -0.52009125 -0.16215804  0.36273785]
 [ 0.25735622  0.13649462 -0.15476788 -0.04178543  0.60373245  0.06228731
   0.35854869  0.08369406 -0.06294978 -0.0815532  -0.01046791 -0.05494496
   0.1943203  -0.39578259 -0.26731492 -0.11503716 -0.27588304  0.12866548]
 [-0.05100887  0.30558488 -0.32626763  0.14723724 -0.24867946 -0.28871798
   0.12173186 -0.48146306 -0.18624264 -0.06264757 -0.34181497  0.12467214
   0.08942836  0.09616007 -0.18413358  0.25308192 -0.16061676  0.26846324]
 [-0.27014744  0.12856917 -0.1364301   0.00696253  0.12155321  0.06015119
  -0.12658766  0.39324947  0.47731841  0.09475331 -0.27044272  0.28414971
  -0.27152222 -0.17705655 -0.14749589  0.39144524  0.05936855  0.16879571]
 [-0.04906984  0.25690361 -0.25092136 -0.268441    0.28136075 -0.49165134
   0.00928374 -0.02032048  0.23668935 -0.00789462 -0.0010882   0.07057476
   0.08411961  0.21610301  0.23995093 -0.04299134 -0.01341996 -0.54839675]
 [ 0.28741981 -0.08856272  0.19487514  0.11757341  0.12738884 -0.02557851
  -0.10483321 -0.22613257 -0.05408857  0.28321007  0.22108544  0.36728277
  -0.45266073  0.11369142 -0.23964846  0.14221931 -0.40406836 -0.23037621]
 [-0.06737563 -0.23169938  0.08197547 -0.26953522  0.28296537 -0.15944716
  -0.04241977  0.23685928 -0.39054676  0.00578261 -0.38375438 -0.07345887
  -0.24704909  0.34441906  0.25382925 -0.00650302 -0.23364924  0.3083294 ]
 [ 0.04256838  0.08995097 -0.36354242  0.27514961  0.0231427  -0.28888878
   0.09106693  0.25951857 -0.36453741 -0.07928792  0.43238997  0.03880484
  -0.38925689 -0.10466614  0.10244632  0.03062538  0.32865002  0.11414922]
 [ 0.3694024  -0.22174375 -0.21470991  0.18676491 -0.31558587  0.00255112
   0.42472067  0.16275909  0.23062627  0.27251953 -0.18236887  0.00964824
  -0.01828262 -0.09367622  0.45337143  0.00455621 -0.224488   -0.03214591]
 [ 0.11622722  0.45564427 -0.09488425  0.2918215  -0.15376866  0.2235884
  -0.3708264   0.35869837 -0.23568749 -0.06119913 -0.26217943 -0.08488194
  -0.01337197  0.01720107 -0.0202629  -0.23753672 -0.26612374 -0.28554453]
 [ 0.28041606  0.22696826 -0.20397457 -0.54026291 -0.03978437  0.36070233
  -0.19062363 -0.14016964 -0.21975498  0.18716949  0.07936487 -0.04230623
  -0.02380081 -0.18304027  0.25324959  0.38223121  0.11382345 -0.00366411]
 [-0.41830748 -0.00963849  0.05477881  0.25440858  0.19290812 -0.02567542
  -0.21715721 -0.13968899 -0.17775148  0.32058133  0.10158535  0.2833777
   0.2880914  -0.33760933  0.43979797 -0.04567678 -0.17272476  0.07313547]
 [-0.40603225 -0.14819558 -0.35952366  0.06879253  0.05873437  0.17510701
   0.10592758 -0.03349343 -0.0549624   0.43773853  0.08808663 -0.53639566
  -0.07168704  0.13984585 -0.23152624  0.10365689 -0.13597126 -0.18730424]
 [ 0.13383064 -0.30930479 -0.44104028  0.10772376  0.21348814  0.31497742
  -0.10827547 -0.09678945 -0.05751228  0.0717659  -0.20087705  0.41254058
   0.14216207  0.28186291 -0.09564226 -0.24179883  0.35447605 -0.04995773]]

Kinase RPS6KA3
Singular Vector U 
[[-8.97468436e-02  3.38456390e-01 -2.25952946e-01  1.32966106e-01]
 [ 2.51833525e-01  1.13233800e-01  1.84606728e-01  1.50699174e-01]
 [ 1.59586760e-01 -1.48709124e-02 -2.16497038e-01  1.11222230e-01]
 [ 2.03299711e-01 -2.43269112e-01 -8.42625276e-02 -8.86125657e-03]
 [ 3.54467971e-01 -4.36179915e-02 -1.78040911e-01 -8.03548200e-03]
 [ 2.73776671e-02  4.63050383e-01  8.35598939e-02 -1.03625732e-01]
 [ 1.94996854e-01  1.44088561e-01  1.97421394e-01  5.04652875e-01]
 [ 4.52923827e-01  6.17612165e-02 -1.53742508e-02 -3.03781934e-02]
 [ 4.43311773e-02  1.45421634e-01  2.37731288e-01  1.43294487e-01]
 [ 7.64336133e-02  1.35756866e-01  3.38877638e-01 -2.09422804e-01]
 [-8.19312948e-02 -5.34773144e-02 -2.28387673e-01  2.04174288e-01]
 [ 1.32495702e-01  2.80615303e-01  1.35408697e-01 -4.15309176e-01]
 [ 4.49048387e-02 -2.10806444e-01  4.10630116e-01  8.23355211e-02]
 [-9.43048400e-02  1.18417742e-01 -2.84198781e-01 -7.57024200e-02]
 [ 4.32293096e-04  2.95651304e-01 -4.60970997e-02 -5.22874981e-02]
 [ 2.41710650e-01 -3.24674446e-01  2.52982836e-01 -1.94671908e-01]
 [ 1.16237685e-02  2.04395184e-01  1.30386424e-01  3.40707065e-01]
 [ 2.85203588e-02 -1.88845948e-01 -3.34950979e-01  8.28180178e-02]
 [ 9.58113299e-02  3.04064881e-01 -1.16923852e-01 -1.18398671e-01]
 [ 3.60653907e-01  1.04677152e-01 -1.29536480e-01  3.04623083e-01]
 [-2.70601671e-01 -7.14689996e-02  2.07797962e-01  3.42976953e-01]
 [ 3.17651452e-01 -1.16368117e-01 -1.50126379e-01 -1.51226972e-02]
 [ 2.76458447e-01 -1.89860878e-02  1.66894175e-02 -3.79995232e-02]]
Singular Values 
[9.26820329 7.68892654 5.5939316  5.35940106]
Singular Vector V (transpose) 
[[ 0.04191578  0.7500522   0.62203973  0.22075175]
 [-0.30315298 -0.53031161  0.74995686 -0.25383573]
 [ 0.80471578 -0.35219466  0.21986317  0.4243249 ]
 [ 0.50869819  0.17930481  0.04786928 -0.84070474]]

Kinase ATR
Singular Vector U 
[[-0.23119183  0.20552111 -0.05183495 -0.17326336  0.08169222  0.12198216
  -0.1893515  -0.18318405 -0.11963024 -0.21286131]
 [-0.14441127 -0.27873253 -0.26638494 -0.05708692 -0.1572532  -0.14712731
   0.22423096 -0.36523263  0.19691667 -0.15051951]
 [-0.18439504  0.13729132 -0.04176182 -0.04729934 -0.6721425  -0.17750401
  -0.09811857 -0.08085063 -0.27002088  0.20902921]
 [ 0.04355493 -0.12341909  0.2805935   0.05768275  0.04974584 -0.05015642
  -0.07043457 -0.12620557 -0.09900945 -0.3632741 ]
 [-0.48602534 -0.19108608  0.05681236  0.08413005 -0.00092854  0.06629758
  -0.00915256  0.04574633 -0.24231289 -0.07443494]
 [ 0.02019214  0.03062834 -0.290358    0.1463631  -0.14983868  0.20672824
   0.10465318  0.21676231  0.00926681 -0.05824033]
 [-0.03213468  0.12669573  0.08657249  0.07053896 -0.06770943  0.00184538
   0.05933096  0.01409357  0.45726525  0.17567316]
 [-0.06116665  0.09513863 -0.11933532 -0.16747678  0.24748531 -0.16985312
  -0.34223434 -0.27036571  0.13051764  0.16353969]
 [-0.25736772 -0.22967741 -0.36651991  0.1751483   0.13577601 -0.35415669
   0.21128193 -0.19345827 -0.04859787 -0.08629211]
 [ 0.19356818 -0.306334   -0.13588375  0.22405301  0.0132009   0.26564059
  -0.07455079 -0.19268629 -0.27270154  0.2200769 ]
 [ 0.17257186 -0.37594734 -0.2703841   0.0549549  -0.02103255  0.22072022
  -0.41023673 -0.15425426  0.38607677  0.02973173]
 [-0.20569952 -0.08999716 -0.11734619  0.16969884  0.3193209  -0.42208832
  -0.21317236  0.46645085  0.02797155 -0.02453798]
 [ 0.11812654 -0.34627363  0.21945956 -0.12216067 -0.13311044 -0.25335055
   0.17042413  0.18231333  0.1983762   0.39804648]
 [-0.39704619 -0.20190257 -0.01387078  0.09573776  0.03015884  0.29350917
   0.04490043  0.12684546  0.02606683  0.0196578 ]
 [ 0.06229559 -0.20498808 -0.01934965 -0.45510865  0.01772536  0.13263684
  -0.14764068 -0.08972748 -0.14589889 -0.11980114]
 [-0.01557496 -0.2392954   0.30828916  0.26522387 -0.05906052 -0.13533242
  -0.51389734 -0.01471722 -0.21390051  0.17888252]
 [-0.07655554  0.16500889 -0.16664289 -0.06652236 -0.14321417 -0.26835057
  -0.07907011 -0.24651069 -0.05215526  0.25489821]
 [ 0.10168692 -0.20566594 -0.11638171  0.13398219 -0.42716851 -0.00497735
  -0.0215556   0.25427552  0.0780438  -0.30667418]
 [ 0.12634364 -0.33470047 -0.02957104 -0.48783392  0.08369939 -0.05661442
   0.17487085  0.17175669 -0.32350317  0.06141329]
 [ 0.01037404  0.03631409 -0.24114937 -0.39689246 -0.10803697 -0.15356152
  -0.29146902  0.29723135  0.12543149 -0.16366067]
 [-0.13093418 -0.15450728  0.47788881 -0.08437931 -0.15642539 -0.15912063
  -0.01924956 -0.19355078  0.26684269 -0.35373738]
 [-0.31022832  0.07238311 -0.04451234 -0.1011791  -0.16676767  0.2634063
  -0.21759474  0.18401836  0.11627549  0.03853515]
 [-0.3888639  -0.12438236  0.14984255 -0.2239243   0.09312652  0.22545596
   0.12940524 -0.00968025  0.17807038  0.33330956]]
Singular Values 
[12.06854086  9.32879284  8.9674035   8.2898934   6.96734262  6.01937558
  4.59678849  4.23395884  4.04015511  2.26140538]
Singular Vector V (transpose) 
[[ 5.95532782e-02  7.60172600e-02 -4.22709381e-01  1.53074191e-01
  -4.46469057e-01  2.43220343e-01 -4.82517374e-01 -4.69034733e-01
   8.41552533e-02 -2.64896956e-01]
 [-7.63492443e-01 -2.45589882e-01  9.88810919e-02 -1.18509174e-01
   2.42388245e-01 -2.18064698e-01 -2.64156634e-01 -1.79614456e-01
  -1.42138253e-01 -3.23102721e-01]
 [ 4.43728641e-01 -9.78514566e-02  2.17233137e-01 -2.15078431e-01
  -8.51579040e-02 -3.37897451e-01  2.18201322e-01 -3.76131043e-01
  -4.44126905e-01 -4.38542331e-01]
 [-3.63239206e-02  2.56109699e-02 -2.70661772e-01 -4.86063188e-01
  -1.65409537e-02 -4.26664519e-01  5.06586894e-02 -4.16013236e-01
   2.59423101e-01  5.13088256e-01]
 [ 1.71720159e-01 -1.03698395e-01 -2.42471800e-01  2.90063668e-01
  -3.09625859e-03 -6.77434490e-01 -1.48990416e-01  3.49413445e-01
   3.63758037e-01 -2.85121799e-01]
 [-5.88279717e-02  6.77076042e-01  2.14450341e-01  2.43980218e-01
  -2.97203491e-02 -3.27425109e-01 -3.44733341e-01 -7.94025083e-03
  -3.77326147e-01  2.51440572e-01]
 [ 9.91664629e-02  2.24235903e-01 -6.60092865e-01 -2.66477392e-01
   4.75898877e-01  9.90744617e-02 -3.43694342e-02  2.11750100e-01
  -3.57769473e-01 -1.51121252e-01]
 [-3.26565824e-01  5.60635875e-03 -2.32618547e-01 -1.67636530e-01
  -6.97816766e-01 -1.10570593e-01  2.94670617e-01  3.63152537e-01
  -3.05327967e-01  3.70364557e-04]
 [-2.51631352e-01  5.14271541e-01 -9.19817243e-02  2.14054123e-01
   8.65051634e-02  7.59856086e-04  5.98227897e-01 -2.65958907e-01
   2.93795727e-01 -3.09057007e-01]
 [-5.07154594e-02 -3.73767901e-01 -2.96673456e-01  6.25630131e-01
   1.12177712e-01 -9.43794507e-02  2.45544842e-01 -2.52187787e-01
  -3.54866926e-01  3.27084843e-01]]

Kinase MAPKAPK2
Singular Vector U 
[[-0.36997155  0.00711324 -0.14711126  0.06017442  0.15755095 -0.31840955
  -0.06229813]
 [-0.12886205  0.19760547  0.16230299 -0.03913131  0.00642048 -0.20774436
  -0.13308369]
 [ 0.08779874 -0.22060297 -0.28869492  0.21881209 -0.0965638  -0.5744227
   0.04487504]
 [-0.44364978 -0.1618876   0.02902765  0.41261549 -0.09527275  0.06169361
   0.02579793]
 [ 0.12909109 -0.24299451 -0.05973116 -0.03931671 -0.01171193  0.14027648
  -0.03844388]
 [-0.16557921  0.00915465  0.33242067  0.25308771 -0.03562437  0.0103187
  -0.29274279]
 [-0.07603744 -0.0213425  -0.02670142  0.13065131 -0.13558883  0.17971723
   0.09135531]
 [-0.48090477 -0.02660427  0.13168936 -0.06468234 -0.14126607  0.11797895
  -0.17594365]
 [-0.18985007 -0.1946845  -0.20790186 -0.10242693 -0.09417664  0.24844378
  -0.22978544]
 [ 0.01804819 -0.3195396   0.4186889   0.02478136  0.16058035 -0.17274398
   0.48856986]
 [-0.25068886 -0.04069395  0.09936068 -0.04745395 -0.45813437  0.05948008
   0.39408436]
 [ 0.16466224 -0.02430554  0.09102158  0.2230228  -0.18249765  0.26434537
   0.28632318]
 [-0.2308023  -0.06753197 -0.33474222  0.19723391  0.4486717   0.17085245
   0.18368063]
 [ 0.02528227 -0.0186715  -0.45206373 -0.04328091 -0.35652368  0.04369712
  -0.10055406]
 [-0.04730884 -0.42398449  0.05902311 -0.18912608 -0.22152829 -0.19064717
   0.05614132]
 [-0.05653662 -0.02166862 -0.15305028 -0.02987824  0.06630272 -0.1496869
  -0.01083221]
 [-0.10696501 -0.30170844  0.04781535  0.09529417  0.30230532 -0.00920323
  -0.09223481]
 [ 0.00242088 -0.07135098  0.36075914 -0.26505463  0.04066142 -0.11100976
  -0.35792358]
 [ 0.18714484 -0.53116955  0.01947044  0.17660451 -0.15938018  0.08400628
  -0.32104153]
 [ 0.26464962 -0.17019181 -0.04931692  0.06456391  0.04624035 -0.0865154
  -0.06337901]
 [ 0.06785338 -0.03965913  0.03767333  0.27898063  0.25330923  0.08185548
  -0.05158583]
 [ 0.20869133  0.02283719  0.10468839  0.30363938  0.0151418   0.28900495
  -0.11786815]
 [ 0.1025325   0.29836082  0.08986372  0.51440531 -0.2688445  -0.28927693
  -0.11441526]]
Singular Values 
[9.48111899 8.41764833 8.03186439 6.63444685 5.70241692 4.29229202
 3.40547534]
Singular Vector V (transpose) 
[[ 0.27610228 -0.5386489   0.39408968 -0.43077816 -0.1153128  -0.48863159
  -0.20171894]
 [-0.55404584  0.01572022 -0.29693149 -0.57900037  0.06383259  0.13113725
  -0.49810117]
 [ 0.14071395  0.1455978   0.11355679 -0.64230568 -0.18328964  0.37182922
   0.60141256]
 [-0.2765008   0.20879868  0.80123932  0.12946344 -0.23681232  0.31000965
  -0.26271493]
 [ 0.44402596  0.40454368 -0.24631436 -0.0451647  -0.65744191 -0.04296215
  -0.3773581 ]
 [-0.55890814  0.10188864 -0.03709209  0.06003574 -0.48177337 -0.55027561
   0.37060957]
 [ 0.10492983  0.68613246  0.19899459 -0.21030273  0.47813989 -0.45280265
  -0.02716431]]

Kinase ABL1
Singular Vector U 
[[ 0.24002871 -0.04503461  0.28124513]
 [ 0.06782153  0.006603    0.16263911]
 [ 0.34455406  0.06140175 -0.21372896]
 [ 0.27178233 -0.20009554  0.27480999]
 [-0.12373312 -0.24299179 -0.08078436]
 [ 0.16829428 -0.21644455  0.06327816]
 [ 0.11114976  0.37623003 -0.04483088]
 [ 0.18005482 -0.10371942  0.38122862]
 [ 0.29937976 -0.23838196 -0.17490452]
 [ 0.27262517  0.05664073 -0.27656476]
 [ 0.1676808   0.22174384  0.01142361]
 [-0.06025823  0.27136663  0.0363618 ]
 [-0.04822712 -0.25037011 -0.2994246 ]
 [-0.20402769 -0.18233188  0.22000464]
 [ 0.24120802 -0.03553205  0.27935297]
 [ 0.15415967  0.35747765  0.15506356]
 [-0.19466609 -0.09269026  0.1386377 ]
 [ 0.08780809  0.10044781 -0.40197598]
 [ 0.15229202  0.3366338   0.0647803 ]
 [ 0.2130957   0.05391951  0.17068566]
 [-0.26777504  0.38774399  0.05886292]
 [ 0.25963329 -0.0456322  -0.21991122]
 [ 0.28613891 -0.02746068 -0.02721311]]
Singular Values 
[10.3140796   6.36498033  5.48964371]
Singular Vector V (transpose) 
[[ 0.43721525 -0.07034158  0.89660185]
 [-0.16778626  0.97305384  0.15815811]
 [-0.88356697 -0.21958661  0.41363163]]

Kinase CDK6
Singular Vector U 
[[ 0.26228465 -0.08880976 -0.24444885  0.15982982  0.24957187]
 [-0.00729606 -0.34025355  0.24165365  0.15015973  0.46884175]
 [ 0.0145636   0.12872332  0.38421016 -0.38110841 -0.01604251]
 [ 0.21676012 -0.25213864 -0.02588376 -0.23557587 -0.18891286]
 [-0.20004038 -0.01990404  0.08868987 -0.1768647  -0.20774863]
 [ 0.3625607   0.12519934 -0.13423961  0.18435612  0.072602  ]
 [ 0.33266728  0.12804986 -0.13303473  0.04238696  0.09709526]
 [ 0.11156994 -0.4015649   0.01403754 -0.12637002  0.20843345]
 [ 0.00213677  0.30732954 -0.12975771 -0.32227085  0.16089792]
 [ 0.20662064  0.01451443  0.11422029 -0.21444662 -0.00187791]
 [-0.07595503 -0.06657745 -0.41655358 -0.22535145 -0.20712344]
 [-0.09179662  0.21437642  0.09191332 -0.30043921  0.35764224]
 [-0.18257849  0.0398732   0.13154613 -0.05462614  0.14561369]
 [ 0.14113354  0.10739889 -0.09223374 -0.04175909 -0.31607909]
 [-0.12371918 -0.03879608 -0.00880901  0.30005017 -0.23896673]
 [ 0.21324365 -0.30754575 -0.07004455 -0.31676937  0.14212534]
 [ 0.36487633  0.0791218  -0.18099101 -0.01751333  0.04763414]
 [ 0.18796646  0.16757812  0.29368417  0.22408451 -0.1609007 ]
 [ 0.06708047 -0.3388874   0.15082202 -0.10128364 -0.32343557]
 [ 0.2817255   0.06773682  0.06860975 -0.29893489 -0.18670367]
 [ 0.17634607 -0.34405521  0.09348522  0.1193014  -0.12617335]
 [-0.11776453  0.01380715 -0.47746347 -0.02917464  0.04451433]
 [ 0.34806292  0.27544233  0.25290763  0.13005349 -0.00337583]]
Singular Values 
[12.31838257  7.76531969  6.95787871  6.10760891  3.98336102]
Singular Vector V (transpose) 
[[ 0.29405758  0.5988318   0.3087205   0.65523164  0.17405104]
 [ 0.75737576 -0.21384473  0.4889983  -0.37617605  0.00496175]
 [ 0.2287822  -0.12705173 -0.15211842  0.32327722 -0.89658708]
 [-0.51748631 -0.22639313  0.79390511  0.11628421 -0.19273485]
 [ 0.14063681 -0.72682523 -0.11021331  0.55779287  0.35870114]]

Kinase CSNK1D
Singular Vector U 
[[ 0.06592624  0.14656519 -0.16613153]
 [ 0.11903451  0.18960919  0.19921959]
 [ 0.27856298  0.02783435  0.30776267]
 [ 0.40021397  0.07834016 -0.06152901]
