Method Singular Value Decomposition(One of the PCA methods)
X = U(SIG)V*

X shape (nxm)

U shape (nxn)

(SIG) shape (nx1)

V shape (nxm)

Kinase AURKA
Singular Vector U 
[[-0.21689605  0.16563157  0.17299671  0.14362096  0.06383281]
 [ 0.2671406   0.23112001  0.15850132 -0.10228156  0.08467628]
 [-0.1421625   0.2150837  -0.27748243  0.11269861  0.15635928]
 [-0.11197899  0.27268037  0.24977317  0.25625075 -0.02345909]
 [ 0.16140812  0.15226681  0.4796928  -0.00890214  0.32335894]
 [ 0.20170604  0.03252876 -0.0827689   0.34481708 -0.20362718]
 [-0.05154953 -0.25168936 -0.10401208 -0.03825902  0.63084994]
 [ 0.38869559  0.01011255 -0.22127781 -0.0622374   0.0123954 ]
 [ 0.20265335  0.19476021  0.00335952  0.22250125 -0.11606618]
 [-0.07839573  0.44755831 -0.0010262  -0.16021394  0.02851344]
 [ 0.17444773  0.08538009 -0.19130558 -0.12105282  0.11041214]
 [ 0.31330896  0.04355321 -0.01328068 -0.00727909  0.02861045]
 [ 0.2482941   0.20846834  0.31111677 -0.19993245  0.10298912]
 [-0.30833186  0.26726922 -0.08085097 -0.00845378 -0.10030278]
 [ 0.19902414 -0.13232195 -0.00305874  0.1642672   0.16457841]
 [ 0.36371001  0.12652066 -0.2652823   0.16991262 -0.03392846]
 [ 0.07746612  0.25877773  0.18325225  0.21075659  0.23212816]
 [ 0.07681653  0.2228662  -0.14127447 -0.49945234 -0.19402927]
 [-0.12408538  0.24730885 -0.09106502  0.17993129 -0.13515464]
 [-0.1201639  -0.24704692  0.26640324  0.01826733  0.02108947]
 [ 0.09257137 -0.19541806  0.40073338 -0.06811911 -0.47248415]
 [ 0.25248476 -0.17644345  0.06826023 -0.08126049 -0.07568148]
 [ 0.09941738 -0.08280307 -0.01663963  0.49257161 -0.06478201]]
Singular Values 
[9.82351005 7.50219558 6.52004234 5.66102121 4.85852614]
Singular Vector V (transpose) 
[[ 0.28362232  0.78309481  0.38282576 -0.2612155   0.30254223]
 [-0.31978888  0.36184876  0.28885602  0.74430377 -0.35968687]
 [-0.23696241  0.36945122 -0.36442494 -0.46661546 -0.67588393]
 [-0.2659724   0.33494322 -0.71612166  0.24065404  0.49631353]
 [-0.83090369 -0.08453897  0.35266253 -0.31958412  0.27558546]]

Kinase IKBKB
Singular Vector U 
[[-0.22357701 -0.16174135  0.13919346  0.05908223  0.23451721 -0.7365643
   0.13010175]
 [-0.11171398 -0.14583677 -0.01465616 -0.19032592 -0.2712301  -0.05679618
  -0.1021228 ]
 [-0.08985694 -0.30747237 -0.19212152 -0.17328007 -0.29987029  0.09820603
   0.34465846]
 [-0.27763988 -0.11744041 -0.00344586 -0.08325679 -0.32385912 -0.0298012
  -0.20176778]
 [-0.24645538  0.13522682  0.038115   -0.00982304 -0.11727928 -0.0876489
  -0.12062378]
 [-0.21469925 -0.02196991 -0.41687671  0.00501263 -0.22020058  0.071807
  -0.40644837]
 [-0.23607935 -0.1326506   0.19901964  0.20992552 -0.26341706  0.22379817
   0.40608905]
 [-0.35111817  0.19762537  0.15981232  0.01483926  0.16274243  0.17898097
   0.30138693]
 [-0.22847389  0.07478204  0.35020358  0.04768822 -0.05338807  0.25272775
  -0.19287812]
 [-0.090734   -0.06589893 -0.07374312 -0.55119887  0.30294717  0.22398757
   0.18889111]
 [-0.09126972 -0.07446748  0.04286513 -0.13973858 -0.2522193  -0.0618016
   0.00585982]
 [-0.27894415 -0.3230199  -0.14565688  0.09776904  0.24848066  0.1328821
  -0.06409542]
 [-0.25030934 -0.13210998 -0.22908724  0.27157071  0.29178027  0.05576382
  -0.20521388]
 [-0.22723549  0.26405764 -0.21535963 -0.08210222  0.27923422  0.02999271
  -0.02730611]
 [-0.0562667   0.01069107  0.32623584 -0.25851263 -0.096944   -0.19166965
  -0.38206407]
 [ 0.14534632 -0.16358682 -0.12015773 -0.40993674  0.19375539  0.00350286
  -0.08113086]
 [ 0.14717601 -0.21288163 -0.33848273  0.02234134 -0.05060482  0.07380447
  -0.01836721]
 [ 0.13601743 -0.3681512  -0.08082083  0.30651395 -0.05299812 -0.0944776
   0.09490494]
 [-0.20878908 -0.14254246  0.14285384  0.22378958  0.16044279  0.23119966
  -0.21103963]
 [-0.29357785  0.19771896 -0.1517524  -0.17337869 -0.07881099 -0.03734312
   0.13281424]
 [-0.0874904   0.23901839 -0.10278191 -0.03480211 -0.20218149 -0.07105869
   0.0623339 ]
 [-0.28828332 -0.34533753  0.06494641 -0.16399324  0.05646974 -0.19266973
   0.07531951]
 [-0.14374383  0.34393223 -0.391046    0.16022454 -0.08421682 -0.24715766
   0.15535093]]
Singular Values 
[10.89084291  8.75069707  6.84815937  6.43636626  6.01003926  4.66808033
  3.76663186]
Singular Vector V (transpose) 
[[-0.4342184  -0.70656235 -0.0396223  -0.26699742  0.09198738 -0.09714884
  -0.4706027 ]
 [-0.16921837  0.10785129  0.37876487  0.21158568 -0.60299769 -0.62144775
  -0.14730375]
 [ 0.57679566 -0.04341653 -0.63436902 -0.06446902 -0.23736991 -0.25497224
  -0.37079124]
 [-0.1713722  -0.104298   -0.33485021 -0.16219185  0.25117838 -0.61951067
   0.61191388]
 [ 0.41654324  0.05781302  0.48964647 -0.72921186  0.13702635 -0.17786083
  -0.03514388]
 [ 0.02356773  0.27980135  0.10321113  0.34145331  0.69406015 -0.34865993
  -0.43661154]
 [ 0.49668315 -0.62828619  0.30002054  0.45292509  0.08945024 -0.04860314
   0.23031552]]

Kinase RPS6KA1
Singular Vector U 
[[-2.72788613e-01 -1.25563271e-01  3.31376972e-02 -3.24111353e-01
  -2.90290196e-01 -3.08913393e-01  3.68710425e-01]
 [-2.30950633e-01 -1.03259429e-01 -2.51946926e-01 -1.54312823e-01
   2.71828336e-01 -1.79079885e-01 -4.22205073e-01]
 [-1.39099806e-01 -3.46365503e-01 -2.79712066e-02  3.28212510e-01
  -3.93472832e-02 -6.20481297e-02 -1.30772193e-01]
 [-2.77767946e-01  2.17236241e-01 -1.86606048e-01 -2.70996594e-01
  -1.87779513e-01  5.33180008e-01 -2.33554609e-02]
 [ 5.03211541e-02 -7.80593018e-02 -1.83840383e-01  1.40447594e-01
  -4.42956534e-01  2.36340786e-01 -1.37925379e-01]
 [-3.03148087e-01 -1.32001714e-01 -1.53942456e-01 -2.82790720e-01
  -1.86085932e-01 -7.23089908e-02  1.61526848e-01]
 [ 9.39109745e-02  1.46287359e-01  3.40718306e-01 -2.25218176e-01
  -1.09256907e-02  1.80468656e-01 -1.27139192e-01]
 [ 8.15040977e-02 -1.48550681e-01 -2.99810589e-01  3.09094510e-01
   2.59118133e-01  2.48059982e-01  2.30948603e-01]
 [-2.23656421e-01  1.79287529e-01  2.84766808e-01  5.19050252e-02
  -1.09750591e-01 -8.46468993e-02  1.05643790e-01]
 [-4.63909472e-02 -4.10443565e-01  1.15366914e-01 -1.80244591e-02
   2.20760170e-01  2.62877261e-01  1.19200779e-01]
 [-2.72043035e-01 -1.32484197e-01 -6.12697827e-02 -9.75808195e-04
   9.34563897e-02  1.62576801e-01 -1.38229649e-01]
 [-1.13095797e-02  4.17638258e-01  5.53177233e-02  1.90985291e-01
  -1.01457301e-01  3.07812737e-01  2.14996720e-02]
 [-1.29090632e-01  1.46994914e-02  4.16334809e-01  1.13961290e-01
   4.53023043e-03  3.54663662e-02 -5.05619187e-01]
 [-5.82736347e-02 -5.12698240e-02  3.78550910e-01 -6.18477762e-02
   9.73194647e-02  4.03822306e-02  1.73796581e-01]
 [-3.25579202e-01  1.94405409e-01 -7.72681575e-02 -6.06722722e-02
   2.50494537e-01  2.36031379e-01  1.12139260e-01]
 [-2.35829835e-01 -7.99348573e-02 -3.27525343e-02  4.38960727e-01
  -2.83077712e-01  1.95401839e-02  1.59159030e-01]
 [-2.81626637e-01  1.68187842e-01 -1.43113448e-01  7.99564214e-02
   1.26581695e-01 -1.64981397e-01 -1.59083157e-01]
 [-4.13303795e-01  6.67238552e-02  4.18743730e-02  1.93679200e-01
   6.02149052e-02 -6.97853003e-03  1.93924763e-02]
 [-5.10852554e-02  1.82318197e-01  6.70450703e-03  2.61579525e-01
   2.19318218e-01 -9.52021277e-02  2.48151217e-01]
 [ 3.85463956e-02 -7.39482064e-02 -4.32015715e-02  1.47107980e-01
  -4.53452571e-01 -5.02017002e-02 -2.09601677e-01]
 [-6.41905617e-02 -4.77508525e-01  2.26415078e-01 -1.11907524e-01
   9.12317918e-05  3.40362988e-01  3.65141623e-04]
 [ 2.88730130e-01  1.61517303e-02 -4.81827823e-02 -4.73134922e-02
  -3.41795639e-02  1.30284383e-01  1.53065143e-01]
 [-1.27079567e-01 -9.67067164e-03  3.65682432e-01  2.06425713e-01
  -1.46561813e-02 -3.28770895e-02  1.73799536e-01]]
Singular Values 
[12.53129464  8.33394222  7.71311664  7.08196858  5.81278324  5.55442696
  3.42886913]
Singular Vector V (transpose) 
[[-0.50006556 -0.21400834 -0.42264907 -0.36707121  0.23997781 -0.52870056
  -0.23161978]
 [ 0.1158942   0.4110555  -0.54998353 -0.00461173 -0.18904984 -0.20822448
   0.66030408]
 [-0.56416831 -0.38253846 -0.06038932 -0.13636951 -0.24945543  0.5484504
   0.38743913]
 [-0.07489415  0.54409648  0.24707808 -0.75341932 -0.17404683  0.15268455
  -0.12671527]
 [-0.48378136  0.20579614  0.58339529  0.28310374 -0.14162951 -0.46566142
   0.2573058 ]
 [-0.21289197  0.32788002  0.01840315  0.09624577  0.84784933  0.29138793
   0.18388682]
 [-0.36502132  0.43931741 -0.33690162  0.43541838 -0.27430474  0.22640755
  -0.49412986]]

Kinase CDK6
Singular Vector U 
[[ 0.24339043  0.19159159  0.02049822  0.00444693 -0.25794716]
 [ 0.1677061   0.06276594  0.35003397 -0.00658676  0.3772845 ]
 [ 0.21994329 -0.23740399  0.1267241  -0.13771    -0.01926731]
 [ 0.24844238 -0.04941737 -0.33091679  0.08616032  0.02616945]
 [-0.08097899 -0.1169831  -0.15337159 -0.22640509 -0.14105253]
 [ 0.16446618 -0.12866786 -0.28963032 -0.119768    0.41196227]
 [ 0.2398348   0.28603664 -0.04768002  0.11007525 -0.08379737]
 [-0.09042836 -0.2619674   0.05068898  0.4400913  -0.0899335 ]
 [ 0.03593369 -0.0950293  -0.14457398 -0.24392851  0.163695  ]
 [ 0.20103704  0.3183279   0.17882026  0.25066675  0.2364518 ]
 [ 0.25704767 -0.16297745  0.25193625  0.19574728 -0.21783833]
 [ 0.18544445 -0.30096568 -0.106695    0.37965869  0.09960839]
 [ 0.36930062 -0.22639931 -0.02801423 -0.0818501  -0.139743  ]
 [ 0.34136276  0.25285699 -0.14009497  0.20863561 -0.09440116]
 [ 0.09177172  0.28484284 -0.09041577 -0.11877746 -0.2829947 ]
 [-0.0643295  -0.09777089 -0.09187961  0.18387939  0.02810029]
 [ 0.11576809  0.18028072 -0.16400487 -0.06212658  0.45539831]
 [-0.10897216 -0.11116478 -0.4511964  -0.0633145  -0.05159422]
 [ 0.07847269 -0.41093594  0.3693041  -0.10864959  0.11618248]
 [ 0.2420936   0.10406281  0.23785912 -0.38804726 -0.1288644 ]
 [-0.01827766  0.03863624  0.10925827 -0.29199906  0.13649051]
 [ 0.44963666 -0.22637217 -0.19734073 -0.15020111 -0.05130207]
 [ 0.05512366  0.09581044  0.01259016  0.14536282  0.27300752]]
Singular Values 
[8.69067513 7.6838304  6.44520205 5.62940706 5.3846979 ]
Singular Vector V (transpose) 
[[ 0.24942872  0.39842039  0.74645076  0.46505386 -0.07471722]
 [-0.65004921 -0.05227386 -0.09273452  0.61248906  0.43699077]
 [ 0.33206578 -0.87567316  0.23993347  0.21033868  0.14532173]
 [ 0.59020946  0.26780215 -0.34912145  0.12135681  0.66582396]
 [-0.2379211   0.00267463  0.50473529 -0.59128016  0.5822512 ]]

Kinase HIPK2
Singular Vector U 
[[ 0.02216773  0.11594285  0.33802747  0.19132485]
 [-0.34497657 -0.35646576 -0.00945709 -0.14143812]
 [-0.22772329  0.0040176   0.3349991  -0.08590277]
 [-0.21232845  0.04518216 -0.35531534  0.21708469]
 [ 0.14855201  0.09864474  0.07223813  0.18120426]
 [-0.26366512 -0.2536872   0.07843651 -0.14637939]
 [-0.04913263 -0.26312329  0.10111669 -0.09387083]
 [ 0.05283467  0.40257183  0.15730212 -0.29499936]
 [-0.10604182  0.05547427 -0.11150571  0.29459964]
 [-0.34957548  0.12441228  0.06409416 -0.31755494]
 [-0.26601901  0.15073494  0.07035357 -0.18970107]
 [-0.03805963  0.26698572  0.28453275  0.19944113]
 [-0.38444171  0.22390072  0.0243316   0.06418683]
 [-0.19054742 -0.13576538 -0.18608819  0.01358512]
 [-0.1752418   0.0637079  -0.4736025  -0.14436465]
 [-0.0555671   0.12968782 -0.12556752 -0.28687839]
 [-0.04706841 -0.21918676  0.24114546  0.22447274]
 [ 0.13662614  0.12637424 -0.32300413  0.21986278]
 [-0.23409703 -0.00918359 -0.0169233   0.17332452]
 [-0.1570525  -0.27984483 -0.00315591  0.32649608]
 [-0.20594462  0.38313847  0.01757127  0.14031764]
 [-0.29811044  0.01196054  0.18097116  0.27750522]
 [-0.17768017  0.24636846 -0.1651045   0.18942446]]
Singular Values 
[8.86340526 8.07810838 6.53244416 4.07744173]
Singular Vector V (transpose) 
[[-0.5585668  -0.74274794 -0.21365684 -0.30113017]
 [-0.29560082 -0.2365833   0.58905206  0.71390907]
 [-0.36505408  0.32294713  0.65133431 -0.58155334]
 [-0.68363646  0.53671128 -0.42793929  0.24789145]]

Kinase RPS6KA3
Singular Vector U 
[[ 0.04901849  0.4479378   0.11125881  0.1468195 ]
 [ 0.27384836  0.30028324  0.11803103 -0.03878113]
 [ 0.09074292  0.02936824  0.32816892 -0.27179775]
 [ 0.01681983  0.19534365 -0.40473923  0.16666808]
 [-0.00488699 -0.32938542  0.06271707  0.2097193 ]
 [ 0.40177444  0.11640629 -0.18726145  0.34304502]
 [ 0.21674744  0.0869122   0.0041708  -0.22920769]
 [ 0.22257454 -0.24126599 -0.30513681 -0.24461108]
 [ 0.14807014 -0.23315338 -0.40644698  0.10859707]
 [ 0.16737119 -0.05361204  0.09549047  0.42306577]
 [ 0.23129123  0.17512686 -0.03688313 -0.08847968]
 [ 0.15153045 -0.25795992  0.20160907  0.30390663]
 [ 0.31191797 -0.2553088  -0.0702885  -0.16479921]
 [ 0.30502392  0.07853151  0.07303139 -0.07269952]
 [ 0.11966084  0.36165745 -0.08080992 -0.01365718]
 [ 0.31638133 -0.13447961  0.04892698 -0.39714108]
 [ 0.18903738  0.06129886  0.16113307  0.23110555]
 [-0.15354662  0.12516001 -0.28572869 -0.12682645]
 [ 0.07122126 -0.15095621  0.07342977  0.17800972]
 [ 0.05548217 -0.1132111   0.45945795 -0.02833969]
 [ 0.36409402 -0.01027533 -0.01013665  0.06792787]
 [ 0.08903508 -0.18276218 -0.09451961 -0.04897582]
 [-0.13047687 -0.13834391 -0.03738995  0.10459161]]
Singular Values 
[9.68673527 8.48395675 6.63637309 5.36368108]
Singular Vector V (transpose) 
[[ 0.55769566  0.19844968  0.53791998  0.60019611]
 [ 0.09553464  0.7076842   0.32920258 -0.61780407]
 [-0.42080201 -0.44233816  0.77602846 -0.1582481 ]
 [-0.70906584  0.51394334  0.00689859  0.48274247]]

Kinase AKT1
Singular Vector U 
[[ 0.16238315  0.33127874  0.29185819 -0.03380171  0.18766485 -0.09715024
   0.26873836 -0.21004611  0.15790426 -0.07032866  0.34890039 -0.07023852
   0.36065105  0.23317861  0.02238405 -0.08632266  0.06952912 -0.17775839
   0.19650805  0.37804589 -0.17882556 -0.079021   -0.1069494 ]
 [ 0.36372156  0.40087495  0.15309795 -0.01098138 -0.10784919 -0.26296747
  -0.06982741  0.32761784 -0.01584287 -0.13028812 -0.12622356  0.29037225
   0.16279903 -0.03018301 -0.16763537  0.20517449 -0.31389646 -0.20088726
  -0.07064532 -0.35285738 -0.06300712 -0.01023107  0.05390901]
 [ 0.16587107 -0.19869222  0.336935    0.39606659  0.17143011 -0.12376738
   0.06839071  0.10983492  0.05771975 -0.01717258 -0.16541673 -0.09604485
  -0.11815321  0.19260212 -0.17148713  0.16272099  0.11038546  0.29904614
  -0.17291699  0.02440837 -0.17283652  0.38574394 -0.37845827]
 [ 0.14645207  0.16889256 -0.46904208  0.14233712  0.1599299  -0.09231522
  -0.0085932  -0.28332209  0.43099938  0.14160105  0.21267458 -0.12955743
  -0.13743784 -0.0400533  -0.09414027  0.32066802  0.08479912 -0.23240161
  -0.21757559 -0.14120886  0.19714529  0.14567559 -0.08211578]
 [ 0.16531085 -0.15866426 -0.07132374  0.107548   -0.1406103   0.61046891
   0.13238503  0.24176354  0.00626018 -0.0922733   0.3589853   0.02493786
  -0.02188039  0.37707478 -0.04883444  0.05469607 -0.21315438 -0.08891418
   0.21289942 -0.14725034  0.13072354  0.19592908  0.02264253]
 [ 0.15381234  0.24141462  0.11046852  0.15200039 -0.40116515 -0.01280033
  -0.20963362 -0.19722791 -0.16100429  0.31973025 -0.16850175 -0.26810983
  -0.35481103  0.13039994 -0.14696555 -0.18423827 -0.1767225  -0.20019385
   0.20613346  0.15697986  0.12959191 -0.0668758  -0.22855896]
 [ 0.06551517 -0.06989201 -0.21119139 -0.05599996  0.01302229 -0.18969285
   0.00899357  0.37900385  0.22345272  0.41832847 -0.23834429  0.14894761
   0.19421271  0.18373753  0.36583489  0.03066968 -0.12675776  0.03223266
   0.13996529  0.36443139  0.22964957  0.17442965 -0.01893721]
 [ 0.08154982 -0.2802176   0.03123278 -0.135124   -0.01165788  0.07175941
  -0.14491984  0.01532024  0.29648776  0.27772268 -0.12835722  0.14842324
   0.18146119  0.15179219 -0.60470489 -0.30823083  0.20353466 -0.18132341
  -0.1070184   0.00736814 -0.12648498 -0.04131236  0.21300664]
 [ 0.35214444  0.01155318 -0.22903566 -0.12475271 -0.22717627  0.05962268
  -0.25282067  0.14503496  0.13846928 -0.36704858 -0.01851812 -0.45921042
   0.27391298 -0.20730565  0.04719452 -0.28807609  0.00686432  0.15617496
  -0.14801645  0.12525742 -0.0483323   0.15492482 -0.10495004]
 [ 0.25046454 -0.14636208  0.18062705  0.08107716  0.32482281  0.04475576
  -0.40572187  0.03392541 -0.3064942   0.38447047  0.28952014 -0.09531981
   0.10308524 -0.210373    0.28379829 -0.06765393  0.06045488 -0.235847
  -0.02912063 -0.15447194 -0.12889327  0.14680768  0.08094346]
 [ 0.17664166 -0.13252051  0.13350426  0.17202264 -0.32964793 -0.03295939
   0.26666946 -0.39526066  0.18745291  0.05434786  0.01299089  0.27458458
  -0.00120856 -0.3649945   0.14394837 -0.1651532  -0.18129019  0.07211787
   0.07676911 -0.00283554 -0.0771773   0.38704115  0.26855251]
 [ 0.26186436  0.33549978 -0.11780266  0.21676953  0.31123176  0.25025014
   0.31240881  0.09562065 -0.01640949  0.1297221  -0.34897382 -0.22051161
  -0.12369029 -0.00776809  0.04821475 -0.17141085  0.14243365  0.17581361
   0.07965874 -0.1037172  -0.09927131 -0.11700159  0.40663457]
 [ 0.16586798  0.01719528  0.31422106  0.06680058 -0.12266307  0.22053211
   0.14459176  0.15965204  0.13807408 -0.02551755 -0.03924848  0.18255145
  -0.02199536 -0.26294467  0.15404534 -0.08213903  0.45524056 -0.16712665
  -0.17322307 -0.01565659  0.48132648 -0.21804183 -0.24411704]
 [ 0.21624558  0.08268446  0.07975053 -0.30031474  0.14694729 -0.05282976
  -0.14567884  0.14098087  0.17659985  0.10161088  0.32978105  0.12459839
  -0.34639189 -0.25692916 -0.23063041  0.03931183  0.00141166  0.48663631
   0.34939064  0.08378192  0.0843326  -0.06557544 -0.02278273]
 [ 0.33891641 -0.14161002  0.02867561 -0.30520053 -0.21512578 -0.09578864
  -0.07368017 -0.12671654 -0.11649787 -0.17005882 -0.13725148 -0.01629643
  -0.18991056  0.25740281  0.1575726   0.39807308  0.45777477 -0.11050321
   0.14771504  0.07865319 -0.09629417  0.09453148  0.28103355]
 [ 0.14439036 -0.23180446 -0.11339456 -0.02164315  0.20197586 -0.35937232
   0.08920399 -0.16758012 -0.05785097 -0.16942795 -0.07979404 -0.01137246
   0.07982205  0.18020995  0.03285159 -0.36208918  0.05180535 -0.006537
   0.40295096 -0.45494614  0.30797045  0.0013362  -0.17205999]
 [ 0.19579968 -0.28958659  0.0678315  -0.3383599   0.34032104  0.09065563
   0.29435665 -0.03799917 -0.1067237  -0.09968222 -0.22766416 -0.15369566
  -0.152506   -0.24287783 -0.14698001  0.10880696 -0.38659499 -0.32342136
  -0.07001126  0.23757433  0.11118947  0.01906028 -0.07739977]
 [ 0.24116639 -0.13473531 -0.21092217  0.47579007  0.0914026  -0.03117252
  -0.18942584 -0.1357839  -0.30122806 -0.1930054   0.02278644  0.25240212
   0.18284771 -0.0433481  -0.20848443  0.12287046 -0.03084652  0.1082191
   0.02981348  0.38491832  0.2464636  -0.23947331  0.15257427]
 [ 0.03519995  0.26058327  0.14857429 -0.27215524  0.18148625  0.10969927
  -0.17980313 -0.27018313 -0.11789967 -0.05507259 -0.0253645   0.17910865
  -0.05324335  0.33510468  0.06227142 -0.20559058 -0.11159506  0.22277464
  -0.4311723   0.03876136  0.36478106  0.27015168  0.13394884]
 [ 0.21991329 -0.11076301 -0.06642156 -0.18999577 -0.25113657 -0.05558279
   0.36049485 -0.1166403  -0.28926096  0.4075951   0.14179318 -0.1561747
   0.29928042  0.04775806 -0.08161628  0.17496957 -0.02615924  0.33718124
  -0.24785303 -0.16377212  0.05590952 -0.22306374 -0.10100025]
 [ 0.17294162 -0.26365004  0.09425814  0.1266014  -0.03819606 -0.25173082
   0.01548135  0.09977654  0.25105229 -0.08434758  0.21907036 -0.06473462
  -0.34657568  0.23730242  0.26046787 -0.18145711 -0.23192591 -0.00178102
  -0.32355222  0.01495832 -0.09430902 -0.44194752  0.19547143]
 [ 0.03209649  0.10190791 -0.32383198 -0.02587032 -0.05762527 -0.22868726
   0.29809883  0.26969795 -0.37723422 -0.01332134  0.25384052  0.2044085
  -0.27662524 -0.02333336 -0.11951263 -0.32876652  0.21901007 -0.16609408
  -0.17526631  0.1671568  -0.12581258  0.25043235 -0.07024686]
 [ 0.2385563   0.00305828 -0.26476284 -0.10407107  0.07648601  0.29086424
  -0.09447813 -0.22077729  0.03466069  0.01705644 -0.17903364  0.43014098
  -0.06297639  0.05768314  0.20799606 -0.07311817 -0.03816385  0.04856014
  -0.02221366 -0.0318068  -0.4254469  -0.20082176 -0.46141935]]
Singular Values 
[16.53299727 12.45982509 11.77525935 11.43097442 10.46074314 10.23751917
  9.64896499  8.676062    7.91890626  7.83611673  7.12779899  6.95288821
  6.63547941  5.97289484  5.47461943  5.0213855   4.44351556  3.54655355
  3.13953486  2.83479372  2.62816198  1.89295769  0.94329852]
Singular Vector V (transpose) 
[[ 0.19655776  0.11452427  0.17275255  0.19428324  0.09656264  0.22730112
   0.00754041  0.10635969  0.0887344   0.41634281  0.09494153  0.25579788
   0.36293336  0.08988912  0.17736398  0.05771066  0.3071776   0.28649883
   0.17891265  0.03793739  0.10713142  0.2106704   0.10125659  0.2322699
   0.21324489 -0.05124725]
 [ 0.45806139 -0.31039213  0.11862017  0.05614198 -0.02462835 -0.05404973
  -0.13823072 -0.26605299 -0.21535996 -0.03574922  0.15345469 -0.21060102
  -0.00501943 -0.10894996 -0.20851905 -0.07238588  0.32626857 -0.27244183
  -0.12983559 -0.05879431  0.12411193  0.03440763  0.30517534 -0.07568603
   0.2787129   0.11358275]
 [-0.12570169  0.06704371 -0.01220226  0.11730555  0.19187468  0.10168073
  -0.42435909  0.26548818 -0.04014103 -0.104033   -0.10972609  0.33914997
  -0.21979739  0.03465222 -0.41649057 -0.0564984   0.03678147 -0.14795195
   0.06475684 -0.21308508  0.03517318  0.37549319  0.19791252 -0.02699662
  -0.11506024 -0.18493181]
 [ 0.05496676 -0.10578152 -0.053989    0.25925292 -0.12318389 -0.16586951
   0.07195445 -0.04799431  0.03430911  0.11628935  0.43511376  0.14880503
  -0.20135651  0.03080204 -0.32752616  0.24154341 -0.16392997  0.20096974
   0.25386103  0.39013868  0.14422736 -0.09836937  0.16606232 -0.07941538
  -0.26471489  0.11775435]
 [-0.04282875  0.18485064  0.29435027  0.14120574  0.26120871 -0.0117458
   0.1074426  -0.14325144  0.29181603 -0.06875099 -0.01240011  0.02123272
   0.22303195 -0.30579316 -0.17042491 -0.35748551  0.06535269  0.05022152
  -0.10462251  0.15376281 -0.37195496  0.05745986  0.12240938 -0.20507812
  -0.22385342  0.27607099]
 [ 0.29202537  0.06942305  0.09223931  0.22440916  0.31456167  0.16808723
   0.1925276   0.04354757  0.33446598 -0.16398591 -0.08216979 -0.17709444
  -0.38531546  0.18678136 -0.10549636  0.14217547 -0.0274719   0.08532686
  -0.10307179 -0.02991235 -0.18593208 -0.28089672  0.08844809  0.23678416
   0.14195083 -0.27609627]
 [-0.13434406 -0.30234865 -0.00832697 -0.00630547  0.24985428  0.39440375
   0.27629599  0.35392797  0.01416874 -0.03626606  0.16341727 -0.24640568
  -0.06172141  0.23686023 -0.01199615 -0.09341728 -0.04047318 -0.16048834
  -0.00168135  0.10919404  0.15314392  0.26776798 -0.11989785 -0.03971383
   0.01850652  0.40293088]
 [-0.18695731  0.3833571   0.49461025  0.28143791 -0.34617945 -0.00104678
   0.08481618  0.10010622 -0.09446773  0.00177298  0.11721138 -0.19170551
  -0.03129548  0.19652079  0.11785651 -0.02697942 -0.20158867 -0.22550446
  -0.094129    0.00428458  0.12081437  0.07171776  0.20800183 -0.20276738
   0.13504244 -0.14429975]
 [ 0.24862416  0.13546635  0.10472202 -0.0775211  -0.01058923  0.02039835
   0.22025273  0.20707182 -0.58609097  0.13997042  0.09597591  0.0233135
  -0.21840144 -0.04380578  0.00970311 -0.34333619  0.11665132  0.01887138
  -0.03428274  0.06187468 -0.17943245 -0.04464577 -0.09488619  0.24554935
  -0.36339328 -0.12645134]
 [-0.21142636  0.10320044  0.17565115 -0.5026152   0.11000399  0.01380169
   0.04265966 -0.15691236 -0.03202249 -0.02933684  0.3149986  -0.1217153
  -0.22111203  0.05279678  0.02398009  0.33777175  0.30581661  0.28264887
  -0.11728689 -0.0405773  -0.16915774  0.27366898  0.10884673 -0.15610522
  -0.02073097 -0.10583312]
 [ 0.12853408  0.03933274  0.01784735 -0.10455527  0.16838787  0.28370214
  -0.1277429  -0.04063294 -0.31103201  0.13095387 -0.29758339 -0.07830023
   0.12266783 -0.02280566  0.09970521  0.41159382 -0.30034273 -0.17984624
   0.21564971  0.21951126 -0.32655225 -0.03154859  0.29988957 -0.10608347
  -0.05820331  0.10454194]
 [ 0.19636401  0.25071203 -0.1708498  -0.11204523 -0.02081222  0.16901753
   0.08353906 -0.2064696   0.13501126  0.13965114  0.22758713  0.26378304
   0.21508307  0.32880648 -0.16739237  0.15699751  0.00412728 -0.44446609
  -0.34999978 -0.05168875 -0.03005391 -0.04072606 -0.1980163  -0.04216071
  -0.21370587 -0.01108411]
 [-0.06048234 -0.23978995  0.22801471  0.19732507  0.29931568 -0.26656409
  -0.13192394 -0.12028317 -0.12645603  0.26806005 -0.08449551 -0.06212
   0.01295772  0.46001483  0.02635971 -0.03059193  0.09568882  0.04782168
   0.16059769 -0.22014499 -0.11919185 -0.16450146 -0.27391261 -0.35203241
  -0.12572311 -0.03756603]
 [ 0.20655244  0.19203767 -0.44810649  0.04832393 -0.18084537 -0.09889369
  -0.05059106  0.30601272  0.13370893  0.11455546 -0.12614803 -0.13647366
  -0.14023894  0.12878328  0.0950303  -0.11254623  0.30416254  0.01834574
  -0.00822596  0.28957046 -0.20030218  0.10122602  0.03609563 -0.46201201
   0.10815934 -0.03939012]
 [-0.1537315  -0.03277458  0.09552681 -0.18748107 -0.16851194 -0.16170292
   0.26192783 -0.11865581  0.14422242  0.0810653  -0.23440047 -0.15332169
   0.07958594  0.12389193 -0.36291027 -0.03135024  0.2007619  -0.31108396
   0.44855161  0.21110662 -0.11181007  0.15786951 -0.07348052  0.26472261
   0.06119685 -0.18467779]
 [-0.09672294 -0.32420536  0.0904817   0.23695398 -0.32172376  0.0903847
  -0.33589323 -0.03788683  0.03832388 -0.20003629  0.16626269  0.08247224
  -0.02163419  0.14852634  0.20228274  0.03610088  0.07927576 -0.04687789
  -0.12960237  0.20898625 -0.52093998  0.13280388 -0.14997019  0.27119537
  -0.01722205  0.01685747]
 [-0.30844127 -0.07146903 -0.04669831 -0.09236446 -0.18200712  0.28580227
  -0.24130039 -0.02808608  0.15890481  0.41641253 -0.1039872  -0.2270024
  -0.09055839  0.07914277 -0.07099669 -0.16528973  0.18225908  0.03919399
  -0.15900931 -0.03439229  0.090391   -0.3659463   0.33405191  0.14948493
  -0.25373848  0.07597771]
 [ 0.01056291  0.15034988 -0.09969636 -0.08136961  0.18747537 -0.12786849
  -0.31947009 -0.09268154 -0.11262389  0.14985774  0.07330857 -0.32658516
   0.16381107  0.16569594 -0.27643644 -0.19657314 -0.36298459  0.24601485
  -0.2499035   0.29241171  0.02316304  0.1772478  -0.13222027  0.18792622
   0.22044589 -0.09202246]
 [ 0.32268273 -0.12665392  0.03767779 -0.0199488  -0.22519243  0.26839852
  -0.04586301 -0.21325823  0.26195747  0.21161059  0.02267149 -0.22657119
  -0.14467729 -0.17933557  0.07277565 -0.118513   -0.29351083  0.07557375
   0.18457692 -0.24231469  0.00416925  0.36508572 -0.17036509 -0.14667187
  -0.24619305 -0.2022464 ]
 [-0.03008009  0.24035883 -0.1373583   0.00583812 -0.03822675  0.14051882
  -0.17862839  0.19392501 -0.03416696 -0.10806547  0.45284029 -0.26375821
   0.20492858 -0.09970692 -0.17963226 -0.00744045  0.03580864 -0.02392557
   0.40566365 -0.34757148 -0.25084418 -0.2762406  -0.11229172  0.00716776
   0.12861904  0.06559034]
 [ 0.12308584  0.10637489  0.07536604 -0.12756173  0.18313889 -0.49276762
  -0.19237293  0.21395732  0.27094478  0.24126535  0.14956863 -0.09061989
  -0.18330544 -0.07081836  0.30413676  0.07693707 -0.08830241 -0.32020796
   0.03788462 -0.07930169 -0.01845464  0.10434928  0.09358639  0.28614424
  -0.09602696  0.25309693]
 [-0.04294066 -0.16702889 -0.26318779 -0.06601316  0.16570151 -0.08458508
   0.12305999 -0.10019353  0.03466912 -0.21017515  0.23491763  0.00415576
   0.24616204  0.2648594   0.27802478 -0.3105219  -0.1266796  -0.04825069
   0.13814522 -0.0267225  -0.03445733  0.04704859  0.49946076  0.01089841
  -0.15246084 -0.34262476]
 [ 0.02562375 -0.36250615  0.07798434 -0.03998968 -0.11335325 -0.18260829
   0.18036448  0.48787717  0.05568701  0.17560014  0.00615244 -0.07318178
   0.34075004 -0.16923246 -0.23076514  0.22792697 -0.11107938  0.05104328
  -0.31844358 -0.14915208 -0.18081865 -0.00813359  0.08904309 -0.07339419
  -0.05883967 -0.25706551]]

Kinase PRKCI
Singular Vector U 
[[-2.94929813e-01  5.97614469e-03  8.56623325e-02]
 [ 2.25227166e-01  2.52100007e-01 -1.37336985e-01]
 [-2.02964756e-01  3.06875063e-04 -5.81004703e-02]
 [ 1.38895736e-01  2.98287709e-01  2.25470547e-01]
 [ 2.13111490e-02  3.55275050e-01 -2.96621192e-01]
 [-1.72917362e-01 -7.43706107e-03 -7.05892563e-02]
 [ 7.68685070e-02 -2.35954562e-01 -6.18724318e-02]
 [-2.38471561e-01  1.02510278e-02 -7.16964589e-03]
 [ 1.07765432e-01  2.82446996e-01  3.54499300e-01]
 [-2.28521262e-02  6.45439262e-02 -3.13998268e-01]
 [ 1.37914407e-01  5.21555139e-02  4.09229592e-01]
 [-2.22668987e-01  3.17665276e-01  7.01619185e-02]
 [-2.68683788e-02 -2.90671084e-01  1.17310708e-01]
 [ 3.42993310e-01 -6.95498973e-02  3.74412815e-02]
 [ 7.26217384e-02  4.06609713e-01  8.45197770e-03]
 [-2.21920194e-01  1.47720023e-01 -7.06308260e-02]
 [-3.98988197e-01  2.24516751e-01 -1.84080484e-02]
 [ 2.15130328e-01  5.37916248e-02 -2.08868004e-01]
 [ 2.87096317e-01  1.97622770e-01 -2.57407525e-01]
 [ 1.72819639e-01 -1.25628340e-01  2.98029244e-01]
 [-1.60032200e-01 -2.48918163e-01 -9.25096687e-03]
 [ 5.27724468e-02  1.41142370e-01  4.09729809e-01]
 [ 3.29977730e-01 -1.06328551e-01 -1.97110191e-01]]
Singular Values 
[8.33439953 7.45505417 6.53305412]
Singular Vector V (transpose) 
[[-0.45398278  0.61706244  0.64275468]
 [ 0.86126336  0.11906274  0.49401365]
 [-0.22830913 -0.77785475  0.58550571]]

Kinase AURKB
Singular Vector U 
[[-9.35133443e-02  1.49962748e-01  1.14251879e-01 -2.16643527e-01
   1.17705032e-01  8.00807415e-02 -2.38550510e-01  4.33449486e-01
  -1.49377497e-01  5.75660111e-02]
 [-2.34716782e-01  3.87898382e-01 -5.92256231e-02 -1.91161765e-01
   9.29227288e-03  3.99338985e-01 -1.58246192e-01  9.99099152e-02
   1.89138477e-01  4.10416671e-01]
 [-1.16762957e-01  3.47879248e-01  1.46649871e-01 -1.82428533e-01
  -1.04059223e-01  4.30023601e-02  1.85195265e-01 -5.03722872e-01
  -5.86070718e-02  3.05931345e-02]
 [-2.63331026e-01 -1.12048372e-01 -3.28116394e-01 -2.69541233e-01
  -7.32273114e-02 -7.52441348e-02 -1.71332683e-01  1.33023270e-03
   3.07509253e-01 -2.12991876e-01]
 [-2.46258655e-01 -3.27816571e-02  9.26542568e-02 -5.82302094e-02
  -5.69324774e-02  1.00995447e-01 -1.37678364e-02  8.52490321e-02
  -2.87283547e-01 -3.07230527e-01]
 [-3.58964851e-01 -1.40123758e-01 -1.37069161e-01  2.13997715e-01
  -1.29387973e-01  9.79265036e-02  1.57577550e-01 -9.99548114e-03
  -4.88342906e-03  6.04839426e-02]
 [-2.03099903e-01  2.07932949e-01  1.48621251e-01  1.71588529e-01
   5.26275710e-01 -1.90910156e-01  3.85106285e-01  1.70373513e-02
   9.97197012e-02 -3.80909887e-02]
 [-1.35047612e-02  1.21093976e-01 -9.04627620e-02  3.96561045e-01
  -9.89618990e-02 -1.46275550e-01 -1.18041657e-01 -1.61858333e-01
   1.26728945e-02  2.00883054e-01]
 [-3.97339040e-01  2.19114169e-01 -9.05909255e-02  1.87706262e-01
   4.04994868e-02  1.06741460e-02 -3.21651988e-01 -1.07929239e-01
  -1.14596311e-01 -3.27363197e-01]
 [ 1.66171512e-01  5.08923990e-03  6.62871525e-02  1.33466068e-01
   5.71584859e-02  3.42922730e-01  5.28172235e-02 -6.13700882e-03
   6.44376298e-01 -3.13356079e-01]
 [ 4.63005867e-02 -1.54011925e-01  9.98373783e-02  4.66963299e-02
  -2.64822682e-01  3.81854527e-01  3.52976634e-02 -4.30516794e-01
  -6.24666020e-02  1.81825248e-01]
 [ 6.29241958e-02  6.39713560e-03  1.83830294e-01  3.99042737e-01
   3.72377958e-01  3.58275147e-02 -1.81231527e-01 -1.59940771e-01
  -1.32200364e-01 -8.24723209e-02]
 [-3.32851132e-01 -2.49457909e-01  4.73625477e-02 -5.62505986e-03
  -8.28609105e-02  5.54958868e-02 -1.06562782e-01 -7.86574673e-02
  -5.05905245e-02 -2.90239940e-01]
 [-6.01583922e-02  1.31272399e-01 -4.00234644e-01  1.99267979e-01
  -6.15538767e-02 -2.69956212e-01 -1.32997655e-01  7.93035278e-02
  -4.41166027e-02  3.24361041e-01]
 [-3.73461753e-01  1.29051837e-01  1.31814873e-01  1.91755185e-01
  -2.96946985e-01  7.22690598e-02  2.44621715e-01  1.25073507e-01
   2.05335324e-02  3.13779949e-02]
 [-2.22477453e-01 -1.47969299e-01  3.62280404e-02 -1.17876594e-01
   5.17327771e-01  2.25224996e-01 -2.47381458e-01 -2.14651116e-01
   3.93013938e-02  2.44496284e-01]
 [-1.12169192e-01 -1.07090562e-01 -4.16070807e-01  3.25198335e-02
   1.41787643e-01  1.40777114e-02  3.19618801e-01  3.51045419e-02
   9.48018953e-02 -6.23559290e-02]
 [-1.75388874e-01 -1.83081884e-01  2.56915119e-01  2.17576939e-01
  -1.54413877e-01 -3.23623174e-01 -2.26730745e-01 -8.78458505e-02
   2.99128764e-01  1.66568223e-01]
 [ 2.20640574e-02 -3.55176590e-01  1.51559366e-01  1.12860199e-02
   8.92822172e-03  7.69813719e-02 -1.98880901e-01  5.89372021e-02
  -2.16393643e-01  5.53336449e-02]
 [-1.05565443e-01 -7.89525804e-02  3.09535021e-01 -2.00389556e-01
  -4.11759494e-02 -3.37174915e-01 -1.74467555e-01 -1.32104202e-02
   3.69944910e-01  9.03338976e-02]
 [-2.34310331e-01 -2.86902586e-01  2.99018881e-01  2.74458784e-02
   6.37704511e-03  7.68506042e-02  3.43657421e-01  2.96439634e-01
  -8.92914096e-03  2.64167881e-01]
 [-1.31933166e-01 -1.71992924e-01 -1.01896880e-01 -4.00473240e-01
   1.43813271e-01 -2.88083284e-01  1.86048670e-01 -3.42323825e-01
  -9.75655784e-02  7.15964734e-02]
 [-6.16298742e-04 -3.68493693e-01 -3.18511541e-01  1.41497529e-01
   1.28518340e-01  1.97024824e-01 -2.11375917e-02 -8.90448066e-03
   5.74655490e-02  1.69970289e-01]]
Singular Values 
[12.23244125  9.90826222  9.08360948  8.32089052  7.02179332  6.60858566
  5.60579438  5.0408801   4.06799125  3.49123674]
Singular Vector V (transpose) 
[[-0.33023157 -0.42591322 -0.15723916 -0.1099557  -0.33496415  0.16963687
  -0.2478278  -0.11025018 -0.22617754 -0.63798352]
 [ 0.20742671  0.33741636 -0.37682148  0.07158564 -0.05767382  0.11569966
  -0.09580329  0.37941607 -0.72440171  0.03741776]
 [-0.19594853  0.10413949  0.2283689  -0.49988203  0.48180696 -0.28486762
  -0.42798328  0.35771003 -0.02365472 -0.15411532]
 [ 0.12436656  0.14506906  0.51935181 -0.21066336  0.10928194  0.25500781
   0.59937994 -0.00872305 -0.25932748 -0.3818742 ]
 [-0.68203914 -0.17503896 -0.09152063  0.11644532  0.13438522  0.27265814
   0.34208962  0.45526745  0.02152575  0.25512638]
 [ 0.161561   -0.13449577  0.60250988  0.31762393 -0.24799235  0.34437305
  -0.42163222  0.34458812  0.01889271  0.12223414]
 [-0.21945048  0.02827718  0.17974303 -0.53393572 -0.31308931  0.13371146
  -0.09103733 -0.35527898 -0.29559399  0.54392697]
 [ 0.12442489 -0.4284345  -0.01576528  0.17135402  0.66358834  0.27558856
  -0.1336612  -0.35091188 -0.30639487  0.14202378]
 [ 0.28551074  0.05580943 -0.3241302  -0.4238312   0.06000643  0.66005719
  -0.07113844  0.12940225  0.41083127 -0.02848557]
 [-0.39701713  0.66080247  0.0489091   0.28283782  0.13732257  0.29869685
  -0.24690948 -0.35176571  0.07361622 -0.15851848]]

Kinase ROCK1
Singular Vector U 
[[ 0.12768779 -0.02215395 -0.03200977  0.55143325]
 [ 0.08254529  0.08893562 -0.06574565 -0.14565031]
 [ 0.03767685  0.05383936 -0.11222585 -0.35493706]
 [-0.00144506  0.08222118  0.18604315  0.32232081]
 [ 0.01321888 -0.01095445  0.40099441  0.13369129]
 [ 0.25961475  0.287185   -0.08147025  0.09713322]
 [ 0.01365246 -0.41276199  0.34930504 -0.17153161]
 [ 0.33037581  0.06571795  0.12361061 -0.02209473]
 [ 0.17188382 -0.08674908 -0.42739233 -0.23135053]
 [ 0.09202474  0.03379666  0.20889992 -0.21418757]
 [ 0.38940363  0.16091848 -0.20696121  0.02098374]
 [-0.12927223 -0.3303323  -0.20021598  0.12751431]
 [ 0.29600659 -0.36814554  0.08179707  0.07411808]
 [ 0.22548104 -0.32812603 -0.02456552 -0.30341776]
 [ 0.36259952  0.26965883  0.30120008  0.02744881]
 [-0.08405815  0.08979152  0.012007   -0.04367804]
 [ 0.1210156  -0.26750051 -0.28340902  0.32708978]
 [-0.1865851   0.00501044 -0.16139073  0.15127531]
 [ 0.25350832  0.24027955 -0.2381281   0.02567266]
 [-0.11502949  0.08314069  0.15490875 -0.03809988]
 [ 0.04942825 -0.13995338 -0.17478166 -0.02486667]
 [ 0.37251725 -0.31556029  0.11239787  0.1323221 ]
 [ 0.21683449  0.04003217  0.0713075  -0.14556817]]
Singular Values 
[8.50660784 7.66201509 6.88643421 5.6550527 ]
Singular Vector V (transpose) 
[[ 0.568233    0.31052661  0.67821122  0.34743923]
 [-0.25398714 -0.77901204  0.32897381  0.46947525]
 [ 0.71325937 -0.54318964 -0.1323377  -0.42272073]
 [-0.3222776  -0.04072449  0.64365558 -0.69295465]]

Kinase PAK1
Singular Vector U 
[[-0.25756857  0.24030506 -0.00838189 -0.20362884 -0.06306693  0.08072278
   0.02554563]
 [-0.21146348 -0.16862837 -0.00835997  0.26510578 -0.00798867  0.21174631
  -0.52652802]
 [-0.31065922  0.25647391 -0.03370655 -0.09951199  0.16871109 -0.27607782
   0.05408029]
 [-0.33545103  0.11931564 -0.0345643  -0.04923709  0.12540773 -0.13357813
   0.09730071]
 [-0.08753777  0.00653991  0.20453863 -0.42765818 -0.08826471 -0.16013253
  -0.05789979]
 [-0.03720015  0.02994055 -0.13509807 -0.10399338  0.20202933  0.22209827
  -0.1392702 ]
 [-0.1797327   0.24740035 -0.40610942  0.01834608 -0.05265742 -0.09003176
   0.02814291]
 [-0.21831575  0.08201306 -0.19773617  0.05290274  0.36462185  0.27961363
  -0.3236795 ]
 [-0.30346484 -0.1778576  -0.04972056  0.11249282  0.21073653 -0.19387085
   0.29118804]
 [-0.23073351 -0.19737333  0.30648625  0.37470018  0.05720362  0.0819979
   0.10188201]
 [ 0.12012563  0.11037734 -0.28388234 -0.14497288  0.05268269 -0.15442523
  -0.26028828]
 [-0.23446004 -0.13565216  0.32298375 -0.10892393 -0.06004168 -0.34762877
  -0.15980523]
 [ 0.05009799 -0.1229921  -0.49281968 -0.05868291 -0.25964032  0.05217281
   0.07562904]
 [ 0.12420976 -0.25882743 -0.27972235  0.19901373  0.02806738  0.00773508
   0.19281321]
 [-0.13626733 -0.28042987 -0.07769051 -0.27070442  0.14064886  0.30883344
   0.18017715]
 [-0.16065935 -0.3254924  -0.16952447 -0.09079395  0.1790418  -0.30930462
  -0.33066915]
 [-0.34072761 -0.14397729  0.10786761 -0.21620635 -0.06887276  0.47657199
   0.09608501]
 [-0.02146288 -0.18959331 -0.05265162  0.07451164  0.11856746 -0.05070367
   0.32746161]
 [-0.14810918 -0.16350087 -0.02869232 -0.14415844 -0.61677341  0.00403878
  -0.16419489]
 [ 0.01448048  0.26943939  0.11894766  0.41652917 -0.00416626 -0.02111268
  -0.15194349]
 [-0.31539355 -0.05528955 -0.25526494  0.2105451  -0.13815261 -0.19996786
   0.1177469 ]
 [ 0.00541989 -0.38216747 -0.03171041  0.14820885 -0.16461779 -0.13828385
  -0.13690416]
 [-0.27502673  0.3032117  -0.02584674  0.23601782 -0.38460967  0.14570718
   0.09558525]]
Singular Values 
[12.17008429  8.26375048  7.76516805  6.8494324   5.58390846  5.12757147
  4.74526556]
Singular Vector V (transpose) 
[[-0.31180172 -0.1413026  -0.46798609 -0.19424438 -0.33768367 -0.61946056
  -0.35820352]
 [-0.33108697 -0.23945438  0.21411943 -0.79354225  0.36707958  0.14025876
  -0.05537726]
 [ 0.46045295 -0.77280751  0.09373908 -0.02637374 -0.30567132  0.1832747
  -0.23290442]
 [-0.60622076  0.02601362  0.3176989   0.2724058  -0.34367346  0.4035261
  -0.41921047]
 [ 0.33956649  0.46412722  0.47557589 -0.40018022 -0.48721917 -0.17134027
  -0.12737297]
 [ 0.11154964 -0.04717225  0.43165658  0.27879503  0.51467241 -0.44612266
  -0.50731082]
 [-0.29307312 -0.32733426  0.46143521  0.14067138 -0.19340558 -0.41447587
   0.60419663]]

Kinase CHEK1
Singular Vector U 
[[ 0.06741102 -0.09642993 -0.17828905 -0.27502619  0.43961715 -0.14014448
  -0.115454   -0.15068383  0.02441521 -0.22175228  0.17024779 -0.09209929
  -0.2225661   0.04619664 -0.01954278  0.11148127  0.24570386  0.22941854
   0.06627471]
 [-0.26098484 -0.17812676 -0.00715449  0.05639754  0.26973829 -0.16512216
  -0.05336229  0.2007153   0.22235967 -0.09138852 -0.4297384  -0.19722351
  -0.19953416  0.17125179 -0.14131409  0.1541325  -0.07856518  0.06358881
  -0.41551438]
 [-0.09128274 -0.2910083   0.02051835  0.31240364 -0.11075272 -0.19713588
  -0.32697292  0.0941417  -0.40741381  0.18059952  0.02868577 -0.38177862
  -0.16257363 -0.3163279  -0.19084876  0.05789884  0.24898386  0.00283791
   0.0224786 ]
 [-0.37823522 -0.09606723  0.08261568 -0.27256467  0.0071749  -0.14592619
  -0.0169087  -0.39704363  0.03323744 -0.05254219 -0.17745123  0.03787893
   0.41097866 -0.02847035 -0.27293069  0.11498644 -0.01459362  0.11353973
  -0.13093868]
 [-0.30862755  0.04804735 -0.25332996  0.0857609   0.17717953  0.05419072
   0.01364067  0.3372907  -0.03169278 -0.11126264  0.00644858 -0.15322254
   0.1111339  -0.00756524  0.06334167 -0.15101046 -0.46156082  0.42335058
   0.39125684]
 [-0.23397825  0.26577237 -0.07019528  0.13177826  0.07444111  0.20680048
