Method Singular Value Decomposition(One of the PCA methods)
X = U(SIG)V*

X shape (nxm)

U shape (nxn)

(SIG) shape (nx1)

V shape (nxm)

Kinase AURKA
Singular Vector U 
[[-0.09006969 -0.11839924  0.12515126  0.34492317  0.19622411]
 [ 0.02534064 -0.07453761 -0.00655003 -0.12799732  0.06446842]
 [-0.09350456 -0.18887076  0.0036393   0.07015988 -0.03834135]
 [-0.15255918 -0.14203852  0.15657155  0.12675301 -0.20645806]
 [-0.06219362 -0.20472383  0.02695484 -0.3740688  -0.0208139 ]
 [-0.1635619   0.4321903  -0.0694101   0.1062749  -0.03898092]
 [-0.43866173 -0.08558435 -0.17293487  0.08389201 -0.02985295]
 [-0.03793797  0.06513729  0.28466785 -0.08534453 -0.24713635]
 [-0.36190074 -0.10735878  0.17582351  0.00619946 -0.12727286]
 [-0.09598084  0.24460986 -0.01368418  0.35246066  0.30401153]
 [-0.37360191  0.37654369  0.09538568 -0.1377864   0.1459239 ]
 [ 0.03406075  0.2850832   0.06165854  0.02835814  0.44960661]
 [-0.42040873 -0.2072357  -0.20888746  0.21208448 -0.02194588]
 [ 0.09670431 -0.00622924 -0.35343035 -0.30773235 -0.0450265 ]
 [-0.25071791 -0.25918535  0.0388596  -0.16476771  0.46600996]
 [-0.0884335   0.40015031  0.233417   -0.25798391 -0.07863424]
 [ 0.2164274   0.07269445  0.06544821 -0.11149556  0.11103394]
 [-0.16122167  0.00433285 -0.06283538 -0.44891445  0.26308515]
 [-0.14472773 -0.12917619 -0.02347701 -0.23395835  0.12669199]
 [-0.01864666  0.00371324 -0.46601576  0.00576811  0.13213166]
 [-0.19065546  0.01378835  0.411734   -0.05101949 -0.05356654]
 [ 0.21488607 -0.06076193  0.07511046  0.17068011  0.32737211]
 [-0.14280474  0.30614525 -0.41667469  0.01460517 -0.25751093]]
Singular Values 
[10.78250398  7.74165557  6.65496383  6.14683353  4.03891113]
Singular Vector V (transpose) 
[[-0.55718148 -0.00577466 -0.54085226 -0.54178909 -0.32165022]
 [ 0.18221468  0.89587272  0.17750316 -0.18939562 -0.31117811]
 [ 0.01616197 -0.24527774  0.10867693  0.39819071 -0.87704681]
 [ 0.41260664 -0.37016401  0.39303262 -0.71492274 -0.16475801]
 [ 0.69702307 -0.01400584 -0.71392307  0.03038943 -0.05790522]]

Kinase IKBKB
Singular Vector U 
[[-0.12712475  0.35149497  0.13980698 -0.29954803  0.26042672  0.10896029
  -0.2647031 ]
 [ 0.05128711 -0.11100628 -0.33623961  0.31696922 -0.0832935  -0.21460887
  -0.29454519]
 [ 0.10738437  0.16525955 -0.28550175  0.04947829  0.10387457  0.42591375
   0.32480542]
 [ 0.24954885 -0.1765653  -0.19979446 -0.16428986  0.16351925  0.0218888
  -0.06821061]
 [ 0.28114944  0.01568964  0.15497885  0.22715619  0.01713836  0.05988375
   0.15367543]
 [ 0.23075753 -0.0649926  -0.34104055 -0.04091376 -0.34062596 -0.38554324
  -0.20111845]
 [-0.13765185 -0.2033408  -0.08738368  0.3032332   0.39023544 -0.019992
  -0.01731679]
 [ 0.29649274 -0.16597245  0.03068958 -0.12243307  0.20248158 -0.007065
  -0.14448232]
 [-0.04150445  0.12062723 -0.25616846 -0.12004481 -0.13640876  0.13491671
  -0.25283407]
 [-0.11308965 -0.07892285  0.0783016   0.12413572 -0.31101807  0.32809921
  -0.374988  ]
 [ 0.32492499 -0.23402939  0.34772549 -0.02519105 -0.04809862 -0.01204928
  -0.12636014]
 [ 0.28758454  0.05557406  0.0088699   0.23477802 -0.00417864  0.02400817
  -0.03986097]
 [ 0.25287327  0.12813897  0.22369641 -0.15387884 -0.42328207  0.0564578
   0.10337847]
 [-0.1298088  -0.13756136 -0.29529365  0.08445517 -0.17858082  0.02530155
   0.21712659]
 [ 0.15092538  0.27525528 -0.07855108 -0.05753918 -0.05797709  0.11360258
  -0.25622257]
 [ 0.16840301 -0.15996674 -0.16938724 -0.20367388  0.24924317  0.05664949
  -0.29977162]
 [ 0.44097548  0.02264827  0.16110333  0.23807691  0.15057746  0.07680046
  -0.06943981]
 [-0.01544048  0.28461209 -0.24590327 -0.08858475  0.21291564 -0.06423006
  -0.15568688]
 [ 0.09147503 -0.07657096  0.02895868 -0.45023067  0.14232214 -0.45381414
   0.2432114 ]
 [ 0.22686338 -0.02060443 -0.19711475 -0.27714217  0.01203327  0.3973212
   0.08706458]
 [ 0.2798932   0.32873718 -0.2829254   0.1404762  -0.00868245 -0.1051414
   0.31349655]
 [ 0.01511323  0.18572655  0.0874264   0.30117204  0.30063067 -0.11065876
  -0.08365069]
 [ 0.02062852  0.53532764  0.13568887  0.06697563 -0.07096001 -0.25270329
  -0.10617715]]
Singular Values 
[9.64652964 8.76701416 7.8573249  7.06700924 6.38227334 4.81782266
 3.7604691 ]
Singular Vector V (transpose) 
[[-2.56337337e-01  2.40330494e-01  3.15133056e-01  6.32301583e-01
   1.57113247e-01  5.60564277e-01  1.96217754e-01]
 [ 4.17990343e-01 -6.32607639e-04 -2.81426690e-01 -1.73612759e-01
  -8.65372475e-02  2.93586066e-01  7.88834474e-01]
 [ 3.31318704e-01  1.65910998e-01  1.03998407e-01  2.83590681e-01
  -8.61369969e-01  3.56216268e-03 -1.71730022e-01]
 [-2.74018695e-01  3.73069467e-01 -7.40590813e-01 -9.72464025e-02
  -9.60744332e-02  3.68442765e-01 -2.87786283e-01]
 [ 2.26603295e-01  7.86670638e-01 -2.16838189e-02  1.34162847e-01
   2.56247360e-01 -4.83219282e-01  1.10303281e-01]
 [-7.22521665e-01  1.14806496e-01  7.27104432e-02 -1.49246552e-01
  -3.86163196e-01 -2.99765995e-01  4.45240277e-01]
 [-3.64733257e-02 -3.78817031e-01 -5.06401775e-01  6.63248504e-01
   4.30521559e-02 -3.74768765e-01  1.28533663e-01]]

Kinase RPS6KA1
Singular Vector U 
[[-2.71121825e-01  1.65522333e-01  4.23389741e-02  1.61812147e-01
   3.41015757e-02 -2.21631084e-01 -1.94028781e-04]
 [-3.65130723e-01  1.72100802e-01 -2.39359951e-02 -8.79709835e-02
   9.43388361e-02 -4.63940020e-02  2.45061296e-02]
 [ 2.73623829e-02 -2.07092144e-01  9.98435331e-02 -1.72450382e-01
   4.52464309e-01  2.24866168e-02  1.78071924e-01]
 [-1.42961988e-01 -4.45785859e-02  1.75859182e-01 -3.67496121e-01
   3.24600345e-02  2.81803568e-01  1.55467201e-01]
 [-5.43700045e-02 -2.14174930e-01 -3.09152902e-01  1.67003059e-01
   1.06480092e-01 -1.47308656e-01  1.14117022e-01]
 [ 2.44362722e-02 -1.17241580e-01  2.15692216e-01  2.69491940e-01
  -6.86654945e-02 -8.29152671e-02  4.53264783e-01]
 [ 3.93414117e-02 -2.41740525e-01  1.42194635e-01  3.81122972e-01
  -6.41525824e-02  2.57019372e-01  2.92059761e-01]
 [ 1.71818743e-03 -4.02513515e-01  2.65879688e-01  6.89345748e-02
  -2.02902495e-01  2.10981054e-01 -1.82093812e-01]
 [-3.65588432e-01 -1.51246316e-01  2.94654131e-02  2.41894367e-01
   2.34142570e-01 -1.98793865e-01 -4.28419970e-02]
 [-3.14396479e-01  6.73780047e-02  7.22461282e-02  3.24515468e-02
   9.21905939e-02  4.77370935e-01 -1.09316770e-02]
 [-3.97676992e-02  5.01683173e-02  3.84608471e-01  5.25121223e-02
   4.55517117e-02 -3.98198503e-02 -1.45812551e-01]
 [-1.37622474e-01  9.62741939e-02  2.81091798e-01 -2.67935973e-02
  -3.15586581e-01 -2.09780314e-01 -8.27039536e-02]
 [-2.91817167e-01  1.59151662e-01 -9.80346749e-02 -4.09451084e-02
  -2.68942880e-01  3.76756088e-01  2.89709673e-01]
 [-1.97255122e-01 -2.01921859e-01 -1.08893907e-01 -3.51658661e-01
   1.84994920e-01 -1.58440789e-01  1.69638106e-01]
 [-4.04549668e-01 -1.92839413e-01  2.94005683e-02  2.79294603e-01
   1.07155037e-02 -1.80892990e-01  1.74687170e-01]
 [-9.47765900e-02  1.13518002e-01  3.90380535e-01  3.46825812e-02
   2.03199342e-01  1.12976372e-01 -2.87523901e-01]
 [-1.35169382e-01  1.15073591e-02 -9.06485658e-02  2.76560434e-02
   4.90820866e-01  1.83942528e-01 -2.12537671e-01]
 [-4.75493304e-02  1.30481705e-01 -3.57351703e-01  1.93012382e-01
  -4.11486289e-02  3.72131363e-01 -2.36229979e-02]
 [-1.07004114e-02 -3.35599068e-01 -2.21258630e-01 -6.92489036e-02
   1.78311088e-02  4.78748224e-02 -1.51858843e-01]
 [ 3.35009870e-01 -3.01433881e-02  1.81887107e-03  4.08559981e-01
   2.61390102e-01  1.40581384e-01 -1.27401687e-01]
 [-1.41480355e-01  9.15972487e-02 -3.54171825e-01  1.48346460e-01
  -1.48891127e-01 -7.67289595e-02 -1.87514041e-01]
 [-2.48237238e-01 -3.23008321e-01 -1.89190382e-02  3.58725200e-02
  -2.52246569e-01  3.31449141e-02 -4.79712657e-01]
 [ 5.13242920e-02 -4.68234548e-01 -7.28257934e-02 -2.23928302e-01
  -1.13286697e-01  5.26686653e-02  1.82239761e-02]]
Singular Values 
[9.84389784 9.09718065 8.12563169 6.90294993 6.26639975 5.06504511
 3.84252948]
Singular Vector V (transpose) 
[[-0.69516141  0.09919546  0.27799217 -0.13802117 -0.5203702  -0.04965739
  -0.37058114]
 [ 0.102874   -0.21354092 -0.31935777 -0.62382531  0.21318553 -0.39099451
  -0.50432632]
 [-0.59952398  0.36003429 -0.28199772 -0.15295019  0.57889775  0.13129391
   0.23594309]
 [ 0.10685894  0.52000312  0.14745331  0.48848529  0.26917826 -0.4235836
  -0.45380344]
 [ 0.21621352  0.60717635 -0.10247043 -0.36734279 -0.38928592 -0.34585461
   0.40986428]
 [ 0.22209297  0.2234144   0.70129738 -0.44131617  0.27834896  0.35458972
  -0.10474123]
 [ 0.19810639  0.35490207 -0.46599095  0.00893353 -0.21717636  0.63454472
  -0.40958324]]

Kinase CDK6
Singular Vector U 
[[-0.15746135  0.04804572 -0.30696657  0.15605681 -0.04125855]
 [-0.03713885  0.05267188 -0.25662867  0.13488658 -0.35079987]
 [ 0.05964913 -0.34870119  0.1535665  -0.23616309  0.04249231]
 [ 0.01582595 -0.1505133   0.42381824 -0.1061269   0.15561833]
 [ 0.02859894  0.09209206 -0.23764927 -0.36674413  0.27558811]
 [ 0.43746577 -0.10774623 -0.30678396  0.03656573 -0.02402545]
 [ 0.19885492 -0.01158177  0.17221    -0.11493824  0.0226066 ]
 [ 0.08242153  0.16330958  0.08277091 -0.24088097 -0.26038922]
 [ 0.18882255  0.26889296  0.20770343 -0.28239729 -0.37228951]
 [ 0.06745266  0.3324786   0.23467227 -0.01877718 -0.14597664]
 [-0.10118396 -0.07158851  0.17570499  0.02887918  0.0331209 ]
 [ 0.24906309 -0.33345977 -0.16375209  0.01668623 -0.39135599]
 [-0.05642643 -0.25622232  0.1807022   0.00885953  0.12671418]
 [ 0.25433378  0.22140959  0.12478404 -0.22810615 -0.05705303]
 [ 0.03172703 -0.31536022  0.20647411 -0.12625633 -0.08290158]
 [-0.00488345 -0.02981418  0.02791423 -0.3042089  -0.01595023]
 [ 0.36559274 -0.00555039 -0.07211076  0.04279668  0.43801127]
 [ 0.26704233  0.26537296 -0.02930834  0.21667906  0.25200107]
 [ 0.32766195 -0.13763651 -0.29016465 -0.24513146 -0.07473857]
 [-0.0204138   0.19199174 -0.14827103 -0.3628924   0.30638697]
 [ 0.29618019 -0.14474282  0.21751462  0.32615404  0.07835908]
 [ 0.13144001  0.37395638  0.17297378  0.24530078 -0.03169149]
 [ 0.36381994 -0.05045028  0.11226138  0.18553897 -0.04253677]]
Singular Values 
[10.30656821  8.2766511   6.80956652  5.44708023  4.16892525]
Singular Vector V (transpose) 
[[ 0.59543216  0.57681104  0.27728887  0.40293174  0.27112074]
 [-0.71588952  0.1451237   0.04145321  0.56899792  0.37545213]
 [ 0.16095693 -0.03721778 -0.65940469 -0.20467261  0.70427429]
 [-0.25439881  0.32376024  0.5046488  -0.67198414  0.35245916]
 [ 0.2057592  -0.73486208  0.48156781  0.14294692  0.40657041]]

Kinase HIPK2
Singular Vector U 
[[ 0.16869923  0.08739872 -0.1367116  -0.0954805 ]
 [ 0.24220627 -0.19812353  0.21109953  0.08401986]
 [-0.01355058 -0.12737452 -0.23427857  0.28971326]
 [-0.13348263 -0.26398839  0.54394214  0.24939794]
 [ 0.13562659  0.24004649 -0.01923802  0.02932617]
 [ 0.30885055  0.28554258  0.06955073 -0.2438093 ]
 [-0.21645549  0.048518   -0.04643554 -0.14957592]
 [-0.20631136  0.23874381  0.14510289  0.09294786]
 [-0.3622031   0.10615892  0.18904401  0.00971578]
 [-0.31462067  0.12304287  0.05068074 -0.11062807]
 [-0.06387711 -0.26195688  0.2130535   0.11304196]
 [ 0.09435904 -0.30842087 -0.15811009 -0.07490944]
 [-0.01209171 -0.02843332 -0.05631744  0.18820298]
 [ 0.15081835  0.23009508  0.31411674  0.35360349]
 [-0.38765273 -0.01192839  0.02110735 -0.13170459]
 [-0.18881836 -0.26791115  0.12831735 -0.03290964]
 [ 0.0934286   0.26048401  0.33929183 -0.47317869]
 [ 0.19766564 -0.21572122  0.39653514 -0.34491219]
 [ 0.26482412 -0.38498917 -0.03199782 -0.07293921]
 [ 0.24917537  0.15774484  0.13470889  0.27258166]
 [ 0.05258116 -0.1500793  -0.18199494 -0.17661135]
 [ 0.2251331   0.15288     0.04094826  0.23232641]
 [ 0.07889125 -0.1395571   0.06157903 -0.17063834]]
Singular Values 
[8.79011822 7.35560216 6.38829587 4.65041258]
Singular Vector V (transpose) 
[[ 0.02407334  0.57113103  0.32196521 -0.75469744]
 [-0.98160634  0.08621581  0.14177782  0.09441864]
 [ 0.164982   -0.03025008  0.91300456  0.37187169]
 [-0.09300758 -0.815758    0.20654331 -0.53219202]]

Kinase RPS6KA3
Singular Vector U 
[[-0.1941502  -0.03602188  0.08907944  0.064398  ]
 [-0.3146341   0.21385774  0.10664212 -0.04828683]
 [-0.07005468  0.2648564  -0.12473186 -0.04950933]
 [-0.06523436 -0.02778815  0.48218423  0.22466934]
 [-0.27329112 -0.17855326 -0.14270697  0.01923972]
 [-0.12102303 -0.37943553  0.16427107  0.11954998]
 [-0.25604943 -0.01864601 -0.23164387  0.12835514]
 [-0.12069206 -0.35004202 -0.01413724 -0.00814665]
 [-0.16266398 -0.21469321 -0.14289067 -0.13802334]
 [-0.23015646  0.03884546  0.39069689  0.20790761]
 [ 0.27783912 -0.03940233  0.0390108   0.11886962]
 [-0.03650081  0.08245329 -0.0212459   0.51691288]
 [-0.25086048  0.15665653  0.13295463  0.04933961]
 [-0.10025489 -0.21973557  0.18450676 -0.17929986]
 [-0.21490931 -0.2214139  -0.31882893 -0.22769423]
 [-0.25913676  0.26804801  0.18025852 -0.03311229]
 [-0.25548366  0.12366998  0.21176767 -0.19532766]
 [-0.07992855  0.33412239 -0.20022839  0.20515244]
 [-0.30534946  0.10448076 -0.3179744   0.04170119]
 [-0.01630334 -0.19217695  0.16256214 -0.0741756 ]
 [-0.04798466  0.09527805 -0.21912587  0.3704682 ]
 [-0.3873566  -0.25373327 -0.06114122  0.17414445]
 [ 0.15131036 -0.29227679 -0.07936239  0.47244763]]
Singular Values 
[9.99629803 8.08779597 6.84901371 5.66237281]
Singular Vector V (transpose) 
[[-0.66690228 -0.25700357 -0.69282615  0.09582502]
 [ 0.58347143 -0.63782836 -0.3718335  -0.33834291]
 [-0.15509773 -0.69402248  0.47804239  0.51551234]
 [ 0.43674608  0.21320636 -0.39141697  0.78140173]]

Kinase AKT1
Singular Vector U 
[[-2.76901608e-01  1.72615232e-01 -5.10944289e-02  2.91908501e-01
   4.16377167e-01 -2.33790551e-01  1.97625865e-02 -2.48074723e-01
   6.20594889e-02 -3.69805042e-02  1.15576771e-01 -1.47486180e-01
   1.38858857e-01 -7.62487959e-02  1.38559809e-03 -9.44483031e-02
   5.34660938e-01  1.21393718e-01 -1.21774341e-01  2.56239829e-01
   2.34503815e-01  5.44645634e-02 -4.85436652e-02]
 [-7.85453796e-02 -1.02635663e-02  3.30047854e-02  1.88533195e-01
   5.34112190e-02  7.03500227e-01 -2.41073620e-01 -2.81226428e-01
  -9.44140373e-02  6.58064201e-02  1.10977648e-01  2.06337254e-01
   1.20473510e-01  1.99521226e-01  2.80734584e-02 -2.58735486e-01
   5.84950181e-02 -2.84573632e-02  4.83917012e-02 -7.90167855e-02
  -8.95058151e-02  3.05301984e-01 -1.33765600e-01]
 [-2.53691055e-01 -9.36497752e-02  2.37839788e-02  2.06611011e-01
   2.36451205e-01 -3.63087881e-02  2.63104425e-01  1.92281801e-01
  -4.56065999e-01 -9.99365098e-02 -5.46262466e-02  2.73393407e-01
  -3.40858246e-02 -1.73337212e-01 -1.15862066e-01  9.49840357e-02
   6.42275760e-02  1.81265558e-01  4.19223960e-01 -3.80351887e-01
  -4.45050747e-02  3.32733400e-02  1.01692981e-01]
 [-2.31146968e-01 -2.38597178e-02  1.81395905e-01  2.76564425e-02
  -5.89917503e-02 -1.07459033e-01  9.72353192e-02 -2.99907120e-01
  -2.44758160e-01 -3.54887381e-01 -3.34360861e-04 -4.31569592e-01
  -8.08244605e-02  2.72648666e-01 -2.64811137e-01 -3.20716682e-01
  -3.08827564e-01 -1.06535041e-01 -9.07099471e-02 -1.89687052e-01
   1.08829084e-01 -9.56061404e-02 -5.47503943e-03]
 [-2.96245711e-02  3.07886134e-01  2.84675980e-01 -7.97003307e-02
  -1.86647605e-01  4.20674338e-01  2.34395941e-01  4.18756516e-02
   1.85920857e-02 -4.23157951e-01 -2.55163475e-02  1.89529097e-02
   1.82389296e-01 -7.89079340e-02 -1.86842805e-01  3.30615767e-01
   1.72463350e-01  1.83326917e-01 -1.68248604e-01  1.55551587e-01
  -3.98952418e-02 -2.33943466e-01  1.10142280e-01]
 [-2.98816723e-01  1.41836271e-01 -1.46823191e-01 -2.92927999e-01
   2.84218080e-02 -8.65725908e-02  4.75278602e-02 -4.68907805e-02
   1.42717282e-01  1.95940517e-01  9.95863801e-02  1.84080374e-01
   2.18793610e-01  3.66778390e-02 -1.60974593e-01 -2.03517789e-02
  -3.40963153e-01  5.92306605e-01 -1.97735904e-01 -1.26371758e-01
   5.85042279e-02  6.92864691e-02 -2.48966672e-01]
 [ 1.13228254e-03  3.37058716e-01 -1.13446743e-01  5.86046760e-02
   1.11013043e-01  1.31837695e-01 -8.50884533e-02  2.32714139e-01
  -3.00254601e-01  1.65633618e-01  5.14586194e-01 -1.02186517e-01
  -3.37751282e-01  1.47369856e-01 -3.08124683e-02  2.07489817e-01
  -2.21622050e-01 -5.78451858e-03 -3.67394090e-02  1.97281291e-01
   2.67767707e-01  4.87764703e-02  2.07033119e-01]
 [-2.70447005e-01  3.12752249e-01  1.01217488e-01 -6.77522617e-02
   7.41501929e-02  1.11314174e-01 -2.98114996e-01  3.79921006e-02
  -2.05014124e-01  1.70206208e-01 -4.21877859e-01 -8.48229198e-02
  -3.93483454e-02 -5.37219592e-01  1.32640955e-02 -1.66698333e-01
  -2.26756734e-01 -1.35327515e-01  1.60755661e-02  2.14982533e-01
  -8.33691722e-03 -1.08418514e-01 -6.06436723e-02]
 [-1.44585074e-01 -3.76969695e-01 -1.26885269e-01 -2.08116785e-01
  -2.86419479e-02  2.07917400e-01  6.73163104e-02 -1.36347535e-01
  -1.07625389e-01 -9.80783452e-02  1.60932217e-01 -1.71969786e-02
   1.48116433e-01 -2.05823058e-01  5.13234936e-01  4.05125626e-02
  -6.27633152e-02 -1.56138439e-02  6.26033817e-03 -3.03146681e-02
   4.87339579e-01 -3.01557477e-01  8.71453366e-03]
 [-1.47037579e-01  1.41961462e-02  1.17319777e-01 -3.62894813e-01
   2.73798939e-01  6.57010465e-02 -4.01928375e-02 -3.89983066e-02
   1.09347954e-01  3.74934779e-01  5.88758915e-02 -7.13112828e-02
   3.20898485e-01  2.22545519e-01 -2.99704810e-01  1.41716370e-01
   1.17764159e-01 -3.52054362e-01  2.48868720e-01 -1.27277343e-01
   1.57102048e-02 -2.87092357e-01  1.67913012e-01]
 [-2.55259887e-01 -9.32069145e-02 -2.74796358e-02  3.11013583e-01
  -3.94876419e-01 -2.27777739e-01 -8.82671073e-02 -2.55125949e-01
  -2.20218612e-01  1.21201332e-01 -6.17421340e-02  2.05939516e-01
   2.87144075e-01  1.10304567e-01 -5.54021999e-02  4.63317058e-01
  -1.43111365e-01 -2.15231130e-01 -4.89408790e-02  2.12703341e-01
   2.79777587e-02  1.03349860e-01 -1.76805250e-02]
 [-2.20429164e-01 -4.40037609e-02 -3.59927143e-01  1.01993746e-01
  -2.57610088e-01  8.95056764e-02  3.72816509e-01  1.00059543e-01
  -1.23153929e-01  2.60649321e-01  1.22308021e-01  3.22319163e-02
  -1.19754396e-02  1.86219254e-02 -2.79781540e-02 -3.74113510e-01
   1.31562234e-01 -5.69182064e-02 -1.70048841e-01  1.74389155e-01
  -3.58915586e-01 -3.49978354e-01  1.20943663e-01]
 [-2.65009564e-01 -1.87026561e-01  2.89318183e-01 -2.51548635e-01
   4.96738813e-02  4.19926904e-02  1.59619910e-01 -9.10402232e-02
  -7.98816079e-02  1.80995717e-01 -1.62185928e-02  9.02386282e-02
  -5.46206458e-01  9.04871047e-03  2.12387442e-02  2.30601309e-01
   2.33805830e-01 -1.38849711e-01 -3.36664415e-01 -6.13603880e-02
  -7.77066883e-02  8.49913059e-02 -3.25421681e-01]
 [-2.78458250e-01 -6.47313697e-02  1.62200400e-02  4.43410885e-02
   9.33721325e-02  3.82292418e-02 -6.19029416e-02  3.44158546e-01
   1.55447141e-01 -1.03728152e-01 -4.51567401e-01  2.90368364e-01
  -1.10970926e-01  4.87358510e-01  9.60484024e-02 -1.28581690e-01
  -1.92996113e-02  1.43213935e-02 -1.12386947e-01  1.61737879e-01
   2.89136384e-01 -3.61123909e-02  2.46112914e-01]
 [-1.48341918e-01 -2.58090609e-01 -1.40272070e-01  2.64340345e-02
  -5.01893674e-02  1.95769728e-01  3.20680800e-01  3.38848747e-02
   3.77573689e-01 -2.25151669e-03  9.05704536e-03 -9.95002461e-02
  -8.72867182e-02 -3.12405235e-01 -3.93121521e-01 -6.96450065e-03
  -1.41264427e-01 -1.60673062e-01  1.19195544e-01  1.76557170e-01
   2.33730025e-01  4.11501221e-01  1.36773510e-01]
 [-1.93563988e-01  5.66093771e-02  2.03881813e-01  3.49964815e-01
   2.48183201e-01 -4.61951060e-02 -1.00580908e-02 -1.82352562e-04
   4.35648391e-01 -1.39706173e-01  3.03503517e-01  2.47487137e-01
  -4.36028979e-02 -1.45160869e-01  1.52089795e-01  3.04851467e-02
  -3.45804313e-01 -2.33873657e-01 -1.28590347e-01 -1.48378877e-01
  -2.20397270e-01 -2.43310836e-01  3.38462259e-02]
 [-3.13382429e-01 -2.29321740e-01 -5.73300809e-02 -1.23837247e-02
  -1.96675207e-01  1.95929761e-02 -5.14437806e-01 -7.56553853e-02
   1.48505515e-01 -2.84708832e-02  7.65631068e-02 -2.18044716e-01
  -2.16505267e-01 -8.82081743e-02 -5.12334299e-02  1.29650223e-01
   1.68791320e-01  3.16094610e-01  3.26837683e-02 -1.41471112e-01
  -2.08604164e-01 -4.63036332e-02  4.36829943e-01]
 [ 6.29516869e-02  6.31798352e-02  5.02842837e-01 -2.01102640e-01
  -2.10046420e-01 -2.19004677e-01  6.46186548e-02 -1.40010759e-01
  -7.89604614e-02  1.23615485e-01  2.13373394e-01  3.36536145e-01
   4.88841379e-02 -1.36335260e-01  5.91272476e-02 -3.56047557e-01
   6.44633792e-02  2.67167811e-02 -2.73105214e-02  6.67260463e-02
   1.15717803e-01  1.94774730e-01  4.35835454e-01]
 [-2.75182460e-01  3.62311028e-01  7.02915025e-02  5.51931328e-02
  -2.74548881e-01  2.01166048e-02  2.01277356e-01  2.09003413e-01
   1.57863265e-01  1.45245559e-01 -4.19184819e-02 -3.46125111e-01
   1.32806987e-01  6.39386210e-02  4.25327693e-01  4.32410765e-02
   9.30972566e-02 -1.07254998e-01  5.96964291e-02 -3.69761212e-01
   1.92811793e-02  3.03050482e-01  1.72094318e-02]
 [-7.99755995e-02 -2.60759899e-01  4.80567909e-01  1.85570397e-01
  -8.90033864e-02  2.24495738e-02  1.70737254e-02  2.41403662e-01
   6.60342551e-02  1.80246949e-01  1.33330664e-01 -2.31197065e-01
   3.84043973e-02  1.14182203e-01  5.34209590e-02 -6.36158033e-02
  -6.71146680e-02  2.77875343e-01  3.70820575e-01  3.67687298e-01
  -3.99831507e-02 -1.24985251e-01 -3.03480954e-01]
 [ 6.63626574e-02  3.03169124e-01 -6.81510716e-02  1.44865634e-01
  -2.63880782e-01  2.20133169e-02  8.58326023e-02 -3.93260458e-01
   2.39637677e-01  1.47996483e-01 -1.16991756e-01  1.74285358e-01
  -3.93000882e-01  4.54190956e-02 -5.38080275e-02 -9.37641995e-03
   6.01867267e-02  9.41328881e-02  3.92554718e-01 -1.02597918e-01
   2.82399897e-01 -3.12973510e-01 -9.06456898e-02]
 [-2.84641930e-01  1.57260802e-01 -1.87207243e-01 -4.02359234e-01
  -5.89876034e-02 -1.35633638e-01 -6.77087104e-02 -1.36601376e-02
   3.45661817e-02 -4.30677849e-01  1.98243318e-01  1.57223523e-01
  -7.71486617e-02  9.35848836e-02  1.27934515e-01 -5.44816036e-02
   4.36987604e-02 -1.71799611e-01  4.14543034e-01  2.87030670e-01
  -2.29495968e-01  1.36457431e-01 -1.70210915e-01]
 [-5.31529424e-02 -4.63495271e-03 -4.84441888e-03  6.40012557e-02
  -3.13580301e-01 -6.37837349e-02 -3.20539739e-01  4.09490969e-01
   1.19881864e-02 -1.07617303e-01  2.22648000e-01  1.45627338e-01
   7.26988991e-02 -1.30815428e-01 -3.16439965e-01 -1.79177368e-01
   2.51319285e-01 -1.89717335e-01 -1.04893729e-01 -2.38668832e-01
   3.08060484e-01 -1.10506038e-01 -3.29894622e-01]]
Singular Values 
[17.96972003 12.80469398 11.84070214 10.58325448  9.88544866  9.46202898
  8.90347124  8.43544409  8.07838116  7.30066476  6.89385721  6.33453926
  5.61296705  5.05644316  4.82760389  4.45223901  3.82468994  3.23271916
  2.88032198  2.43577882  2.19427642  1.14235539  0.83630129]
Singular Vector V (transpose) 
[[-9.69512662e-02 -2.71959300e-01 -1.06647377e-01 -1.98637193e-01
  -1.75178643e-01 -1.12482742e-01 -1.50506392e-01 -3.78173590e-03
  -2.56670030e-01 -9.26413486e-02 -1.64263742e-01  4.20180264e-02
  -1.44406244e-01 -1.13693805e-01 -3.77311402e-01 -2.20039126e-01
  -8.96599461e-02 -4.84998634e-02 -1.86545978e-01 -1.21577995e-01
  -3.00612184e-01 -3.06892142e-01 -2.29717991e-01 -2.17695442e-01
  -2.42250588e-01 -2.62034329e-01]
 [ 1.18507387e-01 -1.44496790e-01 -2.70930322e-01 -8.95110876e-02
   3.32570165e-01 -5.42239898e-03  8.37207118e-03 -5.43911279e-03
   7.37333036e-03 -8.53610260e-02  1.47650675e-01  1.77125806e-01
  -3.42850013e-01  2.83197462e-01  1.64447627e-01 -1.87336959e-01
   3.91629719e-01  1.08466107e-01 -2.45099088e-01 -9.86904559e-02
  -1.77549379e-01  9.73654090e-03 -1.33212069e-01  2.46921460e-01
   3.08414890e-01 -1.10103965e-01]
 [-6.43337554e-02 -8.80982991e-02  3.41660964e-03 -1.33413935e-01
   1.57370894e-01  5.75241295e-02 -7.92292309e-03  3.58040226e-01
   1.11500354e-04  8.94401023e-02 -1.67806505e-01  2.39411561e-01
   5.62319323e-03 -2.44272610e-01 -5.35800204e-03  2.25148443e-01
   1.02782107e-01 -6.00983381e-03 -1.31060783e-01 -3.58512182e-01
  -3.20857772e-01  9.27316910e-02  4.45485412e-01 -1.89282948e-01
   4.83699797e-02  3.24929184e-01]
 [ 1.68744760e-01 -5.55186731e-02  3.85206831e-01 -1.72344645e-02
  -2.85418320e-01  8.01829500e-02  4.01718223e-02  9.40086322e-03
   1.09119716e-01 -1.46433423e-01  7.13473506e-02 -1.75438515e-01
  -1.28449891e-02  4.25861019e-02  4.71482279e-01  1.09201174e-01
  -1.29165763e-01  5.20089966e-02 -1.30144851e-01 -3.46548695e-01
  -2.80856989e-01 -2.44314338e-01  1.53629053e-02  2.91664991e-01
  -1.61864236e-01 -1.35097842e-01]
 [ 9.75589040e-02 -1.69265683e-01 -5.09380383e-02  4.53674457e-01
   1.44131198e-01  1.64197040e-01  3.80783954e-01 -2.38353909e-01
  -1.65259390e-02 -3.28598696e-02 -3.81404187e-01 -1.94345655e-01
  -1.04086900e-01  1.38091147e-01 -2.27719494e-02 -1.71215302e-01
  -2.50269220e-01 -1.47579867e-02 -1.47091184e-01 -1.39136421e-01
  -1.15146238e-01  3.00114214e-01  1.35217973e-01 -1.57183844e-01
  -1.01272141e-02 -9.63135632e-02]
 [-1.69221405e-01  2.31735475e-01  1.57735601e-02 -1.01612807e-01
  -2.89408694e-03 -1.81724054e-01  5.75132847e-02  8.82876567e-02
   6.84221742e-03 -1.42083847e-01 -4.59168324e-02 -1.16548402e-01
  -2.12012245e-01 -2.30466382e-01  2.20585961e-01 -2.14292335e-01
   2.34272657e-01  4.76555054e-01  1.03863920e-01  1.22037418e-01
  -5.79992457e-02  3.30220943e-01  1.18451307e-01 -1.14761187e-01
  -3.81546245e-01 -2.03781940e-01]
 [ 2.12615416e-01  2.60156149e-01  1.39193741e-01  8.51302357e-02
   2.47443886e-01 -2.58413377e-01  1.06675783e-01  3.95207916e-01
  -2.49903329e-01 -1.20997482e-01  1.51711781e-02 -1.84223411e-01
   3.70291637e-01  2.68579700e-01 -4.45741628e-02 -1.84968991e-01
   5.97647687e-02  1.16584563e-01 -1.28984417e-01 -2.35245493e-01
   1.27664563e-01 -1.41577256e-01 -1.65878446e-01 -2.20929396e-01
  -1.61836519e-02  7.83177601e-02]
 [-4.51661895e-02  2.62148680e-02  2.51485104e-01  2.30283987e-02
  -2.74618753e-02 -1.89205846e-01  2.54275477e-01 -3.23329375e-01
  -2.11419571e-01 -1.42031640e-02  3.34328213e-01  2.76819286e-01
  -3.60412475e-02  9.29482692e-02 -6.35301385e-02  2.53186487e-01
   1.60381066e-02  9.24216615e-02 -5.28504649e-01  2.24558815e-01
   4.36058007e-02 -1.18317284e-02  1.66386227e-01 -1.55342453e-01
  -1.42208223e-01  6.11690996e-02]
 [-1.99643487e-01 -1.02523731e-01 -2.26345440e-03  7.10114424e-03
  -1.05848333e-01  1.51833011e-02 -3.72820764e-02  2.38744773e-01
  -2.55985166e-01 -3.64925293e-01 -8.83225900e-02 -5.30757642e-02
  -1.42501016e-01  2.32205930e-01 -5.78554431e-02 -1.97643328e-02
   8.20797178e-03 -2.88780070e-01 -7.73969319e-02  9.95200941e-02
   8.29654822e-02  2.69237094e-01 -2.05693305e-02  4.01570592e-01
  -3.17262483e-01  3.89109685e-01]
 [-3.88821268e-01 -2.16596516e-01  8.21491482e-02 -2.12949893e-01
  -1.87290722e-01  6.45175209e-02  3.15499468e-01  1.13069043e-01
   1.51863941e-01  3.82842809e-02 -3.83390332e-01  3.04404986e-02
   1.18557310e-01  3.61530192e-01  2.11122829e-01  2.99865561e-02
   1.56122409e-01  1.40732666e-01  2.11963079e-02  2.58130576e-01
   1.73783890e-02 -2.21247511e-01 -9.23836087e-02 -1.97367871e-01
   1.47394231e-01  7.64264839e-02]
 [ 4.71113987e-01 -1.33896940e-01  1.55211942e-01  1.95115518e-01
  -3.36678357e-01 -8.19763088e-02 -2.84643360e-01  2.99927684e-02
   5.23314226e-02 -1.17536317e-01 -3.32944867e-02  8.35433570e-02
   2.87497485e-02  3.50125852e-02  5.49549920e-02 -2.95202593e-01
   1.76782101e-01 -1.99855741e-02  2.38536416e-02  3.75419004e-01
  -2.44230946e-01  6.62002868e-02  1.32630185e-01 -2.24097963e-01
   1.42836754e-01  2.31745863e-01]
 [-1.03944303e-01 -5.09133133e-03  3.11981272e-01  4.53111818e-03
   8.56421017e-02 -1.22283704e-01 -7.13363191e-02 -1.49481983e-01
  -2.30410014e-01  1.71362190e-01 -1.59154913e-01 -1.70001520e-01
  -1.52733850e-01  3.44033768e-02 -3.47068974e-02 -2.26223559e-01
   3.38746342e-01 -2.73698719e-01  1.11900768e-01 -6.33667450e-02
   2.28431076e-01 -2.65793437e-01  5.03938325e-01  1.19214653e-01
   6.18926022e-02 -1.65822106e-01]
 [ 1.45289495e-02  2.56765317e-01  2.49404411e-01 -2.57647778e-01
   9.49620613e-02  5.64900132e-01 -4.35502238e-02  3.89410741e-02
   2.12634477e-01 -3.30910228e-01 -2.02502706e-02 -1.64789847e-01
  -5.12968689e-02 -8.42183801e-02 -3.29466692e-01 -1.42356888e-01
  -2.04209278e-02  9.32431669e-02 -2.88043864e-01  1.31246037e-01
   6.93429072e-02 -4.94408448e-02  9.07433322e-02 -2.59998477e-03
   1.65893483e-01 -2.43560569e-02]
 [-8.51946277e-02 -1.32329909e-01  2.22817298e-02 -1.43488503e-01
   9.95027280e-02 -2.76898298e-01  9.63051646e-02  1.93748815e-01
   3.40686638e-01 -2.06069478e-01  3.35102725e-01 -1.90594244e-01
   3.00598798e-02  2.57700461e-01 -1.52335780e-01  8.92523846e-02
  -1.20509036e-01 -3.21902187e-01  1.44994732e-01  9.91073520e-02
  -2.28987006e-01  1.61151998e-01  2.43683761e-01 -1.50113808e-01
   3.98313354e-02 -3.22838210e-01]
 [ 3.54532667e-01 -7.58172409e-02  3.30803957e-01  3.86990526e-02
   8.97118762e-02  8.87927531e-02  2.86714604e-01  3.34105831e-01
   3.95509859e-02  2.53403660e-01 -9.51725121e-02  7.35569695e-02
  -3.61372361e-01 -9.47754549e-02 -1.72363211e-01  2.52446715e-01
   1.90712782e-01 -1.33913076e-01  1.13944532e-01  1.54340983e-01
   5.28199432e-02  3.85049890e-02 -2.98757684e-01  7.77461599e-04
  -1.70952756e-01 -1.44032770e-01]
 [ 2.50227968e-01 -3.85541812e-01 -5.06184843e-02 -2.89938659e-01
  -1.92495908e-02  1.15035571e-01 -2.78152098e-02  1.06699753e-01
  -2.76380609e-01 -1.86637184e-01  1.10667854e-01  3.89760709e-02
  -2.00487627e-01  3.11701573e-02  2.03682337e-01  3.58290041e-02
  -2.98159002e-01  1.64245175e-01  1.44586204e-01 -6.46598060e-02
   4.76018421e-01  4.32391737e-02  1.73190612e-01 -2.36234080e-01
   9.01255627e-02 -6.38957081e-02]
 [-7.45270828e-02  4.74052956e-02 -5.59525943e-02  6.77750287e-02
  -7.24764112e-02 -2.52496230e-01  1.07117222e-01  2.60034596e-01
   3.24130210e-01  2.94938618e-01  1.10413533e-01 -4.22992825e-02
  -3.73134682e-01 -6.83614651e-02 -6.38784203e-03 -3.64159397e-01
  -3.83217929e-01  6.07338614e-02 -2.21664855e-01  4.10035444e-02
   1.52292168e-01 -2.15585706e-01  8.24706468e-02  8.68834084e-02
   2.78570563e-02  2.60062290e-01]
 [ 6.37646956e-02 -3.02314307e-01  2.76533505e-01 -3.26467484e-01
   3.50441904e-01 -9.61236308e-02 -3.16386223e-01 -2.37030411e-01
   2.61830193e-01  2.67002183e-01 -1.09836255e-01 -9.04661381e-02
   1.74883739e-01  8.59782279e-02  5.87178029e-02 -1.24263206e-01
  -4.08612254e-02  2.09086497e-03 -1.58266359e-01 -3.38368174e-02
   8.19790173e-02  2.54614513e-01 -1.56733662e-01 -1.05494357e-02
  -2.65077370e-01  1.47774522e-01]
 [-4.57899363e-02  1.39233772e-01  2.46812609e-01  5.79713834e-02
  -5.18167885e-02 -4.38016506e-02  5.91017349e-03 -3.93620035e-02
   2.20179789e-01 -1.88577388e-01 -1.09866142e-01  7.26442945e-01
   1.96578287e-02  1.82673842e-01 -1.13059400e-01 -2.36384243e-01
  -1.11750957e-01 -9.67579541e-04  2.15022862e-01 -2.67568902e-01
   1.37862795e-01  7.87379083e-02  3.09404830e-03  5.09517398e-02
  -6.53385666e-02 -1.39312196e-01]
 [-7.12406051e-02  2.37620303e-02  1.00300418e-01 -1.90017993e-01
  -4.57653590e-01 -1.97708155e-02  1.05382720e-01  1.16812901e-01
  -1.54981276e-01  2.87590774e-01  7.14181440e-02 -3.92645748e-02
   1.37397954e-01 -7.63253337e-02 -3.39187282e-02 -1.71545338e-01
   6.26632940e-02 -1.15668816e-01 -2.37040342e-01 -1.87019329e-01
   7.79284571e-02  5.06839496e-01 -1.10225773e-01  6.47507205e-02
   3.44332712e-01 -1.96509266e-01]
 [-1.20844429e-01  1.32423357e-01 -1.73767094e-03  1.71995854e-01
  -1.36662555e-01  3.01967266e-01 -3.95603505e-01  1.23371771e-01
  -6.99419676e-02  3.61275288e-01  1.45668156e-01 -5.36468363e-02
  -1.95144964e-01  5.46829615e-01 -1.11628454e-01  1.26629930e-01
  -2.19941082e-02  2.19520203e-01  2.53379141e-02 -8.90899103e-02
  -7.20656057e-02  6.39372229e-02  9.44620571e-02 -1.60794814e-01
  -1.56312186e-01 -7.64033909e-02]
 [ 5.49733545e-02  2.51046011e-01  2.24572774e-01 -3.21124774e-01
   9.19206492e-02 -1.82792133e-01  8.48089449e-02 -1.98848495e-01
  -2.95679617e-01  5.82170500e-02 -1.09343612e-01 -5.84090178e-02
  -2.15415857e-01  1.41245043e-01 -1.08203926e-01  3.50865095e-02
  -3.13943382e-01  1.49191849e-01  3.17473474e-01  5.49888933e-02
  -3.66222036e-01  7.31670690e-02 -5.97071995e-02  1.08911723e-01
   2.79888007e-01  2.20135580e-01]
 [-2.07615735e-01 -3.58486302e-02  2.10001468e-01  2.40647607e-01
  -6.53394582e-02 -2.92915565e-01 -2.71916693e-01 -8.66916823e-02
   1.68387652e-01 -2.81030480e-01 -1.10218031e-01 -1.75429009e-01
  -3.22355265e-01 -8.08634954e-02 -5.69561502e-02  3.08084848e-01
   1.10285576e-01  5.92347226e-02 -6.28381139e-02 -2.40355341e-01
   1.84699651e-01  7.11384225e-02 -2.39786321e-01 -2.10529468e-01
   3.09198399e-01  9.60125099e-02]]

Kinase PRKCI
Singular Vector U 
[[ 0.00145287  0.29531333  0.06991627]
 [-0.06292601  0.23042946  0.18997562]
 [ 0.37136344  0.02171297 -0.10244962]
 [ 0.15269356 -0.28113245  0.28328263]
 [-0.20759286 -0.13044447 -0.10164432]
 [ 0.11476696 -0.03163407  0.09155008]
 [ 0.28406674  0.12018337  0.33634714]
 [-0.02654254  0.31164948  0.17303283]
 [-0.02701005 -0.17354218  0.44817592]
 [ 0.22694615 -0.24514923 -0.10451021]
 [ 0.13874582 -0.19163383 -0.12663764]
 [ 0.31503855 -0.11366315  0.09969708]
 [ 0.42197581  0.12972876  0.03439377]
 [-0.05961264  0.25584242 -0.23302249]
 [ 0.08111738  0.40781276 -0.09887342]
 [ 0.20004579 -0.26254136 -0.20972701]
 [-0.26498834 -0.21869695  0.2853888 ]
 [-0.12391697 -0.19482011 -0.11085091]
 [-0.14571469 -0.19111516  0.12231391]
 [ 0.13605275 -0.20342301 -0.23253052]
 [-0.19072259 -0.13823598 -0.2824803 ]
 [ 0.3694287  -0.04121247 -0.04515283]
 [ 0.0052901  -0.09338466  0.33895298]]
Singular Values 
[8.73605071 7.15804183 6.31809554]
Singular Vector V (transpose) 
[[ 0.8843686   0.37770555 -0.27428214]
 [-0.4257523   0.8935941  -0.14221311]
 [ 0.19138222  0.24254506  0.95107557]]

Kinase AURKB
Singular Vector U 
[[ 2.01123030e-01  3.63426743e-01 -1.29346753e-01  2.42374528e-02
  -1.71200333e-01  1.39793116e-01  3.74449357e-01  2.95934056e-01
   5.02324490e-02  6.34608435e-02]
 [-4.23596242e-02 -8.10452678e-02 -5.53148101e-02 -3.42796996e-02
  -1.98042358e-01 -2.00890386e-01  3.70647625e-03  1.74501567e-01
   1.69763092e-01  4.19056590e-01]
 [ 1.44868015e-01 -1.28617292e-01 -2.76051465e-01  5.67852032e-02
   7.09140537e-02 -3.75558284e-01 -2.77728617e-02  1.00292789e-01
  -5.55288628e-02 -8.74142092e-02]
 [-4.73557028e-01 -1.61522687e-01  1.15255919e-01 -1.89885383e-01
   1.24041092e-01  1.29871047e-01  1.75210841e-01  3.31764864e-01
   1.45180784e-01 -2.91316319e-02]
 [ 1.11927506e-01  1.16764592e-01 -5.32040125e-02 -3.90781700e-01
  -9.33871194e-02 -2.83067504e-01 -8.19922675e-02  2.87237847e-01
  -2.07032104e-01 -1.44124636e-01]
 [ 2.12760298e-01  3.14813400e-01 -1.99458811e-01  3.11800571e-02
  -2.67511454e-02 -1.23008006e-01  1.56813543e-01  9.73763317e-02
   1.32348931e-01 -2.14089850e-01]
 [-1.39258066e-01  3.39575675e-01 -1.57475073e-01  3.11057218e-02
   4.37653942e-02 -3.01644024e-02  1.89907201e-02  8.28366154e-03
   2.50162758e-01  8.08176971e-02]
 [-1.54069775e-01  1.44264802e-01 -1.96324873e-01  4.88774358e-01
  -2.87120063e-02  1.40453583e-01 -2.35521399e-01  1.40092208e-01
   6.30496544e-02 -2.27029584e-01]
 [ 7.67248957e-03  2.26875407e-01 -2.87456037e-02 -1.91384469e-01
   1.77777691e-01 -3.53829755e-01 -2.69385444e-01  1.14090932e-04
   1.27938725e-01 -3.27213344e-01]
 [-2.89364435e-01 -4.60982152e-03 -2.51847807e-01  2.10119159e-02
   8.97036230e-02  1.56665908e-01  2.36528414e-02 -7.88375096e-02
  -3.72590920e-01  1.08360520e-02]
 [-1.79694314e-01  2.76583819e-01 -5.18724778e-03 -1.47707896e-01
  -1.53597220e-01  1.74400445e-01 -1.88575992e-01 -6.91429007e-02
   9.63164298e-02  1.38412793e-01]
 [ 9.58077655e-02  8.76667804e-02  1.71174771e-01 -8.89257252e-03
  -2.33497874e-01  3.40172484e-01  7.44784712e-02  1.42293886e-01
   7.56861380e-02  8.70248109e-02]
 [ 1.16770667e-01 -7.50439709e-02 -2.62060549e-01 -1.59219780e-01
   2.38502830e-01  1.18085690e-01  2.40572363e-01  3.58142496e-01
  -3.03927310e-01  1.49150831e-02]
 [-1.71950821e-01 -9.10280800e-02  3.38194114e-01 -2.73878095e-01
   2.74872786e-01 -4.04670384e-02  2.01181653e-01  2.04167683e-01
   2.93034584e-01 -1.69750655e-01]
 [-3.56184549e-01 -1.19734337e-01 -2.08345460e-01  8.74097735e-02
  -3.15094003e-01 -2.57220974e-01  5.19618799e-02  5.39830851e-02
   2.33909825e-01 -3.00357154e-02]
 [ 2.96560722e-02 -1.96093598e-02 -8.65166077e-02 -5.17833162e-01
  -3.47527981e-01  1.58931056e-01 -2.05529584e-02 -3.44919103e-01
  -2.07531227e-01 -1.35415972e-01]
 [-2.96606927e-01 -2.34508649e-01 -3.88822638e-01 -8.81426568e-02
  -8.88019195e-03  3.85805636e-02  4.89136575e-02 -1.74207008e-01
   9.20576609e-02 -2.21382685e-01]
 [-1.24727843e-02  3.16427486e-01 -1.00217604e-01 -2.61123703e-01
   2.76863630e-01 -9.53416120e-03 -5.51135372e-02 -3.12173845e-01
   3.06376968e-01  3.01596958e-01]
 [ 1.05800028e-01 -1.38742162e-01 -3.65945215e-01 -1.20303666e-01
  -2.55202829e-01  1.15617847e-01  2.89989936e-01 -5.53574089e-02
   3.03031431e-01 -6.76026608e-02]
 [-3.38008346e-01  2.22651860e-01  6.56040197e-02 -7.63813625e-02
  -3.27929587e-01 -2.11405673e-01 -1.90609672e-01  2.54188808e-01
  -2.94312314e-01  2.31299148e-01]
 [-1.11353991e-01  1.49021868e-01 -3.40574691e-01 -9.94854282e-02
   3.88181957e-01  2.71690102e-01 -1.96145659e-01  1.29212954e-01
  -9.30219161e-02  1.58647857e-01]
 [-1.96484540e-01  1.68981651e-01  3.34349358e-02  1.43914091e-01
   1.47812477e-01 -3.42774826e-01  5.68476817e-01 -3.26344501e-01
  -2.55387054e-01  2.13875524e-01]
 [-2.25383126e-01  3.61708069e-01  2.01703535e-01  5.84595934e-02
  -8.17443291e-02  1.11668204e-01  1.94825059e-01 -9.17184864e-02
  -1.29130021e-01 -4.85846675e-01]]
Singular Values 
[10.44311929  9.31174744  8.62290449  8.4336883   7.13857251  6.19054296
  5.16676004  4.04561781  3.21468383  2.13163812]
Singular Vector V (transpose) 
[[-0.45298494  0.46475458 -0.24583485 -0.39429395  0.01149769 -0.40306264
  -0.16604787 -0.03984194 -0.27464209 -0.30939634]
 [ 0.50928858  0.21942434 -0.26383046 -0.06722254  0.17360082  0.16530589
  -0.68424141  0.05937159  0.23756443 -0.18094552]
 [-0.14864926 -0.15280392 -0.53440592  0.30573439 -0.71553701 -0.03641242
  -0.14777661 -0.14924044  0.13198873  0.02530656]
 [ 0.38618874 -0.10238356  0.39100161 -0.36007984 -0.464374   -0.05031846
  -0.1577789  -0.38633914 -0.4058627  -0.0280056 ]
 [-0.19599209  0.42305189  0.06021772  0.10225856 -0.16950449  0.64162297
  -0.1316236   0.23528813 -0.40517571  0.30210392]
 [-0.18643209 -0.36632317  0.20202275 -0.37133357 -0.26477557 -0.00735638
  -0.22650798  0.70490212  0.16559983 -0.08106916]
 [ 0.21936151  0.49497438  0.15787355 -0.02349513 -0.35378706  0.11396483
   0.45424716  0.13583408  0.37092259 -0.42529591]
 [ 0.04739061  0.37096713  0.3367283   0.24423566 -0.1323017  -0.5391116
  -0.21814808  0.12294207  0.20919704  0.52200452]
 [ 0.43954286  0.04231565 -0.49671491 -0.311687   -0.02342135 -0.16595198
   0.36628495  0.31959564 -0.22024725  0.385011  ]
 [ 0.2178494  -0.06672545  0.04485195  0.55783968  0.00621958 -0.25189909
  -0.02802366  0.36797074 -0.51433728 -0.41312237]]

Kinase ROCK1
Singular Vector U 
[[-0.12106246  0.02033279  0.13288557 -0.04979876]
 [-0.27094017  0.0340282  -0.22779165  0.16497062]
 [ 0.20304016 -0.13901612 -0.03903497 -0.01944751]
 [-0.05434569  0.19318882  0.01419809 -0.25009545]
 [-0.23428505 -0.10902552 -0.29504622  0.1335544 ]
 [ 0.00898551 -0.40198292  0.28675167  0.20899134]
 [ 0.02611722 -0.17185541 -0.28097439 -0.05517741]
 [ 0.24651131 -0.09181911  0.02711158 -0.20296121]
 [-0.19151251  0.2011646   0.15234768 -0.14504243]
 [-0.26710608  0.11804625  0.20168073 -0.11978006]
 [-0.15536509  0.10191951 -0.04559925  0.30076226]
 [-0.22767182 -0.23077529 -0.25849401 -0.16250185]
 [ 0.05784623 -0.40241544  0.26524233  0.19979941]
 [-0.44752306  0.00614147  0.1272389   0.24345533]
 [-0.26726933 -0.16068691 -0.00071424 -0.21863732]
 [-0.20618851  0.03774211 -0.23695656 -0.11338965]
 [-0.33770178  0.14254301  0.34598936 -0.03568867]
 [-0.12812661  0.14728094  0.25797768 -0.09519226]
 [-0.01251933 -0.25333442 -0.02525885 -0.57108105]
 [-0.26109592 -0.075856   -0.2493761  -0.22813909]
