Method Singular Value Decomposition(One of the PCA methods)
X = U(SIG)V*

X shape (nxm)

U shape (nxn)

(SIG) shape (nx1)

V shape (nxm)

Kinase CAMK2A
Singular Vector U 
[[ 0.12124433 -0.20589739  0.34822088  0.26995581  0.24976103  0.19278438
   0.12499391 -0.32329909]
 [ 0.00821199  0.06920276  0.08181564  0.37515168 -0.20584493 -0.11588064
  -0.33672829 -0.0410168 ]
 [-0.01524294  0.40008702 -0.10291572  0.16999638 -0.03466737  0.17741461
   0.22561023  0.26334595]
 [ 0.2535183   0.02934217  0.12068272  0.26887835  0.23528468 -0.1638807
  -0.37148161  0.13380714]
 [ 0.09678804 -0.46109588 -0.23086916  0.09013754 -0.12395016  0.03954534
  -0.21839657  0.01231266]
 [ 0.45406846 -0.11697859 -0.09218686 -0.08811707 -0.06647035 -0.52369197
   0.14057008 -0.27968381]
 [ 0.01689146 -0.01998915 -0.14922882 -0.17277655 -0.33440913  0.03959227
  -0.14125823  0.43255796]
 [ 0.22709213 -0.24204977  0.0566816  -0.39893846 -0.25261891  0.20531991
  -0.2071199  -0.12911417]
 [ 0.16971263  0.04839879  0.34890651 -0.25852927 -0.1744955   0.10524394
  -0.17859146  0.15449619]
 [ 0.04732026 -0.01615198  0.45236079 -0.27939179  0.05838473 -0.07970885
   0.23507993  0.22831652]
 [ 0.44848312  0.14299172  0.07346683 -0.02901572  0.20792844  0.03293612
  -0.11130964  0.12737469]
 [ 0.34208551  0.32934689 -0.02442252 -0.00661162  0.1345973   0.17693549
  -0.05768719 -0.02766353]
 [ 0.27340418 -0.21536735 -0.01561033  0.13059631 -0.08515228  0.26779605
   0.53469249  0.02835869]
 [ 0.19888582 -0.14493937 -0.30916043 -0.05610933  0.33481226  0.3372515
   0.02678209  0.30319184]
 [ 0.07795715 -0.12469022  0.02576812 -0.26679754  0.16734492 -0.35142534
   0.11761675  0.24974573]
 [ 0.18081658 -0.05844174 -0.0359003   0.14635151  0.03981085 -0.06054886
   0.00981872  0.07504618]
 [ 0.10946862 -0.2029336  -0.28464162  0.15303952  0.03965012  0.05159791
  -0.15420727  0.15508656]
 [ 0.06518639 -0.08446484  0.19119215  0.16473494 -0.45661215  0.1045979
   0.03889513  0.05110454]
 [ 0.08628092 -0.12158784  0.2058304   0.21901795 -0.22783711  0.20387567
   0.07918198  0.07323553]
 [ 0.16297926  0.10577355  0.26633752  0.17544396 -0.03809446 -0.02221403
  -0.12959647  0.1509642 ]
 [ 0.24882499  0.1742837  -0.26896161 -0.05535065 -0.21851369  0.06078254
   0.1117802  -0.30418432]
 [-0.05428786  0.05779801  0.06306201 -0.29265594  0.1857691   0.38653806
  -0.29536333 -0.33166439]
 [ 0.1895979   0.42512261 -0.14926685 -0.0607639  -0.23113898 -0.0180033
   0.01648755 -0.11541409]]
Singular Values 
[9.7060318  8.4439375  8.3184917  8.11893024 7.63853623 6.11828023
 4.76078489 3.2106022 ]
Singular Vector V (transpose) 
[[ 0.29864603  0.50703184  0.02513187  0.04729293  0.51379732  0.37705694
   0.13483142  0.47594316]
 [-0.25995907  0.45461136 -0.16974086 -0.54666761 -0.55167166  0.03001813
   0.04313965  0.30164321]
 [-0.267139    0.47436979  0.20851273  0.22302092 -0.04232463  0.1544909
   0.49057156 -0.58657899]
 [-0.07136392  0.13381822  0.73737685 -0.05754724  0.07989195 -0.60056858
   0.03709067  0.24803732]
 [-0.60076507 -0.4572332   0.12402694 -0.21577841  0.26315978  0.30291442
   0.38246957  0.24654197]
 [-0.36635499  0.17396082  0.27597851 -0.08765955  0.17209791  0.32679427
  -0.76092045 -0.19042378]
 [-0.52025513  0.21302416 -0.46321721  0.46792807  0.18857852 -0.39595625
  -0.10447865  0.21718526]
 [-0.03123676 -0.09278666  0.2779159   0.61046432 -0.5376467   0.34211684
  -0.0415283   0.36425055]]

Kinase CDK6
Singular Vector U 
[[ 0.15518152 -0.01778302  0.14677756  0.25126926 -0.05358324]
 [-0.00543805 -0.1455488  -0.20105336  0.11538772  0.15417339]
 [ 0.30215611  0.20655084 -0.13001803 -0.0971542  -0.0174206 ]
 [ 0.03170798 -0.35942917  0.17794644  0.05099113 -0.04168062]
 [ 0.04091324  0.11001601  0.4102627  -0.22882247 -0.42283724]
 [ 0.2045473  -0.00590667  0.1241267   0.2165204   0.24153282]
 [ 0.22546639  0.20414665  0.01762443 -0.29515901  0.25323131]
 [ 0.12698846  0.25009925 -0.03537224  0.32345708 -0.14665528]
 [ 0.13372879 -0.16188831 -0.40902007 -0.16440918 -0.0926018 ]
 [ 0.1980294   0.17202516 -0.21907164  0.01734338  0.31630565]
 [ 0.3750926  -0.02001235  0.09736214 -0.06394593 -0.30199187]
 [ 0.2292915   0.10797525 -0.26994041  0.15125972 -0.04437949]
 [ 0.27942194 -0.23645096  0.28877763  0.18917738  0.28983557]
 [-0.02278928  0.11312913  0.08628456 -0.51691937 -0.14614571]
 [ 0.04912038  0.31438504  0.19385163  0.08504082  0.09148044]
 [ 0.30573192  0.09855411  0.14419205 -0.31058613  0.3598301 ]
 [ 0.03171735  0.43289633  0.14750847  0.05938961 -0.04660734]
 [ 0.23205982 -0.11713422 -0.11739354  0.12574945 -0.26729202]
 [ 0.33515101 -0.24163924  0.23484448  0.01596395  0.00910797]
 [ 0.18317637 -0.21611327 -0.31000885 -0.32535277  0.01115217]
 [ 0.1417805   0.11335024 -0.21490422  0.15338194 -0.27420062]
 [-0.0340282   0.35460833 -0.1504227   0.08881952  0.03787719]
 [ 0.35533747 -0.01885759 -0.0415566   0.05169971 -0.23045068]]
Singular Values 
[9.56652038 8.35002575 7.38006602 5.21246974 4.18218968]
Singular Vector V (transpose) 
[[ 0.32949614  0.69185798  0.55804717  0.31450376 -0.04935159]
 [-0.39069803 -0.35229139  0.73916296 -0.18640414 -0.3770112 ]
 [ 0.08778756 -0.5058108   0.15914664  0.78620107  0.30497377]
 [-0.83735558  0.36463338 -0.03843426  0.19878745  0.35338999]
 [ 0.17296337 -0.09176734  0.33973024 -0.45685043  0.79845694]]

Kinase HIPK2
Singular Vector U 
[[-0.11315855 -0.03995032 -0.11759442  0.04476021]
 [-0.06381968  0.21258668  0.01753261 -0.28144937]
 [-0.41378748  0.01353581 -0.01212498  0.0556619 ]
 [ 0.29200511 -0.08159457 -0.06865376 -0.13049654]
 [-0.18969842  0.24541229  0.25010684  0.10721489]
 [-0.08903115 -0.13403849 -0.14578837  0.36184377]
 [-0.03602072 -0.37698267  0.37689506  0.1381254 ]
 [-0.20279989  0.03370502  0.23722678  0.15151786]
 [ 0.23996268 -0.08059851  0.14714479  0.03662283]
 [-0.16886435 -0.17297586 -0.16861445  0.45300187]
 [-0.25367141  0.12016418  0.05362714  0.20354801]
 [-0.10233104 -0.22889805 -0.11450562  0.00566072]
 [-0.03261019 -0.11434924 -0.32345921  0.39537735]
 [ 0.17969943 -0.26102571  0.2709963   0.02959115]
 [-0.18007884 -0.41517636 -0.01756689 -0.27828998]
 [-0.30362339 -0.30844822  0.04410458 -0.28850967]
 [-0.47340178  0.08030068  0.24907817 -0.18671155]
 [ 0.01240057 -0.12234509 -0.23547144 -0.01551329]
 [ 0.15366174 -0.16743872  0.30421532  0.1441173 ]
 [ 0.04726632 -0.05900956 -0.1329951  -0.19655615]
 [-0.06375419  0.12608188  0.31836917  0.17787883]
 [ 0.04620844 -0.43131056  0.1387947  -0.02160558]
 [-0.25514699 -0.13450765 -0.32270252 -0.14724637]]
Singular Values 
[9.90731001 7.88802341 5.76948061 4.84706043]
Singular Vector V (transpose) 
[[ 0.39160677 -0.66387275 -0.26046579 -0.58144189]
 [-0.4461081  -0.56757344  0.69094081  0.03806252]
 [ 0.57952777  0.34388953  0.67340814 -0.30398855]
 [-0.55837198  0.34478014 -0.03577498 -0.75370255]]

Kinase AKT1
Singular Vector U 
[[ 2.99698196e-01 -5.76583513e-02 -1.17315898e-01 -2.41894267e-01
   6.67923370e-02 -1.29861953e-02  7.28433195e-02 -4.58275888e-02
   1.09903034e-01 -8.86460258e-02  3.18424919e-01 -1.47992737e-01
   3.16721152e-01 -1.55015261e-01  4.42827455e-01 -2.05550569e-02
   1.87294709e-02 -2.65983656e-01  2.57033122e-01 -4.00413315e-01
   5.48854615e-02 -2.40358832e-01  1.30762094e-02]
 [ 1.70714312e-01  1.85870092e-01  3.35595037e-01  2.11014535e-01
  -1.00629528e-01  2.95772403e-01 -2.19197392e-01  1.51819550e-01
  -3.56464483e-01 -9.05719832e-02  2.71154741e-01 -2.05858420e-02
  -8.23948067e-02  5.16851734e-02  3.64878248e-03  3.05309245e-01
   1.58957190e-01 -7.74479409e-02 -1.97869697e-01 -3.73421424e-01
  -3.93702530e-02  2.22864168e-01 -1.93564680e-01]
 [ 1.28281495e-01 -1.86072501e-02 -1.81319250e-01  2.85957957e-02
  -4.58174904e-01 -2.65971002e-02 -3.40927371e-01 -4.68584353e-01
   3.46288529e-01  1.16918135e-01 -3.17653438e-02  4.08417784e-02
  -1.26468975e-01  1.63019287e-01 -5.18624580e-02  1.66174937e-02
   2.13854748e-01  1.10968661e-01  2.91938087e-02 -2.68949772e-01
  -2.14210731e-01  9.78357215e-02  1.85952606e-01]
 [ 5.43865088e-02 -1.49137438e-01  2.94068834e-01  7.31431145e-03
   1.59247986e-01 -1.58908608e-01 -1.34274466e-01 -3.79621785e-01
  -2.85020761e-01 -8.32708722e-02  6.22082144e-02 -1.64651882e-01
  -1.61072603e-02  3.60815354e-02  2.49516621e-02 -1.92664522e-02
  -6.96953504e-02  5.73734366e-01  8.13997586e-03 -9.82304422e-02
   3.56302533e-01 -2.54759346e-01  1.34951892e-01]
 [-1.42086155e-02  1.83737322e-01 -7.98675345e-02  3.07347469e-01
  -4.60197457e-01  4.82093622e-02 -5.31612525e-02  8.20319260e-02
   1.10422703e-02 -1.77975816e-01  3.20660911e-01 -1.89221901e-01
  -8.98552278e-03  1.49670873e-01 -1.47379393e-03 -6.41293431e-02
   9.22082348e-02 -6.37953535e-02  1.03999391e-01  4.15422811e-01
   1.81586404e-01 -4.54665901e-01 -9.40999732e-02]
 [ 1.72193276e-01 -3.23650715e-01  2.52384378e-01  2.77244560e-01
  -9.09101961e-02  4.08712931e-02 -2.01133216e-02  3.75427960e-01
   4.31039814e-01 -2.63692381e-01  1.13941136e-01  1.48785516e-01
  -3.63543643e-02 -1.71452602e-01  1.08076184e-01  4.97671599e-02
  -2.14041968e-01  1.98477366e-01 -6.46851202e-03  2.97735424e-02
   1.66914048e-02  1.27235043e-01  3.68544408e-01]
 [-4.01877568e-02 -4.97790904e-01  3.75876154e-02 -1.65126121e-01
   6.39672714e-02 -9.32957991e-03 -2.77335974e-01 -8.97392670e-02
  -2.47217198e-01 -2.80942661e-01  1.94090256e-01 -5.42828809e-02
  -3.35857178e-01 -1.34831780e-03 -4.69989287e-03 -3.83905680e-01
   6.80821215e-02 -3.40672767e-01 -7.23474241e-02  1.47969162e-01
  -1.99458157e-01  4.74255112e-02  4.51363901e-02]
 [ 2.25336982e-01  2.96620080e-01  4.25726931e-01 -1.91151088e-01
   5.17136415e-02 -6.56892218e-02 -6.73973453e-02 -1.14757962e-01
   3.43368755e-02  1.55716936e-01  1.17097105e-01  2.73997443e-01
  -1.82755141e-01 -2.53827941e-02  2.70658808e-01 -3.00196917e-02
  -4.95408922e-02  1.03016997e-01  3.57253636e-01  3.55991058e-01
  -3.29845352e-01  2.34375975e-02 -1.39886950e-01]
 [ 1.28181117e-01 -1.42056594e-01  1.92217880e-01  3.54101595e-01
   1.44138081e-01  4.66228671e-01  2.91854622e-01 -2.69825024e-01
  -1.67364809e-02 -1.16070667e-02 -2.90891843e-01  1.63216892e-01
  -1.92393347e-02  1.03698200e-01 -7.82636317e-02 -1.16318027e-01
   2.33557969e-01 -2.35387617e-01  3.41326145e-01 -2.74004933e-02
   1.18864628e-01 -9.47561107e-02  1.10247668e-01]
 [ 2.90945178e-01  1.37691620e-01 -8.05495491e-02 -2.03321484e-02
   2.83268884e-01 -6.82246867e-02 -2.83101710e-01 -1.34125824e-01
   1.33192623e-01 -2.58566484e-01 -2.66398795e-01 -6.61473892e-02
  -9.42670088e-02  3.15731180e-01  1.29860136e-01  4.04955907e-01
  -2.06548466e-01 -3.12006125e-01 -1.65841047e-01  2.17590929e-01
   1.77856872e-01 -3.21779445e-02  9.77976625e-02]
 [ 8.21470914e-02  6.96778047e-02 -2.41363132e-01 -3.86680772e-01
  -1.17782735e-01  3.27591268e-01 -2.36970568e-01  1.84829025e-01
  -1.52490821e-01 -3.57337285e-01 -1.86838146e-01  4.80707351e-01
   1.50464790e-01 -2.94498478e-03 -9.63319257e-03 -9.04250735e-02
   1.37821120e-01  2.56140705e-01  6.92224295e-02  2.71848467e-02
   1.63679999e-01 -6.36249731e-02 -1.70596422e-02]
 [ 1.42053315e-01  7.82587860e-02 -2.21361845e-01  2.12347930e-01
   3.59507834e-01 -5.60361021e-02 -3.07374221e-01 -9.82270302e-02
   1.98894360e-01  7.71447917e-02  2.74645657e-01  7.94920410e-02
  -1.46891516e-02 -4.16338511e-01 -2.74881268e-01 -6.29235827e-02
   2.03284730e-01 -6.58767991e-04  1.31982998e-01  1.23652238e-01
   3.13152244e-01  2.18657864e-01 -2.06997837e-01]
 [ 2.69785610e-01 -1.32206019e-01  2.34095888e-01 -6.57748919e-02
  -2.70738496e-01 -6.31771418e-02  1.37293041e-01 -1.87712522e-01
   1.74018167e-01 -4.26911867e-02 -7.76316892e-02  9.33059503e-02
   2.17275113e-01  9.31444357e-02 -5.33371394e-02 -3.07549206e-01
  -2.38623531e-01 -8.55406151e-02 -2.88416112e-01  1.46737191e-02
   2.62609111e-01  1.89987265e-01 -5.16105114e-01]
 [ 1.86332444e-01  6.37717928e-02  9.11269980e-02  7.31182770e-03
  -3.26844814e-01 -2.84215600e-01  3.41331218e-02 -4.31281349e-02
  -2.84772970e-01 -1.99205559e-01 -3.70294202e-01 -2.55460590e-01
   1.58667120e-01 -4.60332780e-01  8.95563111e-03  9.11737596e-02
   1.97163203e-01 -1.06550935e-01  1.47143553e-01  1.66124165e-01
   1.55719366e-02  2.59263250e-01  1.63275959e-01]
 [ 2.77175994e-01 -2.86250254e-01 -1.73847254e-01  8.86498110e-02
  -1.21388570e-01 -1.51706699e-02  5.99609551e-02 -5.75324602e-02
  -1.66382327e-01  1.85801277e-01 -8.71603030e-02  2.64660722e-01
  -2.16113483e-01 -3.81147405e-01 -1.10756022e-01  3.28957673e-01
  -1.97486997e-01 -2.28771049e-02 -1.41898643e-01 -1.52474194e-02
  -1.60170724e-01 -4.51807605e-01 -1.98240194e-01]
 [ 9.34661093e-02 -4.64167809e-01 -6.86780655e-02 -7.31110566e-02
  -1.08809163e-01  5.07731009e-02 -2.14627056e-01  2.58345823e-01
  -1.19211332e-01  4.08509431e-01 -5.18780050e-02 -1.72537233e-01
   1.01176305e-01  2.92198573e-01  3.33975241e-02  2.20004061e-01
  -2.97186741e-02  5.27091485e-02  4.11249574e-01  1.32675724e-01
   1.64308857e-01  1.94738329e-01 -1.56618213e-01]
 [ 4.71934245e-01  1.35047241e-01 -1.91907161e-01 -5.38202251e-02
  -4.32108256e-02  1.37873899e-02  2.19192637e-01  9.34665639e-02
  -2.38205602e-01  3.67632584e-01  1.82077363e-01  7.56544745e-02
  -1.50808288e-01  1.11817190e-01  4.15387972e-02 -2.43012502e-01
   2.90281263e-02 -9.21613372e-03 -2.59722627e-01  1.11896626e-01
   2.03318009e-01  1.34993354e-01  4.39559791e-01]
 [ 3.86539473e-01  3.80209186e-02 -6.78579993e-02 -1.61227197e-01
   1.18851243e-01  1.90558683e-01  1.57158901e-01  1.06704827e-02
   4.36872059e-02 -2.14111354e-01  1.04384779e-01 -3.67921609e-01
   1.15085316e-01  1.00398202e-01 -5.56579112e-01  2.09125087e-03
  -1.45332534e-01  1.93689131e-01  1.20620659e-01  4.68492762e-02
  -3.74947288e-01  5.04693392e-04 -1.41748809e-02]
 [ 1.14047462e-01 -2.25420708e-02  8.92198718e-03 -2.11774291e-01
   3.20463028e-02  1.28583126e-01  1.75314878e-01  1.80747194e-01
   2.75471335e-01 -2.87545349e-02 -2.08102249e-01 -3.51676987e-01
  -5.33828192e-01 -8.65915644e-02  1.96000606e-01 -8.82339262e-03
   3.86711397e-01  1.94488666e-01 -1.08911000e-01 -3.26921366e-02
   1.37372025e-01 -6.06961257e-02 -2.51148087e-01]
 [ 1.12741033e-01  1.12665674e-02  3.08431242e-01 -1.62505204e-02
   1.16218995e-01  4.76707693e-02 -4.02261014e-01  2.21980756e-01
   1.23549591e-01  3.15888586e-01 -2.32524702e-01 -1.18153166e-01
   3.42681867e-01 -7.01737237e-02 -9.84440331e-02 -2.21222680e-01
   2.35048303e-01 -8.37147335e-02 -2.72774719e-01  4.02003954e-02
  -1.37553374e-01 -3.65432068e-01  1.00481072e-01]
 [ 5.07880998e-03  2.30702155e-01  1.47519192e-01 -1.05335994e-01
  -1.18324247e-01 -1.92025946e-01 -1.43723078e-01  2.38208786e-01
   1.20834460e-02  3.18249739e-02 -1.43460409e-01  1.21757833e-02
  -3.55990348e-01 -5.51578076e-03 -3.37827563e-01 -2.00558976e-01
  -3.10877338e-01 -2.20180294e-01  3.37829225e-01 -3.72578366e-01
   2.45761084e-01 -1.39846851e-01  6.78007819e-02]
 [ 1.79349334e-02  1.48766278e-01 -2.47432736e-01  2.95152225e-01
   1.73872481e-02  3.47589455e-01 -2.34839017e-01 -3.54517381e-02
  -1.13668792e-01  5.70526796e-02 -2.23275905e-01 -2.63550266e-01
  -4.77177499e-02 -1.73866633e-01  3.42088018e-01 -3.32622158e-01
  -4.47551912e-01  1.40650284e-01  2.77760303e-02 -3.26075086e-02
  -1.31493385e-01  9.19627555e-02 -9.14319073e-02]
 [ 2.45166392e-01 -2.28720005e-02 -1.82103695e-01  3.88257450e-01
   1.66280177e-01 -4.94909055e-01  3.10401699e-02  2.27419124e-01
  -1.20490529e-01 -1.71846993e-01 -1.47646649e-01  1.49682113e-01
   1.44415684e-02  3.04452766e-01  9.95173043e-02 -2.06723958e-01
   2.13189909e-01  1.43540782e-01  8.15689815e-02 -1.70597509e-01
  -2.25579177e-01 -4.09276996e-02 -2.05020942e-01]]
Singular Values 
[14.42586739 13.23807154 11.75346761 10.81139883 10.54727344  9.95966449
  9.40166626  8.97411995  7.72373604  7.03051342  6.74132072  6.41801735
  5.79938495  5.56309142  5.20478401  3.95500363  3.77029391  3.61212129
  3.18906458  2.75327327  1.63071572  1.15957812  0.66983419]
Singular Vector V (transpose) 
[[ 1.54852040e-01  2.14523688e-01  1.79223078e-01 -6.58196871e-02
   1.72522986e-01  1.39597454e-03 -5.52864373e-03  9.41160750e-02
   1.30684047e-01  3.08322197e-01  1.96121326e-01  1.29892431e-02
   2.56042328e-03  2.22270014e-01 -5.63802602e-02  1.30879212e-01
  -5.93338399e-03  1.61942664e-01  1.65280794e-01  2.95947980e-01
   4.33794880e-01  3.25218154e-01  3.16099457e-01  2.57718328e-01
  -4.60044843e-03  1.81476602e-01]
 [-2.65103544e-02 -1.63814184e-01 -4.01250352e-01 -1.86933617e-01
  -4.28979317e-04  5.94979400e-02  4.98202966e-02 -3.25052639e-01
  -2.24255462e-01 -1.11528104e-01  2.77616158e-01  2.67503940e-01
  -3.81447730e-01 -2.38183654e-01  4.69207809e-02  3.03644068e-01
   1.25934323e-01 -1.27967942e-01  1.66967351e-01 -1.71761075e-02
   1.56622644e-01  2.29798011e-01  5.57409953e-03  7.06284558e-02
  -9.91311082e-02 -6.51830704e-02]
 [ 2.03472542e-01  1.54945142e-01  8.09824399e-02  2.30564747e-01
  -1.85503166e-01 -7.62878670e-02 -1.90754200e-01  1.68946078e-02
  -3.13985311e-01  2.17718159e-02 -2.13237968e-01  3.75382729e-01
   1.25021368e-02  2.75769885e-01  1.94054798e-01  5.27586571e-02
   3.94721959e-01 -2.60336009e-01  1.74865300e-01  1.06141541e-01
   9.41174215e-02 -1.09975847e-01 -9.82011714e-02 -6.21787297e-02
   3.07444810e-01  3.83459833e-02]
 [ 6.52212340e-02  2.22554367e-01  1.96630378e-01  5.22136855e-02
  -3.58877301e-01 -3.90759701e-03  2.97264683e-01  2.08545465e-01
  -2.40000021e-01 -1.87923643e-01  1.31390477e-01 -4.75059025e-02
  -1.53215509e-01 -5.95687845e-02 -2.21144220e-01  1.11144362e-01
   9.25584395e-02  2.66053843e-01  7.04937272e-02 -3.21362310e-01
  -5.57409434e-02  1.48670005e-01 -6.54909594e-02 -1.51385846e-01
  -5.31458777e-02  4.47892375e-01]
 [ 1.10530065e-01  1.42435253e-01  7.59163977e-02 -1.98478147e-01
  -3.17578545e-01  1.42834550e-02  1.18039970e-01 -2.55251370e-02
   6.77904267e-02  2.11626910e-01 -3.91432898e-02 -2.54472811e-01
   2.07955394e-02 -1.08637218e-01 -1.74026512e-01  1.39231463e-01
   2.63769382e-01 -4.14541375e-01  1.03597886e-01  9.35313855e-02
  -4.42119554e-01  6.22964751e-03  3.04536174e-01  2.28047521e-01
  -9.16381103e-02 -1.39873515e-01]
 [ 9.80647897e-02 -1.58522011e-01 -1.86648294e-01  4.95344672e-02
   5.19151001e-02  4.39930052e-01 -2.04605770e-01  3.07314158e-01
   2.71566110e-01 -5.97462287e-02 -2.27795947e-01 -1.86975464e-01
   1.67390379e-01 -1.55267164e-01  5.69990848e-02  2.00629599e-01
   1.31749680e-01 -2.53553163e-01  1.28538213e-01 -2.33182891e-01
   1.91918947e-01  1.33117466e-01 -1.88910792e-01  1.09529985e-01
  -2.35349495e-02  2.83358212e-01]
 [ 2.71137171e-01  3.29203468e-01 -1.84567884e-01 -1.69426945e-01
  -3.80149231e-02 -3.97424517e-01 -2.97416872e-01 -1.60415553e-01
   2.71407473e-02 -4.66057554e-01 -1.78810367e-01 -1.55277066e-01
   6.14038811e-04 -1.17726041e-01 -1.50110270e-01 -1.32259542e-01
  -1.47360106e-01 -5.12682742e-02  1.67141752e-02  7.20950743e-02
   1.47853844e-01 -8.28990774e-02 -2.28562787e-02  2.53107934e-01
  -5.79096745e-02  1.65374281e-01]
 [ 2.47632734e-02 -1.40553399e-01 -8.97209260e-03 -3.83461392e-01
  -6.88047572e-02 -2.95538394e-02 -1.49937987e-01 -1.39752026e-01
  -2.73066706e-02  1.31294936e-01 -1.66168115e-01 -7.64024823e-02
   7.30380367e-02 -4.69286931e-02  1.45038605e-01  3.32836584e-01
  -2.47478919e-02  1.35589286e-01 -3.83857124e-02  1.48833916e-02
   1.00637964e-01 -3.78937773e-01  3.68001836e-01 -4.38669179e-01
   2.96295342e-02  3.01587059e-01]
 [-3.93964876e-01  1.35804417e-01  1.33737874e-01 -2.53150081e-01
   2.55357292e-02  1.87569676e-01 -2.34295314e-02 -4.12723110e-02
  -2.92301558e-01 -1.36745143e-01 -1.47177930e-01 -4.50837325e-02
   7.27773394e-02  4.37245529e-02  2.53043943e-01 -3.59244490e-02
   8.12715088e-02  1.15908420e-01 -1.70246605e-01 -3.41010004e-01
   8.18933445e-02  9.28420025e-03  2.33228630e-01  4.70875260e-01
   2.29985306e-01 -6.93623701e-02]
 [ 4.87978901e-01 -1.21557577e-01  6.19853136e-02  7.20305420e-02
   3.62446543e-01 -5.70626126e-02 -2.20960714e-01 -1.33201566e-01
  -7.09133618e-02  2.99367637e-01  3.54232166e-02  4.54680701e-02
  -2.29844341e-01 -6.50463873e-02 -6.54009137e-02 -8.12513343e-02
  -9.27817718e-03  8.26274176e-02 -9.69790837e-02 -4.52417165e-01
  -2.87470084e-01  8.22627745e-03  8.60524007e-02  1.36047638e-01
   1.65504144e-01  1.18142127e-01]
 [-1.65164949e-01  1.54839580e-01 -2.90220360e-01 -2.04856764e-02
  -2.68704483e-01 -2.35025542e-03 -4.12093035e-01  1.93535888e-01
  -1.06416008e-01  2.94446484e-01 -1.03144065e-01  1.38126684e-01
  -8.28173398e-02  3.13053772e-01 -2.13013672e-01  2.73012505e-01
  -2.97834825e-01  1.07625907e-01 -1.55562238e-01 -1.12005446e-01
  -1.16538772e-01  6.72895110e-02 -1.14472479e-01  7.00199420e-02
  -2.12940803e-01 -1.16649249e-01]
 [-2.07595960e-03  2.83593714e-01 -1.42800360e-01  1.73914377e-01
   9.83350662e-03 -7.39449124e-02  1.44320745e-01 -8.17579096e-02
  -3.18807470e-02  2.83319322e-01 -3.26501180e-01 -2.09675244e-01
  -8.67316096e-02 -1.92141716e-01  2.42888547e-01 -5.32620116e-02
  -5.29119924e-02  2.34499109e-01  5.27077840e-01 -2.08467776e-01
   1.28603573e-01 -5.57326956e-02 -1.43497213e-02 -7.22758345e-02
  -1.50719292e-01 -2.66230936e-01]
 [-2.25176363e-02  2.48050722e-01 -1.32870069e-01 -3.43597353e-01
   2.94179004e-01  3.20877063e-01  2.73819653e-01 -1.32684048e-01
  -5.33016352e-03  1.60625294e-02 -3.13108576e-01  2.95613609e-01
   8.60093884e-02  1.14696204e-01 -3.98424675e-01 -1.16335642e-01
  -1.21315883e-01 -4.37009915e-02  1.73862934e-01  5.07043824e-02
  -1.42153492e-01  3.20691271e-02 -1.04714826e-01 -1.34104461e-01
   1.82354343e-01  9.35938024e-02]
 [-1.62606087e-02 -3.40578818e-02  3.08014277e-01 -2.47338055e-02
  -7.65743674e-02  2.06201138e-01 -1.78108089e-01 -5.03909996e-01
   1.31188801e-01 -2.14787834e-02 -2.74887123e-01 -4.56523677e-02
  -1.51156393e-01  1.75995020e-01  4.12979894e-02 -1.06839874e-01
   2.81770656e-01  1.56757248e-01 -1.32515069e-01  6.37295372e-02
  -2.31743064e-02  2.37258940e-01 -1.73084518e-01 -5.64816699e-02
  -4.30998950e-01  7.39761662e-02]
 [-7.71099704e-02 -2.34884434e-01 -1.54856586e-01  6.69972084e-02
   2.11797742e-01 -2.48103323e-01  1.07990103e-01 -2.31923545e-02
  -1.20588633e-01 -1.55317373e-01 -2.18371378e-01 -4.78545802e-01
  -1.04094918e-01  3.74835953e-01 -5.27667929e-02  2.99125700e-01
   8.72532721e-02  9.28123600e-02  6.52047073e-02  1.16579926e-01
  -1.67372874e-01  2.90104057e-01 -4.95179370e-02 -5.11702658e-02
   2.85123838e-01 -1.53459349e-02]
 [ 1.77941145e-01 -2.98595218e-01 -2.46883006e-01  1.40217951e-01
  -1.55190004e-01  2.87599981e-01  1.79343196e-01  1.51582134e-01
  -9.38647029e-02 -9.87817828e-02 -1.85523576e-01  1.87461396e-02
  -3.11815639e-01  1.88330254e-01  1.37389668e-02 -2.43536865e-01
  -5.36977374e-02  2.02856169e-01  4.89082631e-02  2.50196648e-01
  -4.78057188e-02 -3.08544036e-01  2.51474299e-01  2.92246858e-01
  -1.36485872e-01  1.31554008e-01]
 [ 3.19194512e-01 -1.55976289e-01  2.41903808e-01  8.47550530e-02
  -1.38424327e-01  8.34395049e-02  2.30418805e-01 -1.46722988e-01
  -1.01289622e-01 -1.63027256e-01 -1.52691722e-01  8.95839660e-03
   8.07458658e-02  2.09342221e-01 -4.75917047e-02  1.58260918e-01
  -4.56204933e-01 -3.06917067e-01 -6.27926470e-02 -2.52246205e-01
   2.74745681e-01  1.04019795e-01  1.67331654e-01 -6.71992468e-02
  -9.35856124e-02 -2.68294911e-01]
 [ 1.45918952e-01  1.51238540e-01 -6.91353016e-02  1.43176541e-01
   2.75532564e-01  2.07582023e-01 -1.04308780e-01 -6.05302543e-02
  -1.48634095e-01 -3.05314265e-01  3.00078549e-01 -3.92191864e-03
   4.19244970e-01  2.07056251e-01  1.00349715e-02  2.36564988e-01
   1.34600827e-01  1.84940730e-01  1.92639085e-01 -4.68768683e-02
  -2.30257811e-01 -1.88082237e-01  1.19999565e-01 -1.45293371e-03
  -3.24554531e-01 -1.31034098e-01]
 [-5.98224683e-03 -1.40584006e-01 -2.69869548e-01  2.60244622e-01
  -1.87005665e-01  5.71955959e-02 -1.21103174e-01 -1.74661200e-01
  -2.29471311e-01  1.04491207e-01 -6.41611101e-02 -5.26148739e-02
   3.99916128e-01 -2.15688426e-01 -3.61004533e-01 -2.59828073e-01
   1.61007065e-01  1.45906111e-01 -1.19615740e-01  1.58568431e-02
   1.55493728e-01  2.71565464e-01  2.98957330e-01 -1.27336062e-01
   1.18607268e-01 -4.60846554e-02]
 [-1.05232920e-01 -2.19874551e-01  5.76450425e-02  1.07759510e-01
  -7.78589096e-02 -3.09098988e-01  1.11628376e-01 -2.47336822e-02
   4.77170918e-01 -1.33881251e-01 -2.23982266e-01  4.41029550e-01
   1.16272221e-01 -3.69413357e-02 -1.80349357e-01  2.53241712e-01
   1.58366443e-01  2.46218416e-01  1.19158935e-01 -1.83864791e-01
  -4.22849187e-02 -4.34449942e-02  1.39911666e-01  2.15646476e-01
   2.84305806e-02 -6.97549941e-02]
 [-1.07923703e-01 -4.11675024e-01  1.88573556e-01 -1.72640609e-01
  -7.90002024e-02 -1.52200940e-01 -3.03726468e-02 -1.41434498e-01
  -2.79356827e-01  2.15411417e-01  1.06603332e-01 -7.41719591e-02
   2.74367540e-01  6.52332557e-02 -1.83090959e-01 -8.29530618e-02
  -9.81171940e-02 -3.20733841e-02  3.97048915e-01 -1.98263106e-02
   6.78538976e-02 -1.80081949e-01 -3.42942174e-01  2.79780938e-01
  -9.41664999e-02  1.77342055e-01]
 [-2.14026461e-01 -1.00080500e-01  1.86682593e-01 -8.61016601e-02
   4.87229817e-02  5.59491170e-02 -3.76150129e-01  1.82842812e-01
   7.77309194e-02 -2.04258808e-01  1.07312230e-01 -6.55155489e-02
  -3.28157561e-01  1.36630944e-01 -3.07472642e-01 -2.50330474e-01
   9.13824213e-02 -1.08510367e-01  3.79624801e-01 -1.69890991e-01
   9.77041868e-02 -4.17076919e-02  2.61784923e-01 -2.43009465e-01
   3.19580562e-02 -2.03373591e-01]
 [-3.42990930e-01  5.94036083e-02 -1.50193551e-01  2.91991954e-01
   6.82359023e-02 -1.50856738e-01  3.15038877e-02 -1.87421767e-01
   7.46599932e-02  2.45598847e-02  3.62998627e-02  8.79374676e-02
   4.59804249e-02  1.82092332e-01  1.99280654e-01 -1.59559291e-01
  -2.00744787e-01 -3.53428982e-01  1.25756672e-01 -1.36861489e-01
  -1.80600464e-01  1.24502186e-01  2.92610171e-01 -3.22577456e-02
  -1.59182172e-01  4.81593289e-01]]

Kinase ROCK1
Singular Vector U 
[[ 0.44582903 -0.01032948 -0.10347436  0.07246108]
 [ 0.18091303  0.03413416 -0.07802484 -0.38255165]
 [ 0.21591115  0.01402441  0.25373584 -0.02480816]
 [ 0.4159964   0.16627582 -0.08533708 -0.2389812 ]
 [-0.01016578 -0.02207938  0.11677606  0.28321397]
 [ 0.05974059 -0.13892698  0.02281693  0.11115994]
 [ 0.23054173 -0.07087306 -0.15874591  0.23658996]
 [ 0.25694013 -0.10706005 -0.12873329 -0.17057731]
 [ 0.36691473 -0.05744921 -0.15130432  0.15764279]
 [ 0.02438865  0.33707972 -0.25480957  0.1744636 ]
 [-0.04758931  0.14120903 -0.0111199   0.37304622]
 [ 0.11137278  0.24093824 -0.11661089 -0.01461368]
 [ 0.09266936  0.43900597  0.16686831  0.15563527]
 [-0.04166839  0.38340003  0.30759079  0.06300101]
 [-0.05540937 -0.22807608 -0.09551224  0.16541765]
 [-0.05173899  0.28998044 -0.21569811  0.18313896]
 [ 0.05383588  0.05814664 -0.33360799 -0.36687646]
 [-0.12442201  0.01129998  0.20762987 -0.27237959]
 [-0.06818795  0.30429392 -0.39992948 -0.01886166]
 [-0.28700848  0.14371186 -0.10178329 -0.19672995]
 [ 0.29219433  0.19631918  0.30881377  0.04013554]
 [ 0.26284238 -0.17070499  0.25326317  0.0153702 ]
 [-0.01300911  0.28183187  0.30289765 -0.28210524]]
Singular Values 
[9.12682344 7.91459286 6.64946243 5.01471717]
Singular Vector V (transpose) 
[[ 0.69067888 -0.26419011  0.46260968  0.4890384 ]
 [-0.03151679  0.87054053  0.02578259  0.49040915]
 [ 0.55181958  0.03049054 -0.83302687  0.02513395]
 [-0.46633092 -0.4140448  -0.30231404  0.72090818]]

Kinase PAK1
Singular Vector U 
[[-0.07556706 -0.07779765  0.2412846   0.22546897  0.06596875 -0.06265625
  -0.24531835 -0.15320583]
 [-0.32365852  0.1306335   0.24256314 -0.07162557  0.02991976  0.10287987
   0.26128846  0.09491239]
 [-0.24370515 -0.34747044  0.15018265 -0.26515213 -0.12036829 -0.47672934
   0.00865196  0.09389461]
 [-0.13320519 -0.17747626 -0.0702545  -0.05292209  0.1788117   0.420006
   0.37860592  0.32385616]
 [-0.05631107 -0.00428313  0.15051199 -0.39274152 -0.17118022  0.03065371
   0.10456347 -0.2216023 ]
 [ 0.00359676  0.01908011 -0.11412441  0.07818881 -0.34593423 -0.20346622
   0.42136278 -0.31880686]
 [-0.05189526  0.1699358  -0.01173379 -0.0124356   0.43154228 -0.40183919
   0.23959797 -0.23682012]
 [-0.25671486 -0.24041131 -0.36871209  0.10216004  0.31588373  0.00267359
  -0.17112399  0.17428568]
 [-0.33777304  0.38065615 -0.00219761  0.0727187   0.03052779 -0.09562786
  -0.07804146 -0.05678426]
 [-0.01778454  0.07892598 -0.44902062 -0.12173097  0.08054373  0.11217048
  -0.20082766 -0.41126558]
 [-0.13533607  0.43402264  0.23281237 -0.06906008 -0.20804213  0.2359031
   0.00933999  0.07723061]
 [-0.2318255  -0.23173617 -0.02121766  0.35300023 -0.30182317  0.14914924
  -0.16498527 -0.33438664]
 [-0.15341512 -0.24837039 -0.05396352  0.13171244 -0.00431525 -0.26333237
  -0.01924745  0.1470816 ]
 [-0.31580514  0.05830771 -0.15650176 -0.44218402  0.14593599 -0.01181284
  -0.10383813  0.08971589]
 [-0.01165023  0.32091248 -0.2010609   0.08660808  0.06020247 -0.06040675
  -0.02971348  0.10067785]
 [-0.07468469  0.21814055 -0.06078131 -0.25706759 -0.02667297 -0.06857507
  -0.30616707 -0.02272376]
 [-0.32122216  0.05879445 -0.24398637  0.14658641 -0.18290509 -0.08781477
   0.12623974  0.05521775]
 [-0.31983214  0.08917667 -0.08301379  0.2530521  -0.29764099  0.03127597
  -0.08613859  0.29116614]
 [ 0.25341207 -0.07945192  0.14454403  0.04135342  0.0912463   0.10262669
  -0.18499589  0.12297768]
 [-0.14401787 -0.18831813 -0.05598955 -0.27705874 -0.10841869  0.31792762
  -0.2212256  -0.20783558]
 [-0.09620826  0.18284389  0.15377352  0.31283441  0.34421597  0.05484722
  -0.06709273 -0.1454376 ]
 [-0.23500855 -0.07475398  0.4767748  -0.01027705  0.11028401 -0.06517472
  -0.27625136 -0.033772  ]
 [-0.26504878 -0.19110627  0.12033294  0.04545733  0.27034148  0.2701491
   0.29346008 -0.34307472]]
Singular Values 
[11.60405303  8.74832303  7.77940791  6.95154607  6.11511968  5.72526518
  5.08250644  4.02000172]
Singular Vector V (transpose) 
[[-0.31098192 -0.48948121 -0.24508914 -0.29389402 -0.12627166 -0.37845246
  -0.39354696 -0.45078377]
 [-0.13748099 -0.24471899 -0.18138733  0.33090432  0.66361181  0.2284418
   0.32927738 -0.42169025]
 [-0.24989831  0.29979278 -0.57251008  0.54611043 -0.17098485  0.1495234
  -0.40496075  0.07800293]
 [ 0.02614889  0.61402646 -0.34030539 -0.59053532  0.35629671  0.00223852
  -0.05832667 -0.16551031]
 [-0.10958008  0.22259206 -0.18823343  0.05473529 -0.53435137 -0.1688065
   0.66137712 -0.38544842]
 [-0.15668738 -0.34277409 -0.32934455 -0.38833667 -0.21466562  0.67732802
   0.17411969  0.25201099]
 [-0.6333916  -0.00542217 -0.06361795 -0.0446533   0.22282763 -0.40965239
   0.27652261  0.54663747]
 [ 0.61928397 -0.25796485 -0.56170054  0.03694373  0.07891002 -0.35656957
   0.15842939  0.27313119]]

Kinase PIM1
Singular Vector U 
[[ 2.25251329e-01 -7.44698851e-02]
 [ 2.18891277e-02  3.03380074e-01]
 [-4.27297118e-02  1.52193184e-01]
 [ 1.65772662e-01  4.15427114e-02]
 [ 2.29816596e-02 -1.16270834e-05]
 [ 4.68678792e-01  1.39129235e-01]
 [ 2.28662167e-01  3.48095360e-01]
 [-3.04610928e-01 -2.03822074e-02]
 [ 3.24832032e-01  7.51431804e-02]
 [-3.01407229e-02 -5.53296466e-02]
 [ 6.55029211e-02 -1.23284503e-01]
 [ 4.49156930e-03  3.01068055e-01]
 [ 3.45796937e-01 -1.92927704e-01]
 [ 3.62167046e-02  1.45064309e-02]
 [ 2.35089236e-02  4.94274218e-01]
 [ 3.63492166e-02  1.16409327e-01]
 [-2.79831483e-01  5.28847157e-02]
 [ 2.63754652e-01 -9.41831882e-02]
 [ 2.42854225e-01 -1.84922733e-01]
 [ 7.37628166e-02 -8.96712587e-02]
 [-2.84433296e-01 -1.19819194e-01]
 [ 4.99158525e-02  2.79810440e-01]
 [ 1.58217285e-01 -4.24487607e-01]]
Singular Values 
[7.4972569  7.00936274]
Singular Vector V (transpose) 
[[ 0.55791105  0.82990076]
 [ 0.82990076 -0.55791105]]

Kinase GSK3B
Singular Vector U 
[[ 1.41553701e-01  4.09027392e-01 -4.69266311e-01 -1.54959125e-01
   6.98552225e-02 -5.67704751e-02  2.85989827e-01 -6.57441192e-02
   6.16961628e-02 -1.94594827e-01 -2.31123530e-01  1.56929864e-03
  -1.08934485e-01  1.14352744e-02 -3.71812591e-01 -1.90192217e-01
   8.03753083e-02 -1.72330329e-01  9.29490283e-02 -3.36164051e-01
   5.41807066e-02  2.44106588e-02 -1.77133839e-01]
 [ 7.99542468e-02 -1.02914738e-02  2.18877332e-01 -4.54050606e-01
   1.52170903e-01 -4.23607298e-01  3.21325298e-02  1.10183097e-01
   5.40342085e-02  2.99512235e-01  7.27908082e-02 -2.05998539e-02
  -7.88062751e-02  1.94830043e-01 -2.97400253e-02 -7.61627209e-02
  -1.87164282e-01  4.24915262e-01 -2.41023879e-02 -3.75349270e-01
   3.71225700e-02  8.98145291e-02  8.92160667e-02]
 [ 3.78763457e-01  9.43310761e-02 -3.28783682e-02  1.81013696e-01
  -4.52602259e-01 -1.46091815e-01 -2.07550991e-01  4.03235503e-02
  -4.01403847e-02 -4.67927790e-02  1.18474920e-01 -4.07738650e-03
  -1.08950862e-01  1.93053199e-01  1.27897762e-01 -1.51874399e-01
  -3.85288772e-02  1.79390474e-01 -1.05934208e-01  1.09879196e-01
   1.85216601e-01  2.20188612e-01 -5.44730715e-01]
 [ 2.37418148e-01 -1.84085667e-01 -1.80092720e-01  9.28259169e-02
   8.26068717e-02 -1.85911806e-01  2.56211308e-01 -1.58412330e-01
   9.04399343e-02  1.93402941e-01  4.31705609e-01 -5.02832940e-01
  -3.41387089e-02  4.03848578e-02 -4.65885545e-02  4.77596342e-02
   2.24754622e-01 -5.90532980e-02  3.42544072e-02  1.13718383e-01
   2.03334155e-01 -3.66992003e-01  1.97873018e-02]
 [ 3.10143896e-01 -9.67877428e-02 -2.92014402e-02  7.16453580e-02
  -3.25163703e-01  1.38223043e-01 -9.71105098e-02 -2.64150161e-01
   1.07742939e-01  4.41322127e-01 -1.33524134e-01  3.44498019e-02
   9.11277965e-02 -1.56531994e-01 -4.44524292e-01  4.13698767e-03
  -3.88556950e-01 -9.86610219e-02 -6.66372037e-02  1.95791434e-02
  -2.18081231e-02  4.96752815e-02  2.45197840e-01]
 [ 2.46618308e-01 -1.45369010e-01 -4.03928067e-01 -3.35379939e-02
   8.42845713e-02  1.82551966e-01  2.86437546e-02 -2.34723034e-01
  -2.86779820e-01 -1.72258977e-01  3.49875430e-01  2.68767731e-01
   8.36839259e-02  1.33367933e-01  7.42660845e-03  2.10410074e-01
   6.14701445e-02  3.38889697e-01 -7.12244172e-02 -8.27845034e-02
  -3.00127785e-01  1.78929695e-01  1.70570499e-01]
 [-2.72732880e-02  5.05854457e-02 -2.02707636e-01  2.50707258e-01
  -1.16393236e-01 -2.38245600e-01 -1.64452026e-01  2.48458584e-01
  -2.84838851e-01  1.29771836e-01  3.91709619e-02 -6.38434253e-02
  -7.06196896e-02 -3.51852368e-01  1.71996676e-01  3.20283834e-01
   7.07070641e-02 -1.84005013e-01 -1.22718321e-01 -4.48620824e-01
   2.19120358e-01  1.66154344e-01  1.95789296e-01]
 [ 3.26627148e-02  4.12193398e-01  1.20817740e-01 -1.64113298e-01
  -1.18706554e-01  9.70020322e-02 -2.23548550e-01  4.30046479e-02
  -4.82754809e-01  3.15713152e-01  1.65680061e-01  1.88846734e-02
  -2.16639492e-01  1.70815043e-01 -5.94861541e-02 -1.09343711e-01
   2.28493582e-01 -1.72890521e-01  2.94090851e-01  1.18699549e-01
  -1.94259894e-01 -1.57281863e-01  1.21996274e-01]
 [ 2.22230535e-01  2.19844534e-02  1.55085103e-01  2.39770185e-01
  -2.14322813e-03  1.72696212e-01  3.99144652e-01  1.86147860e-02
   6.46366594e-02  1.65350896e-01 -1.56639916e-01  1.87205534e-01
  -4.85265912e-01 -2.95767822e-01  2.08162962e-01  1.33330502e-01
   8.35214668e-04  2.74691118e-01  2.07059326e-01 -9.55581002e-02
  -1.66243002e-01 -1.86689615e-01 -1.18219243e-01]
 [ 1.35198048e-01  2.11107946e-01  3.29192428e-01 -8.12517854e-02
   5.18063657e-02  1.01390497e-01 -4.06094994e-02  2.68054638e-01
   2.23228655e-02 -2.75593101e-01  1.88534191e-01 -6.93464503e-02
  -7.94558143e-02 -2.43015882e-01 -5.40849821e-01  3.42736396e-01
   1.50622454e-01  1.90755378e-01 -2.25041559e-01  1.52391535e-01
   9.86023249e-02  2.86163088e-02 -8.68785267e-03]
 [ 3.45996782e-01  9.42663064e-02  7.77751658e-02  3.17609969e-02
   1.05247489e-01 -3.97250946e-01 -2.77885873e-01 -1.72687504e-02
   4.03307973e-01 -1.29326667e-01  4.81042175e-02  6.17214765e-02
   3.08866497e-02 -6.54472669e-02  1.04177419e-01  1.47390515e-01
   7.66590169e-02 -2.95954476e-01  8.13198283e-02 -8.55373440e-03
  -5.42021509e-01 -1.57458027e-02  2.07547843e-02]
 [ 2.98887206e-01  2.13477185e-02  3.63805162e-01  9.06014465e-02
   3.62350178e-01  1.33904079e-01 -1.34274909e-02 -2.43765426e-01
  -2.76421304e-01 -1.83163660e-01  7.77975816e-02  7.92578626e-02
  -1.88080119e-02  1.54962890e-01  8.27187186e-02  6.08755884e-03
  -3.29630111e-01 -3.38899583e-01 -1.71003465e-01 -2.64415923e-01
   2.08394395e-01 -1.71629355e-01 -1.08294414e-01]
 [ 9.24978805e-02 -1.99749311e-01  1.74565071e-01 -3.96237520e-02
  -3.30868532e-02  1.60638966e-01  1.95476668e-01  5.06107283e-02
  -1.62543176e-01  2.23149881e-01 -3.12732648e-01 -3.01460668e-01
   1.58135278e-01  1.82921010e-01 -3.46233771e-02  1.01325422e-01
   3.73017660e-01 -1.19828444e-01 -3.41182189e-01 -1.79197401e-01
  -3.52076016e-01  1.88438681e-01 -2.35617480e-01]
 [ 4.84911565e-02  1.00666629e-01 -6.21609047e-02  1.98866469e-01
   3.13244702e-01  1.78858608e-01 -1.88366758e-01  5.99915413e-02
   2.77795543e-01  2.90243979e-01  1.18562909e-01  2.87606634e-01
  -9.18083083e-02 -3.11607618e-02  1.68083687e-02 -4.20447298e-01
   3.46661287e-01  3.70905005e-02 -4.27718382e-01 -3.87214011e-02
   1.12383648e-01  2.16448199e-02  1.05705930e-01]
 [ 1.36287338e-01 -1.34436412e-02 -1.12360841e-01  3.24277238e-01
   4.31711376e-01  1.12680747e-01 -2.00110447e-01  3.44633568e-01
  -1.46449008e-01  8.18251976e-02 -5.36915041e-02 -3.06219839e-01
   2.50135684e-01 -1.00883157e-01 -1.28703607e-01 -1.98261230e-01
  -2.21081245e-01  2.13575365e-01  3.31554785e-01 -9.51520276e-05
  -1.45803738e-01  7.59142308e-02 -1.43948284e-01]
 [ 3.17969855e-01 -3.42071750e-02  2.63293696e-02 -1.98989210e-01
  -9.28241415e-02  1.09399281e-01 -1.14652413e-01  9.66415380e-02
   4.10597730e-02  3.42564388e-02 -2.08849521e-01  2.60729878e-01
   5.28144869e-01 -5.48113431e-02  1.13603925e-01  1.24372042e-01
   3.09801863e-01  1.09494115e-01  2.39316862e-01 -1.18491276e-01
   3.03073950e-01 -3.42681002e-01 -3.20886662e-02]
 [ 6.24636337e-02  6.03923495e-01 -1.17148220e-01  2.86321871e-02
   4.69094020e-03  1.79187881e-01  8.97287173e-02  3.35663930e-02
   1.68291318e-01  7.95331916e-02 -1.08175009e-01 -2.66478151e-01
   1.71759101e-01  2.14252233e-01  3.44787238e-01  2.57040154e-01
  -2.27980753e-01  1.50783201e-01 -2.51723401e-01  1.21038586e-01
  -5.99063422e-03 -6.30909400e-02  2.02651841e-01]
 [ 1.39714643e-01  6.41085102e-02  7.22921357e-02 -1.89706565e-01
  -1.52036054e-01  3.29300912e-02  4.60725556e-01  3.29425223e-01
  -6.79189622e-02  3.24040057e-03  3.61536914e-01  1.07693471e-01
   3.02139697e-01 -3.14452739e-01  1.66650799e-01 -3.24777182e-01
  -1.58119239e-01 -2.24875690e-01 -8.21291261e-02  7.32828420e-02
  -1.24630156e-01  1.26533763e-01  2.41882445e-02]
 [ 1.12429324e-01 -8.70672671e-02  8.36374308e-02 -2.25808658e-01
  -9.54403782e-02  4.97159624e-01 -1.64818083e-01 -1.59666597e-02
   3.18365918e-01 -1.29963336e-01  1.68800163e-01 -3.16891536e-01
  -1.88834204e-01 -5.74940766e-03  1.68951439e-01 -5.27282240e-02
   7.32524881e-02 -9.02133867e-02  2.93192367e-01 -2.76019085e-01
   1.15671394e-01  3.40772231e-01  1.36974725e-01]
 [ 3.22999790e-01 -2.54017818e-01 -1.40661888e-01 -1.53067431e-01
  -7.64146164e-02 -2.73269471e-02 -9.58076085e-02  3.03922086e-01
  -1.64093542e-01 -3.00202091e-01 -3.34242149e-01 -1.45669471e-01
  -2.89921523e-01  3.44201106e-02  8.65475141e-02 -2.53312442e-01
  -4.52658829e-02  2.23176913e-02 -2.19756381e-01  1.54973225e-01
  -2.48905900e-02 -2.37525038e-01  3.75526783e-01]
 [-1.71594425e-01  9.63480798e-02 -1.02563759e-02 -1.79633888e-01
  -1.32834461e-01  6.90644413e-02 -2.67389781e-01 -3.22322786e-01
  -7.79556943e-02 -9.86197490e-02  6.83636097e-02 -2.46894198e-01
   6.91272879e-02 -4.68527393e-01  8.74016723e-02 -2.12940927e-01
  -3.88736479e-02  2.27619413e-01 -2.26904023e-01 -2.25095946e-01
  -2.28847164e-01 -3.50606401e-01 -2.03987241e-01]
 [ 1.60498592e-01  1.65790213e-01  2.45915936e-01  1.14506322e-01
   8.61263239e-02 -2.40534874e-01  1.17703147e-01 -4.35539899e-01
  -1.78224555e-01 -1.22975705e-01 -2.10456301e-01 -1.34289918e-01
   1.20655330e-01 -2.27663826e-01  9.41623049e-02 -2.15664545e-01
