Method Singular Value Decomposition(One of the PCA methods)
Kinase CAMK2A
Singular Vector U 
[[ 5.18971525e-02  2.22404565e-01 -1.11375520e-01 -1.53630728e-01
   1.80208564e-01 -5.23096467e-01  2.97271342e-01 -3.34566872e-01
   4.75386978e-02 -1.04592086e-02  2.11032495e-01 -7.01792035e-02
   2.29692584e-01 -9.78508404e-02  9.52504302e-02 -1.03587314e-01
   2.26347631e-03 -8.91759905e-02  2.89394165e-01 -3.48683094e-01
   9.37100607e-02  2.07993712e-01  7.82992847e-02]
 [ 2.81407535e-01  7.69263015e-02  2.27661947e-01 -1.01372843e-01
  -2.38947701e-01  2.56230896e-01  1.71792086e-02 -5.64289606e-02
   1.11076169e-01 -2.67183968e-01  2.48980113e-01  1.29141874e-01
  -1.26884931e-01 -1.04964186e-01  4.65884315e-01 -6.93489719e-02
  -4.34160271e-01  2.95867664e-02 -1.00766102e-02 -2.21996500e-01
  -2.01673293e-01  4.49458402e-02 -1.83686425e-01]
 [ 1.50805033e-02 -2.84980805e-01  2.51790254e-01  1.24615974e-01
   3.79973368e-01  3.77115539e-01  6.94271816e-02 -2.73805664e-01
   5.97210822e-02  4.58281647e-02 -1.35826488e-01 -1.64865517e-01
   3.26095117e-01 -2.16469948e-01  6.54276167e-02 -3.91418980e-01
   1.33159780e-01 -1.05413838e-01  1.71281230e-01  2.55450237e-02
  -1.39708545e-01 -1.48676391e-01 -1.03950784e-01]
 [ 3.39993750e-01  1.92559509e-01  1.14359509e-01 -2.24362689e-01
   1.50897913e-01  8.64902700e-02  1.33729200e-01  7.74284696e-02
   7.23256397e-02 -1.58154332e-02 -2.90844684e-01  3.40896543e-01
   4.19438547e-01  8.86973975e-02  2.45601810e-02  5.75713318e-02
  -4.89146495e-02  2.33231170e-02 -2.79669471e-01  1.12205954e-01
   4.75388349e-01  3.33080830e-02 -1.22220517e-01]
 [ 4.15854817e-01  3.13199295e-01 -9.16416235e-02  3.38600394e-01
   7.42951929e-02  7.50949195e-02 -3.41263599e-03  2.64947287e-01
  -5.13128564e-02  6.58337319e-03 -1.44278652e-01 -1.98450086e-01
  -2.72090790e-01 -1.77320034e-01  1.27112876e-01 -2.20243875e-02
   1.34775580e-01 -3.92805418e-01  2.76107013e-01  1.52573479e-01
   1.42071002e-01  2.12627474e-01 -4.68214155e-02]
 [ 1.69639504e-01  1.42920443e-01  1.86414881e-01 -3.88241395e-03
  -7.73163365e-02 -6.78236314e-02  2.82727589e-01  3.78727541e-02
   2.87500150e-01 -2.54570052e-01  9.02295703e-02 -7.68883170e-02
   1.56698160e-02  1.72390741e-02 -4.99254844e-01  1.14483415e-01
  -1.94933078e-01 -1.95195560e-01  1.64821821e-01  1.53533154e-01
  -1.12735822e-01 -5.01712675e-01  9.16495736e-02]
 [ 4.67178950e-03  1.12267670e-01 -3.20887637e-02  3.29592644e-01
   3.64191670e-02 -4.45873312e-02 -3.82549547e-01 -7.00361779e-02
  -1.92742580e-03  2.57088832e-01  3.94574904e-01  2.79458234e-01
   2.29098004e-01  2.72589435e-01 -1.21668401e-01 -2.67511907e-01
  -3.36085224e-01 -1.26083490e-01  1.33113014e-01  2.40315344e-01
   4.94513598e-02  5.36215017e-02 -2.16012428e-02]
 [ 1.91579355e-01  1.93969261e-01 -2.36428621e-01  2.50798556e-01
  -1.44410298e-02 -2.37762775e-01 -2.46614368e-01 -1.83730559e-01
   2.24804106e-01 -3.06332680e-01 -3.03354835e-01 -5.61722861e-02
  -1.87197248e-02  1.03886252e-01  1.56197535e-01 -3.56564806e-01
   8.49710219e-02  2.59483760e-01 -2.51053319e-01  8.84495290e-03
  -1.33489177e-01 -2.28441185e-01  2.13686681e-01]
 [ 1.78563176e-01  2.60145361e-01  1.38473370e-01  1.69995357e-01
  -2.87829140e-01  2.31278980e-01  1.11044844e-03 -4.43497227e-01
  -1.57543992e-01  3.18056128e-01 -1.40234539e-01  2.64364745e-01
  -1.10040396e-01 -3.70015907e-02 -2.91090951e-01  8.50915107e-02
   2.07816563e-01 -1.04143697e-02 -3.98330826e-02 -3.68377250e-01
  -8.44168565e-02 -1.30120355e-02  1.02336416e-01]
 [ 7.35613654e-02  2.67892195e-01  5.53637235e-02 -4.24285613e-01
   3.13550139e-01 -5.97729324e-02 -3.54291353e-01  2.00933397e-01
  -4.34702281e-02  1.09317806e-01 -8.48861202e-02 -1.17240125e-01
  -1.61358889e-01 -6.18368929e-02 -3.47621401e-01 -2.47448587e-01
  -9.01265915e-02  4.25273594e-02 -6.52447108e-02 -2.24864485e-01
  -2.34020776e-01  2.65433156e-02 -3.24053315e-01]
 [ 3.48046487e-01 -5.02255373e-01 -3.22334313e-01 -2.42366399e-01
  -1.60656058e-01  4.14305826e-02  6.55919204e-04 -3.28282473e-02
   3.43718949e-01  2.80839064e-01 -1.61515392e-01 -4.84710592e-02
  -1.07224636e-01  9.59488982e-02 -1.25085525e-01 -1.41948242e-01
  -2.07107091e-01 -1.75436643e-01  3.37375827e-02 -8.74574936e-02
   2.96038468e-02  1.63117870e-01  2.08485303e-01]
 [ 5.65884879e-02 -2.51056853e-01 -7.38470724e-02  3.60484142e-01
  -1.67353289e-01 -2.01740471e-01  1.43377252e-01  4.22522774e-01
  -7.66224236e-02  1.94804296e-02  5.00169550e-02  2.03613667e-01
   1.10765818e-01 -3.81272197e-01 -1.64837660e-01 -2.49214533e-01
  -2.24769545e-02  1.52518083e-01 -6.28027656e-02 -3.53809455e-01
   1.32368253e-01 -1.42366980e-01 -2.06803087e-01]
 [ 1.81008775e-01 -6.10771752e-02 -8.98388261e-02  1.42732073e-01
   3.51750335e-01  4.65849417e-02 -1.32871248e-01  7.96990060e-02
   1.93736976e-01 -1.10165301e-01  6.75710617e-02  2.52758049e-01
   1.63877562e-01 -3.09358894e-01 -1.33469772e-01  4.25683284e-01
  -3.59474923e-03  2.28050161e-01  3.03256113e-02  2.86644208e-02
  -3.76250896e-01  3.04456959e-01  2.39655615e-01]
 [ 1.64236915e-01  5.92058773e-02  2.52108574e-01  3.47318091e-02
  -1.13965282e-01 -3.25522027e-01  1.37444286e-01 -1.28641080e-02
   8.35440709e-02  5.93477514e-01 -9.64898963e-02 -1.89766772e-01
   1.60611232e-02 -1.65216821e-01  2.01637997e-01  9.88957000e-02
  -1.12612438e-01  3.07761408e-01 -4.25812872e-02  3.33904721e-01
  -2.04208673e-01 -8.49278449e-02 -1.20908989e-01]
 [ 3.43534471e-01 -3.15319686e-01  6.06461547e-02  5.77195031e-02
   2.11275927e-01 -2.02165280e-01 -2.80722040e-01 -1.65221836e-01
   4.63861010e-02 -1.16217855e-02  2.16410143e-01  2.31095473e-02
  -1.58111591e-01  1.99059135e-01  1.09224396e-01  3.39569264e-01
   2.80509738e-01 -2.50593911e-02  4.10141297e-02 -1.42146394e-01
   1.56178398e-01 -3.15791632e-01 -3.42204521e-01]
 [ 1.02375559e-01 -1.22944219e-01  2.27003640e-01 -2.04784402e-01
   1.72172495e-01 -1.65520881e-01  1.63547567e-01  9.51504001e-03
  -1.44773715e-01 -2.25302760e-02  1.67474681e-01  4.78568254e-01
  -4.20711205e-01 -1.00147861e-01  3.14525812e-02 -3.42568703e-01
   2.28852083e-01 -3.61762700e-02 -5.32622120e-02  2.79819509e-01
  -3.62569601e-02 -1.44911624e-02  2.77133413e-01]
 [ 2.44929903e-01 -2.72062112e-01  2.19334587e-01  1.01043032e-01
  -5.95886143e-02 -2.52661455e-01 -4.40127298e-03 -1.50614524e-01
  -5.78508591e-01 -2.86916194e-01 -2.04045996e-01 -1.61637770e-01
   9.33567041e-02  1.28493167e-01 -1.90036335e-01  2.62367112e-02
  -2.47112283e-01 -6.40479387e-02 -9.84943567e-02  9.04247760e-02
  -1.35114261e-01  2.62730672e-01 -2.17033910e-02]
 [ 9.40381881e-02 -2.61223578e-02  1.81922282e-01 -5.23417160e-02
  -1.38111147e-01  1.13501909e-01 -8.25662099e-02 -1.57132390e-02
   7.11440634e-02 -1.48639754e-01 -2.06014647e-03 -8.82600224e-02
  -9.13260419e-02  8.66489691e-02 -1.84115735e-01 -1.21316849e-01
   7.72324316e-02  6.24505434e-01  5.27669260e-01  7.51047887e-02
   3.16994708e-01  1.88775194e-01  5.85060901e-03]
 [-2.25727060e-01 -6.28217241e-02  3.78026555e-01 -6.88391584e-03
  -2.56671971e-01 -2.31120253e-01 -3.69148680e-01 -1.50856591e-01
   3.82506079e-01 -1.34849810e-01 -8.34874264e-02  2.77433683e-03
  -5.53920222e-04 -3.68834261e-01 -8.32861739e-02  1.47526911e-02
   8.82179882e-02 -2.76713318e-01 -1.28754525e-01  8.16295454e-02
   1.94646928e-01  2.43931497e-01 -6.46024558e-02]
 [ 1.49419951e-01  8.44187750e-03  4.19892122e-01 -1.46792665e-02
  -8.82883811e-02 -1.00675824e-02 -1.04893073e-01  4.06552154e-01
   4.59063956e-02  8.67621898e-02  1.92492196e-01 -2.23703227e-01
   2.65910790e-01  2.93852163e-01  9.38730179e-02 -6.06271786e-02
   2.79565729e-01 -6.27919130e-02 -9.59940328e-02 -2.67234103e-01
  -9.59546258e-02  5.84696742e-02  4.18643647e-01]
 [-4.08519935e-03 -1.69297697e-02 -1.12438510e-01 -2.07128628e-01
  -3.32867802e-01 -1.26477551e-01 -9.40926362e-02  1.35682021e-01
  -4.05574211e-02 -7.50822310e-02 -2.53607871e-01  3.36180304e-01
   2.84697002e-01  1.11535210e-01  1.24997186e-01 -9.63564281e-03
   2.81467267e-01 -1.46187925e-01  4.29125298e-01  1.04060747e-01
  -3.86862200e-01 -4.98817691e-02 -2.20324666e-01]
 [-1.94524763e-01 -3.51825665e-02  2.18528151e-01  4.45634420e-02
   2.14105737e-01 -1.17571616e-01 -1.92016680e-01  1.00943550e-01
  -8.30062224e-02  9.04319096e-02 -4.24320915e-01  1.78153946e-01
  -1.24480954e-01 -6.15910411e-03  2.02419262e-01  1.42616705e-01
  -3.79977832e-01 -5.69177749e-02  3.26898064e-01 -2.48698621e-01
   1.38370922e-01 -2.54846963e-01  3.16743298e-01]
 [ 1.84437752e-01  2.87290264e-02 -1.99918069e-01 -3.02493882e-01
  -1.77000855e-01  7.95071791e-02 -3.36910279e-01 -5.89579662e-02
  -3.54597650e-01  8.51304156e-03  1.98792214e-01 -1.51111248e-01
   2.15462533e-01 -4.65337186e-01  4.73129737e-02  3.92035882e-02
  -7.59857065e-04  6.29881582e-03  3.64941708e-02  1.29326444e-01
   1.67237753e-01 -3.11298876e-01  2.84914520e-01]]
Singular Values 
[14.04962311 11.29012102 10.47821915  9.07432904  8.77687487  7.7631796
  7.2217992   6.95673115  5.95022524  5.65808373  5.54090987  5.16484551
  4.21392474  3.48820938  3.27566772  2.72863116  2.38074326  1.98321479
  1.7035277   1.47800641  1.28424336  1.01793547  0.40391254]
Singular Vector V (transpose) 
[[ 1.45536304e-01 -8.73420439e-02 -2.43984890e-02 -5.48208153e-02
  -8.94440858e-01 -2.22771347e-02  1.64382441e-01  6.86293576e-02
  -9.46550539e-02 -2.01899422e-02 -1.83803662e-02 -1.70025295e-01
   5.23376798e-02 -3.80783217e-02  4.92546675e-02 -1.04255911e-01
  -7.75015581e-02 -9.25048251e-03 -1.77838373e-01 -5.12607495e-02
   9.43029742e-02  1.21964377e-01  5.26601471e-02 -8.73980553e-02
  -4.80635007e-02  4.90234848e-02]
 [ 6.20393818e-03 -7.61327931e-02  1.47093867e-01  1.69696249e-01
  -2.87355083e-02 -2.55718208e-01  2.04052222e-02 -1.21040360e-01
   5.55778282e-01  4.06939099e-02  1.02390694e-01 -3.78737351e-01
  -5.25938602e-02  5.53114159e-02 -3.59762065e-02 -3.45304521e-01
   4.16056276e-02  1.45399841e-01  1.78090996e-01  8.64277550e-02
   6.12558480e-02  6.30257574e-02 -2.93721550e-02  4.35623652e-01
  -7.54825907e-02  7.42279016e-02]
 [-8.26279296e-02  7.36250456e-02 -2.51682627e-01  6.79749753e-02
   7.92925195e-02 -5.41277426e-01  3.87109589e-02 -2.71099882e-01
  -2.01723113e-01 -7.20895988e-02  1.79494706e-02 -8.14317293e-02
  -4.49354855e-01 -3.49827309e-02  3.18592959e-02 -2.13534676e-01
  -4.62201408e-02  7.72277810e-02 -3.24422726e-01 -1.94882985e-02
  -1.40616962e-01 -1.03881578e-01 -9.81105644e-02 -2.11016407e-01
  -1.74082322e-01 -1.19053803e-01]
 [-1.05245762e-01  6.97859197e-02  5.16862998e-01 -1.63808587e-01
   2.87994075e-02  6.69162670e-03  3.18375172e-01  6.85684947e-02
   3.02783476e-01 -3.63598702e-02 -1.78490707e-01  1.34299967e-01
  -2.22677911e-01  1.76537440e-01 -1.61056134e-02  8.01115302e-02
  -7.99982493e-02 -2.24246874e-01 -3.38369357e-01 -5.46482297e-02
   9.65560344e-02  6.80781842e-02 -3.04425473e-02 -2.23044292e-02
   5.98560375e-03 -4.04012641e-01]
 [-1.35597299e-01 -3.21694723e-02  3.48852327e-01  2.52895294e-01
   1.34805013e-01  1.16507459e-01 -4.04160978e-02 -3.09311302e-01
  -3.31055109e-01  2.23064956e-01  1.00665746e-01 -2.66147322e-01
   4.50543329e-01  3.20206921e-03 -2.30076964e-02 -2.06221429e-01
  -7.79761249e-02  9.80950114e-02 -2.82357955e-01  4.27642438e-02
   2.11688753e-01 -2.51729846e-02  4.13771825e-02 -1.13218037e-01
  -2.79444500e-02 -1.46549569e-01]
 [ 4.19299329e-02  1.64128675e-01  3.28223171e-01  8.25379758e-02
  -6.03500884e-02 -3.28475616e-02 -2.08636114e-01  3.78986122e-02
  -3.06516460e-01 -2.00425346e-01 -8.28156158e-02  1.79718685e-01
  -9.07828262e-02  1.01384482e-01 -1.66497674e-02 -4.76843036e-01
  -2.57991711e-01 -2.71086690e-01  3.45434401e-01 -1.39414506e-01
  -2.52572829e-01  7.17848074e-02  1.70844119e-01  1.01896698e-01
  -1.40350440e-02 -9.73497670e-03]
 [-1.92688297e-01 -1.43189194e-01  1.62154387e-01  2.64329745e-01
  -1.91256594e-01  3.26567215e-01  2.55164733e-03 -2.31626736e-01
   5.11450570e-02 -2.64373399e-01  2.11168619e-01  1.90927395e-01
  -2.36244701e-01  3.21391056e-01 -6.38942762e-02  6.28553052e-02
  -5.27922718e-02  1.89683317e-01  7.97413985e-02  4.46932600e-02
   8.35571197e-03 -3.16323100e-01 -3.36961936e-01 -1.38998453e-01
  -6.20202126e-02  2.11343364e-01]
 [ 9.06584984e-02 -7.12250407e-02 -1.89741485e-01 -1.20428169e-01
  -5.24605757e-02  1.10607281e-01  4.83712422e-03 -3.39693630e-01
  -2.95948766e-02  1.03752238e-01 -1.66759238e-01 -3.76133277e-01
   7.08103578e-02  4.98466601e-01 -4.58406136e-03  2.19273865e-01
  -2.06540675e-02 -2.91320344e-01  7.24718741e-02  9.22797151e-03
  -3.89694066e-01 -1.75464399e-01  8.09310485e-02  1.09337937e-01
   1.61233470e-02 -1.76766456e-01]
 [-1.04442162e-01 -9.99265921e-02  4.30170908e-02  3.21571190e-01
   1.03294414e-01  3.53746218e-01  2.14201198e-01  2.41299900e-01
  -2.09549422e-01 -9.52368235e-02 -1.20889526e-01 -4.10746956e-01
  -3.49217324e-01 -2.63042348e-01 -1.14490162e-01  8.79420570e-02
   1.15007907e-02  6.68553431e-02 -1.22720922e-01 -5.66055304e-02
  -2.86633084e-01  1.92917515e-01  1.43420543e-02  1.74713228e-01
   1.00167244e-01  5.13208596e-02]
 [ 2.58226528e-01 -5.52742253e-02  1.09763100e-01 -2.15356700e-02
  -5.88521355e-02  3.78018313e-02  3.82894663e-02  1.94382149e-01
  -1.37704718e-01  6.16983966e-01 -1.14242607e-01  9.30367039e-02
  -2.81440770e-01  7.55174465e-02 -3.38124064e-02 -1.10777681e-01
  -6.78488578e-02  3.29645083e-01  1.88846882e-01  3.28573597e-01
  -4.73020151e-02 -2.13345617e-01 -5.45154946e-02 -4.36745969e-02
   9.24276160e-02 -1.89404494e-01]
 [ 3.05388947e-01 -4.47167729e-01  3.39024540e-01  9.92181698e-02
   9.52793067e-02 -3.24911453e-01 -2.82865814e-01  3.10012714e-01
  -2.35312533e-02 -3.75947206e-02  2.73841305e-02 -8.28434993e-02
   4.35926033e-02  1.85092495e-01 -3.45342542e-02  2.44518473e-01
   7.92294940e-02  8.13578829e-03 -1.60572943e-01 -1.15546893e-01
  -1.51286286e-01 -1.89370900e-02  5.59814497e-02 -1.58656250e-01
  -2.05517646e-01  2.12699486e-01]
 [ 2.20654076e-01  1.78645104e-01 -2.76710904e-02  1.37454875e-02
   1.44055719e-01  1.60227791e-01  6.21151975e-02  1.39135838e-01
   1.54261577e-01  1.31348452e-01  5.46731450e-02 -3.56268616e-01
  -1.03404816e-01 -1.28534619e-01  7.75860280e-02 -1.04328922e-01
  -2.33529004e-01 -4.19793791e-01  1.44050186e-01 -9.49054609e-02
   2.21222395e-01 -1.93968589e-01 -2.31838264e-01 -3.96018904e-01
  -2.05370948e-01  1.84057566e-01]
 [ 1.04992884e-02 -4.14046857e-01 -2.54420088e-01  2.23773530e-02
   1.05278327e-01  1.00291356e-02  8.06151353e-02  2.70828499e-01
  -5.22370297e-02 -1.64509021e-01 -2.95852986e-02  3.70510141e-03
   1.81898765e-01  2.13447190e-01  6.39908033e-02 -3.83175177e-01
   9.34437784e-02 -9.58258359e-02  2.39763015e-02 -4.51403448e-03
   3.60800044e-02  1.48376320e-01 -4.72033467e-01 -7.59089475e-02
   2.33295402e-01 -2.95154926e-01]
 [ 4.05189674e-02 -3.55943046e-01 -6.62931634e-02 -1.40655823e-01
   8.98272523e-02  1.50632707e-01 -8.87889841e-02 -1.93594241e-01
   2.06359961e-01 -8.42697336e-02 -3.03685855e-01  7.35702131e-03
  -1.42378122e-01 -6.44226171e-02 -1.52510928e-01 -2.91667564e-01
  -5.54725241e-02  1.64443865e-02 -1.36705893e-01 -7.67986078e-03
   1.29396418e-01 -1.44742052e-01  4.31633612e-01 -2.53999799e-01
   3.74117058e-01  2.14639965e-01]
 [ 1.51771329e-01 -4.99721450e-02  7.79995606e-02 -4.60818346e-01
   1.39920205e-01  1.46965144e-01  3.94231707e-01 -8.06440358e-02
  -3.29724002e-02 -6.33448232e-03  1.53298099e-01 -2.79242083e-03
   1.12186227e-01 -1.28590575e-02 -9.25831367e-02 -2.11971383e-01
   7.65876659e-02  3.59498574e-01  6.64075162e-02 -4.29421530e-01
  -2.50335429e-01 -2.08893912e-02 -1.03031020e-02 -4.85180321e-02
  -2.59208312e-01  7.32887018e-02]
 [ 3.99209614e-01  2.85514389e-01 -2.62077280e-02 -7.52188937e-02
   7.84734291e-03  2.09672301e-01 -2.90309720e-01 -4.44843653e-02
   1.15911365e-01  5.89701139e-02  2.31284809e-01  1.00943349e-01
  -1.15311065e-02  3.54019663e-02 -1.52367862e-01 -1.64867149e-01
   2.31175294e-04 -5.53532040e-02 -5.18732948e-01  7.45129142e-02
  -2.30030686e-01  1.04684597e-01 -2.41253133e-01  1.64730662e-01
   2.03235591e-01  1.47953595e-01]
 [-2.15377884e-01 -3.17197744e-02  2.52053533e-01 -4.64179727e-01
  -3.60393814e-03 -1.68002003e-01  5.23499754e-02  3.71809765e-03
  -2.87613301e-01 -5.40357246e-03  3.32040902e-01 -2.28683796e-01
  -1.61640412e-01  1.36656193e-02 -5.76615972e-02  1.93547818e-02
   2.55875484e-01 -2.07829078e-01  9.48112898e-02  2.28436196e-01
   9.41514067e-02 -2.38927278e-02 -9.17576233e-02  3.51804075e-02
   3.42973872e-01  2.46470104e-01]
 [-3.88372673e-01 -5.88018605e-03 -3.05520637e-02 -1.06705970e-01
   6.43616788e-03  9.59080292e-02 -1.41566564e-01 -8.01458264e-03
   1.52496181e-01  2.87128056e-01 -2.67025509e-02  1.51230337e-03
  -4.81684167e-02  2.11997551e-01  1.32054526e-01 -6.65245552e-02
  -9.09720383e-02  5.67025569e-02  1.26832469e-02  1.40370993e-01
  -2.16651550e-01  6.06123317e-01 -1.04260525e-03 -3.36266458e-01
  -1.59460729e-01  2.18504286e-01]
 [ 4.29295923e-01 -9.98150784e-02  1.44302763e-03  1.17947129e-01
   1.18189333e-01  1.39714854e-01  1.16489637e-01 -2.84302271e-01
  -1.40242105e-01 -3.27826306e-02  1.83806127e-01  7.36966395e-02
  -2.85583671e-01  1.47992632e-01  4.49735451e-01  4.40560765e-02
   1.96010873e-01 -3.91408902e-02  7.22694852e-02 -2.09265820e-02
   2.93835645e-01  3.60827674e-01  1.76473068e-01  4.70604319e-02
  -1.04410402e-02 -2.65530377e-02]
 [ 6.06740321e-02 -3.20111110e-01  1.43703801e-01 -3.70849082e-02
  -1.13985983e-01  9.12316611e-02 -1.50335994e-01 -3.41227775e-01
   1.04363677e-01  5.46601546e-02  2.43763048e-02  1.23274250e-01
  -2.18463013e-02 -5.48356299e-01 -9.60094759e-02  1.53043491e-02
   2.43163797e-01 -2.53923631e-01  1.39850539e-01  1.51236101e-01
  -2.47362615e-01  6.18065871e-02 -1.72378975e-01 -1.00656969e-01
  -1.94063684e-01 -2.50244300e-01]
 [-4.66900111e-02 -1.39972151e-01 -6.83350158e-03 -1.41858979e-01
  -1.30928617e-02  2.57664181e-02 -2.29829017e-01  5.13097538e-02
   1.28375765e-01 -8.95358591e-02  4.83163811e-01 -1.43353726e-01
  -6.38615538e-02 -1.42614579e-01  2.43858346e-01  1.44406374e-01
  -5.14575865e-01  1.73545526e-01  4.94389729e-02 -1.14584995e-01
  -1.02871718e-01 -2.01928239e-02  1.17440920e-01 -5.54030159e-02
   2.37567882e-01 -3.51802348e-01]
 [-4.20535418e-02 -1.07676890e-01  2.69735525e-02 -1.33494741e-02
   7.04236911e-02  3.85606070e-02  2.80114888e-01  1.10829357e-01
   3.74505428e-02 -9.39915295e-02  2.92270894e-02  1.18239935e-01
   1.73638154e-01 -9.99741036e-02  5.55157807e-01 -1.46557887e-01
  -9.41957150e-02 -1.07602738e-01 -1.98555450e-01  4.37839886e-01
  -2.90070039e-01 -2.68926208e-01  1.24700327e-01  1.14023767e-01
  -1.25732263e-01  2.03076001e-01]
 [ 1.32754546e-01  3.34491969e-01  6.49041026e-02  2.04231940e-01
  -3.56775268e-02 -2.92730220e-02  1.18637126e-01  1.07867455e-01
   1.67323169e-01 -2.50755290e-01  1.73648044e-01 -1.27927679e-01
   1.17069254e-01  7.07451642e-02 -7.63868590e-02 -4.77128406e-02
   3.70952871e-01  1.19317792e-01  1.30584848e-01  2.22225129e-01
  -2.30729370e-01  1.14612035e-03  2.44427644e-01 -4.81217686e-01
   1.69321067e-01 -2.02511065e-01]]

Kinase CDK6
Singular Vector U 
[[-0.11918331  0.1163438   0.10383856 -0.03478901  0.03105809 -0.08637585
  -0.04744507  0.3748644   0.1301294  -0.00807557 -0.22116685 -0.02476507]
 [ 0.10213615 -0.01794601  0.03332707 -0.21186535  0.08901426 -0.43229947
  -0.22287493  0.51130627 -0.09164878 -0.1698837   0.15162528  0.03738493]
 [-0.40308307  0.29441879  0.13833975  0.38351123 -0.22031918  0.05260665
   0.13299042 -0.04510618  0.1376496  -0.10268145  0.1648197   0.16651491]
 [-0.23105527 -0.08190844  0.28939762 -0.29356369 -0.00593428  0.00128836
   0.11931631 -0.15138508  0.13724611 -0.12425456  0.31506348  0.17867093]
 [ 0.02745635 -0.08853403 -0.17565426  0.21350177  0.20590274  0.37828726
   0.20396879  0.28161664  0.25610947  0.00181465 -0.04182839  0.12174487]
 [-0.19504984 -0.08561077  0.15136198 -0.32261959  0.40318921  0.04864685
   0.18485003  0.04587811 -0.04615989  0.13746826  0.08409434 -0.17804027]
 [-0.22896642  0.10975346 -0.1328211   0.03682806  0.36246589 -0.35092658
   0.18500254 -0.21148246  0.10918477  0.09653783 -0.08194833  0.00142031]
 [-0.0502766   0.12875822  0.03822239  0.00418527  0.23895778 -0.24277582
   0.07193992 -0.13589142  0.165509    0.06292436 -0.24231761 -0.17792835]
 [-0.40167735 -0.11916695 -0.27498051 -0.09681102  0.00833162 -0.0056666
   0.09810271  0.05300937  0.25509431 -0.06817001 -0.22141268  0.0601055 ]
 [ 0.31771075  0.29509022 -0.16864046 -0.25028042  0.04647417  0.04118096
   0.21842331 -0.05264849  0.33014587  0.03330124  0.02225779  0.48746207]
 [-0.00361593 -0.02547747 -0.16534402 -0.30277097  0.03526941  0.25478016
   0.16999438  0.05340494 -0.26776236  0.20242728 -0.41648677  0.0594617 ]
 [-0.0340914  -0.07497996 -0.00227519 -0.00111389  0.01872946 -0.12257372
  -0.39999126 -0.0397088   0.34307858  0.66366781  0.08091305 -0.12325132]
 [-0.07209488 -0.1464474   0.11055966  0.2369212   0.25794929  0.10541668
  -0.32965558 -0.13370069  0.03300347  0.0114127  -0.33314019  0.29835006]
 [ 0.03002724  0.40647477 -0.31145099 -0.11530476  0.05346424  0.20982661
   0.08354642  0.21285553  0.08307532  0.03781898  0.21405511 -0.39368009]
 [ 0.12204563  0.4250966   0.37385702  0.26235187  0.25600783  0.23929412
  -0.08197225  0.05400394  0.03510983  0.00527985 -0.06151915 -0.26294595]
 [ 0.0273057   0.30072528  0.06075733 -0.08316643  0.08035462 -0.31798391
  -0.05842732 -0.00227765  0.1998583  -0.32218818 -0.17920471  0.07563626]
 [-0.05696823  0.13738273 -0.00452763 -0.23496957  0.2483217   0.24598658
  -0.32836788 -0.16426395  0.01691947  0.07067918  0.39973442  0.25493008]
 [ 0.26120756  0.10604408  0.25448982 -0.07839733  0.19352532 -0.0445442
   0.21537855 -0.32246061 -0.28041395  0.0022268  -0.0815186  -0.00674152]
 [-0.4179312   0.11558792  0.38387736 -0.30172762 -0.12454778  0.21722077
  -0.06524481  0.18980922 -0.1011757   0.01638603 -0.18291562  0.02993545]
 [-0.23696638  0.40458131 -0.41167844 -0.05775362 -0.06811438 -0.01664138
  -0.35907403 -0.19756413 -0.38023769 -0.05088949 -0.0921075   0.05196459]
 [ 0.1361534  -0.03507739  0.05473098 -0.3177022  -0.3250133   0.15582516
  -0.17625326 -0.32133714  0.42236669 -0.24228336 -0.21972239 -0.34270206]
 [ 0.24048145  0.09824034  0.13133646 -0.05754636  0.01390388  0.09818077
  -0.23497339  0.20271504  0.05787727  0.00375107 -0.20738199  0.26955519]
 [ 0.04342627  0.2560266   0.16246865 -0.02770843 -0.42282947 -0.19045482
   0.2351312   0.0446909  -0.04160461  0.50374223 -0.07430734  0.15035029]]
Singular Values 
[10.77695015  9.75072169  9.42800927  7.94008135  7.22556003  6.3470408
  5.98136356  4.5431741   3.82700762  2.97766431  2.8091562   1.38482017]
Singular Vector V (transpose) 
[[-8.14187299e-01  2.62542913e-01 -1.04149530e-01  1.82078300e-02
   2.21079443e-01  3.91849840e-01 -2.34973303e-02  1.59953711e-01
  -1.63585176e-01 -2.13508635e-03 -4.08072871e-02 -1.40606459e-03]
 [-6.21929835e-02 -6.48445322e-02 -2.55901170e-01  9.35272799e-02
   5.50127528e-01 -3.18034566e-01 -1.49904823e-01 -3.24031008e-01
   5.64253127e-02  5.80683121e-02  5.31460673e-02 -6.14052422e-01]
 [-1.54048229e-01 -2.64890612e-01 -1.23694686e-01  5.93312713e-02
  -6.52094436e-01  1.14089591e-01  1.20132475e-01 -1.60321892e-01
  -3.70838879e-01 -2.90738002e-02  8.24447251e-02 -5.13555382e-01]
 [ 1.40587181e-01  3.94075656e-01  7.60507520e-01  9.28221791e-02
   8.16432657e-02  1.38653456e-01 -1.00859517e-01 -1.78675908e-01
  -2.42567357e-01 -1.73015890e-01 -4.66296571e-02 -2.81098035e-01]
 [-4.28905402e-01 -1.36938368e-01  2.98425811e-01  5.91857427e-03
  -1.89235073e-01 -2.53567866e-01 -1.04829098e-01 -6.27311238e-01
   2.46212355e-01  2.23442406e-01  4.98208120e-02  3.00916590e-01]
 [ 2.46602845e-01 -9.83137166e-02 -1.96149137e-01  1.00285116e-01
   5.16059838e-03  6.52402416e-01 -5.82448119e-01 -3.02445671e-01
   9.04000799e-02  8.25090939e-02  6.58981616e-02  7.27504636e-02]
 [-1.68602186e-01 -2.31793515e-01  2.98092893e-01 -3.77225135e-02
  -1.60297427e-01  1.00866717e-02 -3.25700301e-01  4.70737455e-01
   5.91875888e-01  4.21496754e-03 -4.61448857e-03 -3.51760060e-01]
 [ 3.03218189e-02 -4.17547978e-01  1.80657231e-01  2.11573034e-01
   2.61369299e-01  4.27209918e-01  6.32644096e-01 -1.40170776e-01
   2.57308513e-01 -2.57264042e-02 -8.17174694e-02 -5.54815553e-02]
 [-4.05968928e-02 -6.06591446e-01  2.70127473e-01 -3.47123309e-01
   2.91441047e-01 -2.16584781e-02 -1.98581110e-01  1.57182076e-01
  -4.92029164e-01  1.24150690e-01  1.26290004e-01  1.18035477e-01]
 [-1.15270018e-01 -2.05270932e-01 -3.82279157e-02  2.63479978e-01
   3.37558030e-02 -1.17822275e-01 -1.44553285e-01 -4.26290602e-02
  -7.58843174e-04 -8.74035514e-01  2.04771420e-01  1.73462312e-01]
 [-7.76306314e-03  3.29161544e-02 -7.91654182e-02 -7.91744189e-01
  -1.70292210e-02  1.13659961e-01  5.37547649e-02 -2.41056746e-01
   1.54510139e-01 -3.59185868e-01 -3.58345281e-01 -1.01116345e-01]
 [ 2.49197936e-02  1.83680931e-01  1.64060469e-02 -3.25163873e-01
   1.94359025e-02  1.15156881e-01  1.80549419e-01 -3.04032854e-02
   1.49704991e-01  7.99334919e-03  8.86974207e-01 -5.72676233e-02]]

Kinase HIPK2
Singular Vector U 
[[-0.02994213  0.08931787 -0.0375073   0.17750868  0.14392799  0.30557613
  -0.31208729 -0.09280975  0.12773744  0.30611105 -0.06266589  0.49343338]
 [ 0.32783219  0.21986168  0.03594889 -0.00224583 -0.04176437 -0.03631788
   0.32900256 -0.04298546  0.04093978 -0.16180842 -0.14001989  0.23446863]
 [-0.32107799 -0.11496653  0.33085427 -0.00545315 -0.13808209  0.17528014
  -0.01060553 -0.06198951 -0.08578793  0.25803016  0.32372253 -0.0920479 ]
 [ 0.25948222  0.34539499  0.41491196  0.0355766   0.05948696  0.22480664
  -0.26005766 -0.40090732 -0.24827417 -0.26155945 -0.05535262 -0.31610309]
 [-0.06271238  0.20485371 -0.21600778 -0.42932068 -0.14120545 -0.46495203
   0.07193027 -0.31843156 -0.19544586  0.15134722  0.08158551  0.0762855 ]
 [-0.013772    0.24139302 -0.09994256 -0.00926034  0.24975018 -0.13043145
  -0.14899858 -0.10492406 -0.27196769 -0.04337122 -0.14748854  0.12328598]
 [ 0.21269082  0.20038884  0.16872101 -0.41565814  0.12821893  0.29217086
   0.20721806  0.14447618  0.14107919  0.16752583  0.08314937  0.15529283]
 [ 0.11787591  0.36097363 -0.0246031   0.20973505  0.04923585 -0.0079117
  -0.09956527  0.18272466 -0.04003651  0.15783984  0.23717106 -0.00992759]
 [-0.344705    0.06947676  0.21022679 -0.16823087  0.04594112  0.0207771
  -0.03890194  0.07268066 -0.0770108   0.07211309  0.0614895  -0.07335808]
 [ 0.24090419 -0.09121407 -0.24906256 -0.26529063 -0.29312941 -0.06087466
  -0.53165162  0.09625703 -0.0771495  -0.03998483  0.16304587 -0.04048245]
 [ 0.00449583 -0.02690957 -0.21870755  0.15861967 -0.21333249  0.21283836
   0.36945461 -0.21696759 -0.31839685  0.36797979 -0.40678183 -0.05715965]
 [-0.22594826 -0.0409273  -0.44024301 -0.22276443  0.25922776  0.32377762
  -0.06756754  0.2211204  -0.07845196 -0.35790697 -0.17796304 -0.0439077 ]
 [-0.06704221  0.42127196 -0.02400599 -0.07111843 -0.01908848 -0.03577058
  -0.1650081   0.40648466 -0.0667591   0.30435048 -0.39001658 -0.33330702]
 [ 0.00888182 -0.07180335  0.274368    0.1462275  -0.29591201 -0.29687638
  -0.19713927  0.23448594  0.20425597  0.0827271  -0.38605908  0.14375184]
 [ 0.16220766 -0.16775017 -0.20724771  0.09907663  0.01499786  0.18243753
  -0.09337675 -0.15416663  0.34159398  0.17430753 -0.06250826 -0.49982423]
 [ 0.14361483  0.14651094 -0.25111784  0.241096   -0.50000862  0.29850453
  -0.0104377   0.03360981 -0.13297276 -0.12929824  0.19558386  0.14484361]
 [-0.09146622 -0.23456943  0.11138174  0.16327707  0.18109814  0.05442092
  -0.06756575  0.20154066 -0.58198382  0.00512087 -0.01335914  0.12318154]
 [ 0.32922643 -0.30128462 -0.06675765 -0.03334703  0.40449188 -0.10392606
  -0.1583396  -0.23467598 -0.03908089  0.32191784 -0.05444891  0.02005433]
 [-0.33902042  0.23549126 -0.07961744 -0.05460377  0.06202882  0.10785458
   0.09508738 -0.19411875  0.27640348  0.00168045  0.01877872 -0.05990493]
 [-0.31063475  0.12644403 -0.09237079  0.00488447 -0.09773724  0.07114622
  -0.3190258  -0.34134618  0.12285225  0.05704869 -0.10283474  0.24766641]
 [ 0.14426792 -0.12141464  0.07002022 -0.42507233 -0.174502    0.27906415
   0.00084762  0.11173269 -0.12710214  0.28319869  0.06204527  0.03852831]
 [ 0.12285211  0.23746303 -0.16003449  0.20607769  0.2724878  -0.09450054
   0.05729323  0.19897186  0.08197973  0.18184494  0.32274249  0.04535936]
 [-0.12009472  0.06578483 -0.19487573  0.21035122 -0.01840502 -0.14861721
   0.05001785 -0.02660127 -0.1574057   0.17404672  0.29005007 -0.22158111]]
Singular Values 
[12.57752466  9.28781145  8.60588788  7.67749865  6.53335081  5.97118417
  5.91615449  4.41590986  3.6741783   2.39124684  1.72640495  1.15532862]
Singular Vector V (transpose) 
[[-0.63346561 -0.42334121  0.02714603 -0.05055564 -0.21941904 -0.36680705
  -0.13902845  0.3497797   0.06941326 -0.23785135  0.12633384  0.1203835 ]
 [ 0.21958975  0.10890687  0.00587196  0.03505482 -0.48797661 -0.05349904
   0.41668911 -0.18644332  0.07827772 -0.6775995   0.15332966 -0.02244084]
 [ 0.47818057 -0.5484924  -0.0159206  -0.19200931  0.14754795 -0.3972825
  -0.02941466 -0.09617979  0.24770344 -0.07470879 -0.41877448 -0.03672007]
 [-0.11880902 -0.57426378 -0.02738234  0.137643    0.24497091  0.55134302
   0.02122279 -0.35682034  0.13857161 -0.14302656  0.31297396 -0.0838911 ]
 [-0.10714462  0.02696125  0.03720742  0.02439523  0.19658098  0.1184806
  -0.28777066  0.00420797 -0.56318724 -0.50410148 -0.40791535 -0.3355728 ]
 [ 0.36274986 -0.23477541  0.03063967 -0.02140737  0.03120833  0.32502855
   0.22544811  0.73080603 -0.25609027 -0.04829434  0.08792061  0.21149362]
 [ 0.11155101  0.27938335  0.04714724  0.09936995  0.65132823 -0.25100069
  -0.14433998  0.15735567  0.26393946 -0.3834301   0.37150628  0.0993973 ]
 [-0.38472915  0.11441072 -0.03156348 -0.09006188  0.3211472   0.1329543
   0.64276018  0.09945879  0.26768164 -0.05820651 -0.45922472  0.0035214 ]
 [ 0.04947702  0.11530526 -0.09712694  0.37384111 -0.24178745  0.33128657
  -0.41228933  0.23928898  0.55526686 -0.13110018 -0.33736919  0.01690316]
 [-0.00107052 -0.10967171 -0.23093168  0.77456122  0.0775323  -0.23585495
   0.16515166 -0.13302715 -0.26443653  0.04839325 -0.13159732  0.37215574]
 [-0.04124784  0.0640738   0.15810728 -0.32628076  0.01128449  0.1843809
  -0.19177225 -0.24977062 -0.06987038 -0.16435713 -0.17122333  0.81745822]
 [-0.00716466  0.04334514 -0.95127392 -0.27422943  0.01926595  0.03230882
  -0.0638592   0.01526188 -0.03585917 -0.06962714  0.06101247  0.04861812]]

Kinase AKT1
Singular Vector U 
[[-0.24261086  0.28764863 -0.0216086   0.10538401 -0.29722099  0.01455746
  -0.14198977  0.02899825 -0.02910383 -0.16307776  0.06290905 -0.15854791
   0.24409281 -0.03002629  0.37542931 -0.0725289   0.23347397  0.22633473
  -0.17671011  0.09059366  0.11776183 -0.52519479 -0.19792886]
 [-0.1715847   0.05427573 -0.00835327 -0.01557068 -0.00830055 -0.15989018
   0.19092036 -0.02405978  0.31365182  0.09366563  0.40101218 -0.20124235
  -0.08295395  0.11989066  0.11704151  0.14745353 -0.04551548 -0.56241215
  -0.1200129  -0.01811313 -0.41719946 -0.14522607 -0.10594698]
 [-0.06646495  0.29108318 -0.19674372 -0.20540087  0.16705965 -0.28365532
   0.02474238  0.04654195 -0.11383663 -0.2947437  -0.22522327  0.31340079
   0.14039967 -0.44655181 -0.01443297 -0.07186379  0.1389956  -0.20869396
  -0.1316095   0.20424389 -0.23678971  0.18441421 -0.18316315]
 [-0.21147784  0.11474498 -0.47931919 -0.14609566 -0.08793322  0.02551206
   0.17201197 -0.03374161  0.00187111 -0.05941959  0.12897673 -0.00809898
   0.0281541  -0.00944912 -0.40248271 -0.01815992  0.36422691  0.07171705
   0.21995789 -0.42273026 -0.02382421 -0.14889396  0.28433678]
 [-0.24868352 -0.04052037  0.07966762 -0.02228228  0.05020985  0.41962185
  -0.35009918  0.30094069 -0.06989439 -0.19060643  0.16648296  0.25549648
   0.04929456 -0.0264107  -0.2443168  -0.05652515 -0.38837918  0.05912409
  -0.14640177 -0.16186039 -0.33663256 -0.14611963 -0.03270869]
 [-0.27426594  0.1679994   0.11075153 -0.05842203  0.2486351   0.18773367
   0.12247126  0.22517976  0.0472938   0.43096613 -0.13353956 -0.15660008
   0.1467676  -0.0106529   0.08375529 -0.21156164  0.1786534   0.04341188
  -0.4508579   0.00965882 -0.01742723  0.20904579  0.36494228]
 [-0.22853714 -0.21185307  0.08860314  0.05294225 -0.23537238  0.07937228
  -0.10077144 -0.01634185 -0.03223721  0.27422848 -0.22793757 -0.06384651
   0.37760897 -0.31850557 -0.27412052  0.24477104 -0.04576394 -0.42859743
   0.04697056 -0.03287886  0.31333163 -0.07885967 -0.12360839]
 [-0.24533549 -0.36055676  0.28397523  0.07860909  0.00454583 -0.29258353
  -0.45065147  0.10733163 -0.0260943   0.04125918  0.13747669 -0.01469064
  -0.17922555 -0.10913589 -0.02855679 -0.123743    0.48781132  0.03522078
   0.20242194  0.10790653 -0.18646576  0.06995424  0.09805261]
 [-0.01710937  0.05069872 -0.02640193 -0.59930616 -0.37377554 -0.00902515
  -0.11158325 -0.14893905  0.17335014  0.26232536  0.12852569  0.24572049
  -0.08618735  0.10334913 -0.13811501 -0.192777   -0.0983668   0.04197369
  -0.02661116  0.42356673  0.08638664 -0.0760285   0.08911044]
 [-0.1420211   0.23694992  0.17494457  0.41100873  0.14794077 -0.2698294
   0.04175861 -0.35494546 -0.12402829  0.18792706  0.08711619  0.38764694
  -0.23244316  0.02341312 -0.29289411 -0.04894012 -0.05954465  0.00934832
  -0.24958978 -0.03047792  0.15303627 -0.24307506  0.03232589]
 [-0.28385583 -0.22821964  0.06450977 -0.2757088   0.22863969 -0.21410436
   0.22140337 -0.06849988  0.14156545  0.02920875 -0.06052951 -0.19041738
  -0.1423065  -0.35164903 -0.0120886   0.3294658  -0.23831495  0.46883455
  -0.04852734 -0.00230405 -0.04436742 -0.19480531 -0.05513756]
 [ 0.06959174  0.10134791  0.11374761 -0.14709594  0.33402948  0.50037938
  -0.02763021 -0.15124193 -0.05030608 -0.08306932  0.04264673  0.019414
  -0.34908333 -0.29592143  0.17506953  0.08137815  0.18504594 -0.27231116
   0.18557613  0.13543016  0.16789288 -0.29333066  0.17602198]
 [ 0.07135093  0.51225013  0.4008749   0.0600441  -0.14793928 -0.01102923
  -0.07365486  0.14839882  0.42212403 -0.09341733 -0.12610164  0.05553206
   0.04419982  0.00474409 -0.15461658  0.41617567  0.06972142  0.11749984
   0.21015742  0.00447232 -0.07393577  0.10613672  0.1848715 ]
 [-0.29298211  0.17662326  0.00701798 -0.08765495 -0.01620223  0.09025861
  -0.04472131 -0.2194613  -0.28992525  0.22281865  0.37349504  0.22277555
   0.12331449 -0.02275952  0.36226616  0.26985699 -0.03634222  0.11089055
   0.22778289 -0.16323904  0.03696593  0.4090072  -0.11507165]
 [-0.30481638  0.15390324 -0.07702734 -0.00707369  0.09448254 -0.04372313
  -0.27856291 -0.362239    0.17984161  0.04270157 -0.48440985 -0.14562761
  -0.0570247   0.13521788  0.16593863 -0.30501024 -0.26265621 -0.08527588
   0.31187533 -0.17273193 -0.14636825 -0.01399302  0.02555196]
 [-0.2419337   0.10471021 -0.03883844  0.02339285 -0.10528559  0.01596292
  -0.00945913 -0.11352328 -0.50262396 -0.23716535 -0.08266214 -0.37502735
  -0.11022893  0.24614371 -0.20798668  0.26908941 -0.0858411  -0.05637161
  -0.05824369  0.41262095 -0.10007879  0.10328947  0.23343201]
 [-0.27043387  0.0700396  -0.08769226  0.03267523 -0.02808721  0.07144356
   0.23703773  0.48934709 -0.07770478  0.21266291 -0.26203775  0.16625766
  -0.40184786  0.24043666 -0.00270906  0.04637353  0.09248413 -0.0167609
   0.22198536  0.09659248  0.06335802 -0.0531953  -0.41031421]
 [-0.28798476 -0.23159673 -0.27307486  0.38097097  0.11046257  0.17814796
   0.16048205 -0.07779998  0.40134653 -0.1667256   0.07492066  0.24458963
   0.20577142  0.04475119  0.05138295  0.01496205 -0.01241491  0.07525792
   0.13181743  0.45489263  0.06656012  0.10161412  0.14688092]
 [-0.19496082 -0.05883545  0.33168804 -0.31032195  0.3161359   0.03698466
   0.07399708 -0.15376007  0.10766135 -0.34865689  0.04488513 -0.02026013
   0.1961045   0.40427076 -0.19325083 -0.06873294  0.20431574 -0.05490646
  -0.07613903 -0.08440081  0.28028705  0.08792389 -0.31348541]
 [-0.17699971 -0.06072     0.00818355 -0.11812204 -0.03578063 -0.34655898
  -0.02461189  0.33357593 -0.02182913 -0.27256029  0.02019534  0.18002407
  -0.08013737  0.08009404  0.29490169  0.03846039 -0.24531273 -0.22733631
  -0.02639678 -0.1705749   0.41374494 -0.04307822  0.44061733]
 [-0.11975875  0.23988173  0.06971023  0.12764574 -0.08610902 -0.00280669
   0.09008095  0.12307749  0.08360569 -0.11610616  0.33229329 -0.36183267
  -0.17350411 -0.34799354 -0.19188282 -0.42870454 -0.22057251  0.00947774
   0.15424272  0.05807717  0.27989175  0.26210885 -0.14038534]
 [-0.00661247  0.03019119 -0.39729485  0.02409455  0.0161958   0.05706165
  -0.47065027 -0.04924294  0.27402411 -0.02684478 -0.00812318 -0.0969686
  -0.3440854   0.00630919 -0.02478788  0.28203945  0.09559234  0.00443267
  -0.40806991 -0.08243156  0.24180712  0.24650944 -0.16607525]
 [ 0.15819509  0.19545966 -0.22860952 -0.03547928  0.5164216  -0.2208175
  -0.3092564   0.23278797 -0.04983473  0.25269763  0.19443618 -0.1397266
   0.28463997  0.13561294 -0.12042029  0.07886086 -0.11580304  0.01845074
   0.24660741  0.20962601  0.12065039 -0.2006355  -0.02911662]]
Singular Values 
[30.23027281 21.13485024 20.01083439 18.26624802 17.06941772 15.05442791
 14.46776782 13.61688794 12.7584605  11.53124498 11.43478963 11.10679559
 10.43272229 10.0801545   9.44616755  8.69694224  8.06675856  8.00969713
  7.24639832  6.51340434  6.39842736  5.76230015  4.56793392]
Singular Vector V (transpose) 
[[ 0.03421585  0.02706047  0.03838636 ... -0.01368742  0.02401494
   0.05424851]
 [ 0.05956515 -0.09462097 -0.05378427 ... -0.02210986  0.0769133
  -0.08158543]
 [ 0.05476803  0.06978526  0.06977437 ... -0.03045173  0.02429225
   0.15047324]
 ...
 [ 0.25277728  0.04141745 -0.00496305 ...  0.05462348  0.06039011
   0.07732719]
 [ 0.0036838  -0.15596075  0.14741026 ... -0.14538683  0.19001621
  -0.17798996]
 [-0.11485995  0.04364475 -0.07913981 ... -0.01145781  0.4586404
   0.27585613]]

Kinase FYN
Singular Vector U 
[[ 1.30705898e-02  1.59651033e-01  9.59460587e-02 -4.49484885e-02]
 [ 7.70125027e-02  2.53533667e-01 -5.36664618e-02  2.93151498e-01]
 [-4.92849936e-02 -5.38252713e-02  3.43215519e-02  5.63369388e-03]
 [ 5.80148330e-01 -1.69184334e-01 -2.33256912e-01  1.13737121e-02]
 [-8.90795338e-03  9.71064112e-02 -2.47739022e-01 -5.55985835e-01]
 [-3.35863555e-01 -4.58338168e-02  1.05753254e-01 -1.19605193e-01]
 [-1.49969211e-01  3.07673290e-01 -1.25144585e-01  1.95627933e-01]
 [-6.38406475e-02 -1.81214258e-02  3.34575286e-02 -5.93436333e-01]
 [ 5.34415185e-02 -2.11478295e-01 -5.20452387e-01  2.47556806e-01]
 [-2.76037689e-01 -1.01309494e-01  1.77333557e-01  4.05459874e-02]
 [ 7.94116769e-03  4.62144425e-01 -9.10163153e-02 -1.64273401e-01]
 [ 4.96553000e-02  3.19990043e-01 -3.28052888e-02 -4.04347381e-02]
 [ 1.48996530e-01 -4.61957452e-02  5.05834063e-01  1.39381557e-01]
 [-3.44276209e-02 -1.46396293e-01  1.04427541e-01 -3.37189454e-02]
 [-6.92789450e-02  1.08148203e-01  7.02627746e-02 -3.50099756e-02]
 [-4.09855633e-02  8.67406405e-02  3.12963868e-01  1.54928093e-01]
 [-9.77357860e-02 -3.64120639e-01  1.07677445e-01 -4.80814123e-02]
 [ 7.61837176e-03  1.97959932e-01 -2.05173244e-02  1.66106298e-01]
 [-5.00691278e-02 -1.80597557e-01 -2.40683610e-01  3.17094420e-02]
 [ 2.64531343e-01 -3.26593299e-01  1.82279369e-01 -1.03587909e-01]
 [-1.08131572e-01 -2.60689718e-04  1.71364846e-02  1.83830067e-02]
 [ 5.16829084e-01  2.00643286e-01  2.15451670e-01 -1.35648392e-01]
 [ 2.07610520e-01  8.44866282e-02  1.08495321e-01 -1.72903967e-02]]
Singular Values 
[8.3531644  3.70660012 3.5359141  2.17338506]
Singular Vector V (transpose) 
[[ 0.17941046  0.00434472 -0.98048029  0.08032068]
 [-0.27186075 -0.17130102  0.02703895  0.94658153]
 [-0.94452384  0.09391703 -0.1927938  -0.24876667]
 [-0.0421703  -0.98072253 -0.02752902 -0.18880451]]

Kinase VRK1
Singular Vector U 
[[-0.12098055  0.22329287  0.03606693]
 [-0.17800103  0.07044606 -0.17332652]
 [ 0.07592913 -0.31381872 -0.08011144]
