Method Singular Value Decomposition(One of the PCA methods)
X = U(SIG)V*

X shape (nxm)

U shape (nxn)

(SIG) shape (nx1)

V shape (nxm)

Kinase PLK1
Singular Vector U 
[[-5.57332644e-02  9.98813632e-02  1.34075158e-01  1.06373409e-02
   5.33312331e-01  3.54900914e-02 -1.17412919e-01  2.56912852e-02
   1.21577048e-01  9.82011469e-02 -5.01810385e-02 -1.42308187e-01
  -1.75355265e-01 -4.25875426e-01 -2.30833187e-01 -3.17707587e-01
   7.56403146e-02 -1.79721463e-01  7.52724613e-02]
 [-1.85346067e-01 -2.90891351e-01 -6.69471417e-02  1.74350702e-01
  -3.20384240e-02  2.44851646e-01 -2.07363016e-02 -6.18861736e-02
   3.69910118e-01  3.97792836e-02 -1.82605682e-01  8.70716562e-02
  -2.94460331e-01  2.14651081e-01 -2.28158291e-01 -2.77195222e-01
  -1.22512809e-01 -5.19966582e-02 -3.58578684e-01]
 [-1.05367726e-01  4.15855800e-01  1.08516545e-01  1.46977141e-01
   2.40221287e-01 -2.07998463e-01 -1.05239613e-02  3.98922426e-02
   8.55034662e-02 -7.02028317e-02 -8.56636350e-02 -5.16308481e-02
   1.66620144e-02  3.62862782e-01  2.57700907e-01 -1.25448897e-02
   2.65278292e-01 -1.73858610e-01  2.53900809e-01]
 [-7.48720864e-03  3.20094460e-01 -3.57533849e-01 -4.33821828e-02
  -1.11111248e-01 -3.81162177e-02  4.25362847e-01  2.84507310e-01
  -1.50827030e-01 -3.14253647e-03  1.84859648e-01  1.83162102e-01
  -2.80805969e-01 -3.13303239e-01 -1.47593957e-02 -1.01024920e-01
  -1.87239941e-01 -1.53671786e-01  5.23677197e-02]
 [ 8.42887253e-02  2.94212027e-01 -3.07750588e-01 -3.14350002e-03
   2.90862925e-03  4.74664656e-01 -2.43866777e-02 -1.11042344e-01
  -2.36582199e-01 -3.13925313e-02  2.82257580e-01 -1.50524265e-01
   1.96867398e-01  2.39156935e-01 -1.47879201e-01 -2.67033256e-01
   4.56312390e-02  1.20119184e-01  8.25316108e-03]
 [-2.93398330e-01 -7.53913408e-02 -4.43297480e-02  2.86024543e-01
  -1.56567990e-01 -3.66688384e-02  2.97568878e-01 -3.01456397e-01
  -7.62570419e-02  2.15960134e-01  3.63205887e-02  2.07612266e-01
  -1.04606088e-01  6.19422392e-02  2.44642521e-02 -7.61135804e-02
   1.15360183e-02  4.25579585e-01  2.43224793e-01]
 [-2.84472427e-01  1.60622694e-01  2.67959460e-01 -4.23887940e-01
   3.49780993e-01  1.45347490e-02  1.71466293e-01 -1.09475426e-01
  -1.08383203e-01  6.60790969e-02  7.04940543e-02  3.24586243e-01
  -5.98473615e-02 -8.31616837e-03 -1.05199163e-01  1.19894286e-02
  -1.77727504e-01  1.86778972e-01 -1.52235336e-01]
 [-2.07713832e-01 -1.59167393e-01  3.89467833e-02 -2.07023695e-01
  -2.64990662e-01 -6.72875683e-02 -2.04327986e-01  3.07615868e-01
  -5.45831114e-01 -8.66852833e-02 -2.23886779e-01 -5.07463896e-02
   3.09930109e-02 -6.54010522e-03 -3.24730087e-01 -4.34674998e-02
   1.00497272e-01 -9.69212014e-02 -4.68418370e-02]
 [-9.15721378e-02  1.06458181e-01  2.51481368e-01 -2.11996874e-01
  -3.81982175e-01 -1.21272007e-01 -2.06393893e-01 -3.21114990e-01
   1.48376985e-01 -9.52178701e-02  5.35125028e-01  1.75620240e-01
  -5.79941886e-02  4.51576282e-02 -6.07330297e-02 -1.96622053e-01
   9.57343739e-02 -3.56197656e-01 -4.76223068e-02]
 [-3.12152792e-01  1.10384293e-01 -6.43965895e-02  3.47286176e-02
   1.20413662e-02  1.10228818e-01  5.42383738e-02  4.57820240e-01
   2.77335216e-01  6.82235296e-02  2.82413593e-01 -9.02480777e-02
  -4.17844379e-02  2.00415784e-01 -2.68442713e-02  4.70373003e-01
  -4.02677953e-02 -7.34901063e-02 -2.65941151e-01]
 [-2.52636498e-01  7.02169902e-02  4.83271177e-03  2.51615951e-01
  -1.31928375e-01 -8.34444057e-02  1.16400938e-01 -3.19056450e-01
  -1.23516029e-01 -3.99658519e-01 -8.12939426e-02 -3.73378213e-01
  -3.72795485e-01 -1.75373631e-01  2.25875576e-03  1.96034334e-01
  -1.01969843e-01 -1.76534857e-01 -2.93445656e-03]
 [ 4.17955445e-03  1.82485877e-01 -2.12584316e-01 -1.80840537e-01
  -2.84265334e-01 -2.43266717e-01 -5.37327347e-02  6.37070551e-03
   1.86116989e-01  4.26713049e-01 -1.20635368e-01 -2.27616009e-01
  -7.30019132e-02 -2.37657230e-01  2.42235804e-01 -1.97705923e-01
   2.84970174e-01  1.53873866e-01 -3.10087006e-01]
 [-2.09857748e-01 -1.46312618e-01  1.23738047e-01 -1.41034690e-01
  -1.47463664e-01  3.58483421e-02  1.40499097e-01  3.50547438e-01
   3.03871629e-01 -2.11775449e-01  1.15035737e-01 -1.88449945e-01
  -6.12019458e-02 -4.73657051e-03 -1.80108156e-01 -2.36559768e-01
   2.72945284e-01  2.68950671e-01  4.70588601e-01]
 [-3.29232000e-01 -1.56302943e-01 -1.74307227e-01  3.28207928e-01
   1.17902517e-01 -2.95009261e-04 -5.40361519e-02  2.58240497e-02
   3.65428015e-02 -2.09344753e-01  2.31901083e-01  6.44645995e-02
   5.49719153e-01 -3.83653067e-01  1.29860007e-01 -1.39391499e-01
   4.96181182e-02 -3.82987994e-02 -1.61384767e-01]
 [-9.53116555e-02 -7.02597204e-02  1.49283805e-01  1.42913071e-01
  -1.00746719e-01  1.68306421e-01 -4.19696147e-01  1.33831533e-01
  -6.31930211e-02  4.23981867e-01  1.92693044e-01 -6.78985598e-02
  -1.19790133e-01 -1.46153473e-01  2.08275744e-01  4.78346808e-02
  -4.31889696e-01 -3.30023480e-02  3.71902046e-01]
 [-2.52361208e-01  2.61116288e-01 -1.02153783e-01 -9.97199663e-03
  -1.41959199e-01 -3.59044864e-02 -1.43413001e-01 -1.92798197e-01
   1.86694983e-01  1.62240914e-01 -2.52351128e-01  2.11808874e-01
   2.71570677e-01 -1.92041838e-01 -4.11796643e-01  3.70221294e-01
   1.08540585e-01 -3.79531145e-03  1.80573787e-01]
 [-6.42438347e-02  3.61056881e-01  3.04884782e-01  3.05019052e-01
  -1.35622763e-01  1.34706974e-01 -2.94870135e-01  2.35914635e-01
  -1.18042480e-01 -2.30605021e-01 -1.40872345e-01  3.15148598e-01
  -1.66174211e-01 -7.79176936e-02  1.76512398e-01 -1.29753256e-01
   1.10431551e-01  3.07961878e-01 -2.35171760e-01]
 [-1.84870763e-01  7.81305173e-02 -5.27391843e-01 -1.21146806e-01
   6.53151992e-02 -1.99995894e-01 -3.46458200e-01  2.87891564e-02
   1.15731954e-01 -1.78530907e-01 -2.05605024e-01  2.06104424e-01
  -7.11502860e-02  2.31246900e-01  5.78900676e-02 -2.18083913e-01
  -2.75269102e-01 -8.12978558e-02  1.88170460e-01]
 [-2.52058281e-01 -1.58830780e-01 -2.51356684e-01 -2.94257279e-01
   2.30715326e-01  1.36515119e-01 -2.89707546e-01 -1.85173345e-01
  -1.43109262e-01 -8.65750734e-02  1.74579535e-01 -1.24171011e-01
  -2.75893076e-01 -5.83578909e-02  2.40343177e-01  2.32297914e-01
   2.90261209e-01  2.50837732e-01 -2.91707096e-02]
 [-2.10874705e-01  2.31012366e-01  3.74550742e-02  1.11615723e-01
  -2.49023293e-02  3.38618324e-01  4.27425497e-02 -9.21356302e-02
  -1.34234754e-01  2.91712637e-01 -1.36488782e-01 -2.63456682e-01
   1.17898055e-02  1.23187152e-01 -1.25454970e-01 -7.27286825e-02
   1.21708702e-01 -2.09356628e-01 -1.61216369e-02]
 [-1.12752106e-01  2.31379777e-01  1.62045399e-01 -2.89049211e-01
  -1.34164823e-01  7.37327200e-02  3.83710886e-02 -8.06280050e-02
   1.85637287e-01 -2.14850016e-01 -1.71603195e-01 -3.79929592e-01
   2.62258635e-01 -5.80775858e-02  1.27550816e-01 -8.45223060e-02
  -4.89326923e-01  2.43398513e-01 -6.25853297e-02]
 [-4.68082006e-02 -1.01101018e-01  1.26164249e-02 -2.43931665e-01
  -1.43016412e-01  5.41265022e-01  1.70659376e-01 -1.63983900e-02
   1.10392017e-01 -9.03895665e-02 -2.96138905e-01  2.62289124e-01
   3.06972063e-02 -1.56956313e-01  4.15014897e-01  4.52381033e-02
   1.57048943e-01 -3.19962179e-01  1.58202479e-01]
 [-4.21951961e-01 -1.64641598e-01  1.21748582e-01 -3.91985509e-02
   4.72380714e-02 -2.21210672e-01  1.99405719e-01  6.27600781e-02
  -2.30300542e-01  2.05104485e-01 -5.54079122e-02 -5.60674242e-02
   1.64518288e-01  2.01372832e-01  2.59192013e-01 -2.18446174e-01
  -3.36818944e-02 -1.98709936e-01 -7.48979987e-02]]
Singular Values 
[15.14514565 11.97096544 10.73349555  9.92369488  9.50541807  9.39111333
  8.66747965  7.52497795  6.91826182  6.18934732  5.4554109   4.65681301
  3.99021364  3.85342159  2.46302958  2.23083983  2.06582457  1.55882038
  1.01172079]
Singular Vector V (transpose) 
[[-2.27676783e-01 -3.09826811e-01 -3.16735394e-01 -3.01702102e-01
  -1.42186280e-01 -2.58491520e-01 -1.32222624e-01 -2.78857622e-01
  -3.12957041e-01 -2.87631106e-01 -1.45111866e-01 -5.17516626e-02
  -2.82316160e-01 -2.01107991e-01 -1.71113117e-01  4.99993255e-02
  -4.98652046e-02 -1.92716270e-01 -2.87374219e-01]
 [ 1.54961242e-01  8.90244053e-02 -1.87476071e-01  2.25261850e-01
   2.62817211e-01 -1.18653303e-01 -5.00678066e-02 -2.21435586e-01
  -3.66513034e-01  7.29641124e-02  3.68640027e-01  1.64006460e-01
  -2.20752874e-02  1.56356976e-01  3.22461278e-01  4.95630268e-01
   1.12284730e-01  1.12990569e-01 -2.12344414e-01]
 [ 1.15107028e-01  2.09848273e-01  2.63967560e-01  1.71687141e-01
  -1.74842839e-01 -2.85265918e-01 -2.70702933e-01 -1.71912941e-01
  -3.13967517e-03 -9.78948743e-02 -4.24891013e-01  2.48627521e-01
  -4.43327234e-02  3.94992627e-01  1.42834988e-01 -2.78664813e-01
   3.53718652e-02  1.08516914e-01 -3.28282013e-01]
 [-4.54765269e-02 -2.43874229e-01  3.12460164e-01  2.07687605e-01
  -4.97898665e-01 -8.36054310e-02 -2.53485464e-01  1.44125671e-01
  -6.30711679e-03  2.05601645e-01  4.26676278e-01 -3.86086029e-01
  -3.96307115e-02 -1.51280940e-02  5.30511033e-02 -1.80118353e-03
   9.46718237e-02 -8.41651653e-02 -2.52351307e-01]
 [ 2.51864305e-02  1.32110375e-01 -4.51452341e-01  3.18994236e-01
  -1.37076934e-01  1.40907463e-01 -8.77701670e-02 -1.39163944e-01
   1.84213041e-01 -1.42383338e-02 -9.12440926e-02 -2.32429885e-01
  -2.42656343e-01 -3.45815942e-01  2.04654307e-01 -2.10156997e-01
   1.61652261e-01  4.72726620e-01 -4.73412060e-03]
 [-3.08206152e-01 -2.73249192e-01  1.93002077e-01 -1.77415440e-01
   3.06464563e-01 -8.93125464e-02 -6.91682158e-02 -2.12646377e-01
   4.54389624e-01 -3.56478110e-02 -6.29282818e-02 -1.26514088e-01
  -1.48541000e-01  9.73966277e-02  4.38613571e-01  1.03588061e-01
   3.59098030e-01 -8.62073519e-02  1.04715609e-01]
 [ 7.69899585e-02 -3.95963919e-01  1.12081241e-01  4.41522227e-01
   2.75995783e-01  1.24051935e-01 -2.10757329e-01 -3.31327411e-01
   5.66183937e-02 -1.98617259e-01  1.70800745e-01  4.91623536e-02
  -8.08155719e-02  4.35901005e-02 -1.30788997e-01 -2.10752018e-01
  -4.51309673e-01 -3.93409585e-02  1.86000349e-01]
 [-5.94224702e-01  1.35446835e-02  6.13274659e-02  3.12059467e-01
  -5.33141128e-02  1.47503629e-01 -1.53410499e-02  2.14877445e-02
   5.34213962e-02  1.37465769e-01 -2.42198722e-01  4.74554945e-02
  -7.28448393e-02  1.66399714e-01 -3.77615440e-01  4.48398884e-01
  -4.09229721e-02  2.40598349e-01 -3.74057661e-02]
 [-1.89825578e-01 -2.48762610e-01  7.29713769e-02 -2.26410284e-01
   2.43904173e-01  1.04947318e-02 -1.81654997e-01  3.13170654e-01
  -9.34517020e-02  1.13411723e-01 -5.74081941e-02  7.39884031e-02
   2.74505561e-01 -2.03818348e-01  2.77574820e-01 -9.62718373e-02
  -3.57892260e-01  4.41377493e-01 -3.13600923e-01]
 [ 2.30140850e-01  1.61346109e-01 -6.69325794e-02 -1.33012367e-01
   5.10608585e-02 -1.74735586e-01 -4.45829176e-01 -2.13063687e-01
   4.86887921e-01  2.15864002e-01  4.34346256e-02  1.16690415e-01
   2.31380084e-01 -2.94415240e-01 -3.05296640e-01  2.53922731e-01
  -5.53173479e-02 -6.15601698e-02 -1.32744005e-01]
 [-3.98496717e-02 -5.26819252e-02 -1.82318432e-01  2.05716939e-02
   3.88908209e-01 -1.73412391e-01  2.66059610e-01 -8.51645606e-02
   4.64838068e-02  4.20455080e-01  9.96548527e-02 -2.31625023e-01
  -1.32408651e-02  2.45970028e-01 -3.36439359e-01 -3.82994723e-01
   1.33355801e-01  1.69734731e-02 -3.48513901e-01]
 [ 8.72132221e-02 -7.94448423e-02  1.42392644e-01  1.94877350e-02
  -5.25313575e-02 -4.65971078e-01  1.81204707e-01  7.34615269e-02
  -1.04289446e-02  4.50775177e-01 -5.83660480e-02  2.33329961e-01
  -5.13091843e-01 -2.12569670e-01  6.11738068e-02  4.31725774e-02
  -2.16139182e-01  9.09420303e-02  2.77683822e-01]
 [ 1.21613155e-01 -1.44570148e-01 -1.60247597e-02 -1.16005482e-01
  -1.12001727e-01 -3.76482958e-01  2.22669270e-01  1.13574469e-01
   2.69323102e-01 -4.70391479e-01  2.85051474e-01  1.26277605e-02
   2.96179227e-02  2.16515556e-01 -2.19661202e-01  1.02869363e-01
   2.50771143e-02  4.99777077e-01  4.02349898e-02]
 [ 1.26904603e-01  2.48645890e-01 -7.79590302e-02 -3.21649123e-01
  -1.41574778e-02  1.88587529e-01 -9.61873553e-02 -2.46314559e-02
   1.26145563e-01  4.71548222e-02  5.93236571e-04 -4.18741613e-01
  -3.50823604e-01  3.89893845e-01  1.08423699e-01  1.66840107e-01
  -5.05511783e-01  3.21792867e-02 -4.65370485e-02]
 [-2.62472032e-01  4.35782039e-01  4.26906392e-01 -2.37251513e-01
   1.02081265e-01 -4.14419049e-03 -7.70012056e-02 -3.66365938e-01
  -2.58579123e-01 -5.92973032e-02  2.90940116e-01 -8.60846979e-02
  -5.90898915e-02 -2.05273178e-01 -1.39613253e-01 -1.84530916e-01
   5.89825124e-02  2.60606963e-01  1.38097634e-01]
 [-1.70413887e-01  2.98805440e-01 -4.91874226e-02  3.05209079e-01
   2.38673144e-01 -5.24690376e-01 -6.33879945e-02  2.40189911e-01
  -4.63185359e-02 -2.14181085e-01 -1.13368909e-01 -4.30020277e-01
   1.84425596e-01 -1.18473243e-01  7.95149631e-02  5.03411834e-02
  -1.70818708e-01 -2.08864732e-01  1.28958779e-01]
 [-1.50298465e-01  2.58921006e-01  5.40839458e-02  1.03831467e-01
   1.67160257e-01  1.27503981e-01  5.30997285e-02  3.35662891e-01
   2.54802020e-01 -2.62184639e-01  2.72445634e-01  3.14316225e-01
  -4.19791328e-01 -1.69048616e-01 -6.24132372e-03 -8.36141364e-02
  -3.45281186e-02 -2.29560850e-01 -4.05667659e-01]
 [-1.65936291e-01  1.53786470e-02 -3.18714821e-01 -1.14571199e-01
   5.71462295e-02 -6.41558791e-02 -5.80173959e-01  3.24035949e-01
  -1.09089089e-01  8.08111644e-02  1.93049656e-01  1.81578254e-01
  -1.22704618e-01  2.97033673e-01 -9.31917308e-02 -2.02615684e-01
   1.82102596e-01  1.82934083e-02  3.65172850e-01]
 [ 4.20752341e-01 -1.31480287e-01  2.84624937e-01  6.71398074e-03
   3.36253299e-01  1.22149583e-01 -2.04319107e-01  2.62378068e-01
  -1.97153003e-01 -1.12592690e-01 -2.67535771e-01 -2.40968526e-01
  -2.80038569e-01 -1.20047135e-01 -2.60434175e-01  1.68751448e-01
   3.08908376e-01  1.35455541e-01 -4.41867152e-02]]

Kinase ABL1
Singular Vector U 
[[-0.23592799 -0.02918885 -0.28895784]
 [-0.22903858  0.24439305 -0.14548368]
 [ 0.18544088 -0.07352482  0.04488354]
 [ 0.34775991 -0.05920173 -0.09863169]
 [ 0.35180543 -0.03805668 -0.31561512]
 [ 0.28131175  0.18444238  0.12359079]
 [ 0.25526989 -0.06571637  0.16408312]
 [ 0.20935282  0.15342904 -0.14983424]
 [ 0.06789423  0.3226271  -0.06125474]
 [ 0.08695328  0.09145596  0.02783285]
 [ 0.11611495  0.41469409  0.06366196]
 [-0.11496901  0.15397135  0.04496323]
 [-0.13666074 -0.07806934 -0.33617704]
 [-0.0513138  -0.47310391 -0.15048811]
 [ 0.05312337  0.01116079  0.36419911]
 [-0.12493091 -0.15976595 -0.41466871]
 [ 0.18877996  0.17965757 -0.34462856]
 [ 0.19110812  0.12988932 -0.09156225]
 [-0.24109713  0.2064552  -0.014167  ]
 [ 0.30497409  0.00709304 -0.30631673]
 [ 0.26152336 -0.44273893  0.14795933]
 [-0.11578919  0.04540318 -0.13570829]
 [ 0.20236206  0.11652849 -0.08359405]]
Singular Values 
[9.26793353 6.76139847 5.43068915]
Singular Vector V (transpose) 
[[ 0.88069656  0.24761781  0.40380564]
 [ 0.47204341 -0.38797238 -0.79161383]
 [-0.03935225  0.88778536 -0.4585723 ]]

Kinase MELK
Singular Vector U 
[[-0.13217072  0.16181617  0.27051359]
 [ 0.09564105  0.39055403  0.11095865]
 [ 0.06125096  0.19940208 -0.4395024 ]
 [-0.28143871 -0.17441064  0.10475367]
 [-0.1571556  -0.27612777 -0.26262708]
 [-0.34659548  0.12542653  0.27022409]
 [-0.34729932 -0.08318767 -0.34217359]
 [-0.2367009  -0.36642332  0.01650437]
 [ 0.08158535 -0.07934952 -0.15493541]
 [-0.10076602 -0.10261974  0.2586353 ]
 [-0.24003919  0.27013203 -0.30550848]
 [ 0.07580268  0.26665604 -0.04578836]
 [-0.29092736 -0.07385582  0.07600725]
 [-0.12193398 -0.25230934  0.10032232]
 [ 0.09127453 -0.10635434  0.23065832]
 [ 0.08275669  0.05446985 -0.23334325]
 [-0.27472639  0.21980074  0.23036216]
 [-0.03377791  0.3423699  -0.00591838]
 [ 0.23216879 -0.09729745  0.03130079]
 [-0.35479685  0.07574232 -0.13426799]
 [-0.17140265  0.26574782  0.13349885]
 [-0.27098249  0.05636906 -0.21785484]
 [ 0.12199835 -0.13823467 -0.06172852]]
Singular Values 
[9.22916908 7.84871313 6.41921726]
Singular Vector V (transpose) 
[[-0.32156402 -0.90626359 -0.27437726]
 [ 0.93978859 -0.34087703  0.02450002]
 [ 0.11573239  0.2499783  -0.96130997]]

Kinase SYK
Singular Vector U 
[[-0.16354946  0.43019304  0.01862866]
 [-0.1036653   0.41611245 -0.14518506]
 [ 0.39949344  0.19773417 -0.0615515 ]
 [ 0.00644858 -0.19356662 -0.16178498]
 [ 0.08453109  0.11989577  0.06722615]
 [-0.2451298   0.02904554  0.49079476]
 [ 0.14508376 -0.21294726  0.16105291]
 [ 0.24378147  0.33079999  0.37617447]
 [ 0.09209735 -0.06855044  0.20304967]
 [-0.2022699   0.20610436 -0.02196835]
 [-0.12589349 -0.04918467 -0.26065233]
 [-0.105051    0.01949057 -0.36054158]
 [-0.36073775  0.1549195   0.1462164 ]
 [ 0.16037402  0.00398707  0.13464751]
 [ 0.26080469  0.03725498 -0.02463846]
 [-0.02643399 -0.07461741  0.22036322]
 [ 0.24667023 -0.12644331 -0.12389875]
 [ 0.32893186  0.26203379 -0.21895666]
 [ 0.07374292  0.24611439  0.03325451]
 [-0.0009438  -0.0747678   0.34117777]
 [ 0.25861149  0.31380451  0.06100821]
 [ 0.1615754  -0.07580121  0.11595071]
 [-0.29468382  0.24340024 -0.09737414]]
Singular Values 
[7.52672716 6.30506764 4.36625948]
Singular Vector V (transpose) 
[[-0.73027364  0.65333579 -0.19963154]
 [ 0.62252521  0.75676712  0.19941387]
 [-0.2813588  -0.02135103  0.95936508]]

Kinase TTK
Singular Vector U 
[[ 0.01614164  0.04590982  0.06016733  0.1611916  -0.06490705  0.26994175]
 [ 0.00556853  0.33472005  0.16700439 -0.03128207  0.05530933 -0.03790864]
 [-0.20992839 -0.0237276   0.0135044   0.07326157 -0.19988661 -0.38413026]
 [ 0.11359493 -0.26676896  0.14351128 -0.09554862 -0.12546303 -0.21421529]
 [ 0.2783421   0.01099054 -0.10306799 -0.04448095  0.36915995  0.1748248 ]
 [ 0.04980816 -0.34239073  0.19445666 -0.00224779 -0.1753797   0.10239722]
 [-0.00497841 -0.2278001   0.2286673  -0.25969226  0.05114552 -0.08573998]
 [ 0.15656515  0.10034439  0.05405478 -0.45399414 -0.06551796 -0.24575893]
 [ 0.45575584 -0.00187742  0.2005661  -0.17520039 -0.07440401 -0.11518765]
 [ 0.21418009  0.07467518  0.07547042 -0.09005056  0.2689062  -0.1299082 ]
 [ 0.31139121  0.20089266  0.4422965   0.26009174 -0.06988101  0.21907484]
 [ 0.04926725 -0.39072722 -0.05877841 -0.25061949  0.1500365   0.04572256]
 [ 0.30316483 -0.28987667 -0.32659005  0.20455986 -0.18181954 -0.15409245]
 [ 0.13295903  0.22352853 -0.32478354  0.06135631  0.16240827 -0.15658211]
 [ 0.43099654  0.02050734  0.04263586 -0.17151135 -0.10801314  0.23867018]
 [ 0.13143318  0.10929494 -0.38738609 -0.14678455 -0.27183135  0.26326523]
 [-0.07799748 -0.01492292  0.21720359 -0.15881473 -0.14797737  0.33601757]
 [ 0.19549385 -0.15502411  0.07620586  0.57908238  0.04673963  0.01167902]
 [ 0.15400752 -0.00203555 -0.0294542   0.16402371  0.35678521 -0.16508272]
 [ 0.03655715  0.31024073 -0.02151681 -0.13181168  0.29717855 -0.04478309]
 [ 0.18518335  0.13783004  0.18818161  0.1082977  -0.22941464 -0.4756681 ]
 [ 0.18534856  0.24349653 -0.30861071 -0.01836858 -0.43545399  0.00520689]
 [ 0.18612089 -0.30174619 -0.22374433 -0.01648733  0.175807    0.0100001 ]]
Singular Values 
[9.86644355 9.56419539 7.28885258 6.72511988 5.1909517  4.7476255 ]
Singular Vector V (transpose) 
[[ 0.51042508  0.19111429  0.55437888  0.31959679  0.04561065  0.53979921]
 [-0.70913155  0.36515549  0.20440655  0.19126757  0.50462392  0.17545171]
 [ 0.31437673  0.26151489 -0.04971827  0.52665175  0.30833613 -0.67666247]
 [-0.03670064  0.53600856  0.4984408  -0.46514214 -0.33884737 -0.36294614]
 [ 0.20219135  0.67764157 -0.62807581 -0.13616163 -0.00269007  0.29477806]
 [-0.30909171  0.1234645  -0.07407868  0.59077521 -0.73032761  0.03657072]]

Kinase CDK5
Singular Vector U 
[[-0.32534663 -0.00822368  0.09259997 -0.04509164 -0.23214423 -0.09686619
  -0.12324187 -0.18559388  0.16937447  0.28130195 -0.38321249  0.26282537]
 [-0.26445703 -0.21768945 -0.31758188 -0.00831817  0.06878509  0.22690708
   0.0209767  -0.08526167 -0.03951802  0.0328645   0.02187921  0.38687762]
 [-0.15887658  0.22764791  0.14562176  0.51788398  0.13730461 -0.01243376
   0.18197321 -0.0566532  -0.00119696 -0.23516932  0.15799339  0.08409456]
 [-0.11930973  0.2812211  -0.00969169 -0.11511991 -0.03982615 -0.00259285
  -0.14868641  0.25787087  0.05456024  0.14356501  0.13126253 -0.3264384 ]
 [-0.07954908 -0.01716808  0.08030788  0.06977778  0.20683577  0.28835364
  -0.01077471  0.47671841 -0.18610143 -0.03104855 -0.06345419  0.03603867]
 [-0.12161927 -0.0377701   0.11639172  0.07912909  0.00160029 -0.49926237
   0.30218428  0.24209944  0.20132479  0.08341664 -0.08925699  0.13843749]
 [-0.01718478 -0.26187924  0.15660354 -0.29767476 -0.59677802 -0.05465734
  -0.00191552  0.18151186  0.04615424  0.04742217  0.13214856  0.00917648]
 [-0.18796591  0.21894809  0.02471739 -0.3248448  -0.17828462  0.16291815
   0.23829151  0.19971133 -0.50972486 -0.14216525 -0.09331899  0.04005719]
 [-0.38914583 -0.18246139  0.00340292 -0.13468717  0.23342666  0.071281
  -0.2635546   0.24006609  0.44170871 -0.21145529  0.07024306 -0.36388914]
 [-0.24167422  0.1165479   0.2507401  -0.0247773  -0.05779571 -0.44545558
  -0.22400873  0.07770115 -0.08894021 -0.37776267  0.09313383  0.12883795]
 [-0.24442341 -0.07618017  0.30307155 -0.36572607  0.18397078  0.0329193
   0.08658139 -0.45098618 -0.03397833  0.0257666  -0.03286076 -0.14470217]
 [-0.20112308  0.35569623 -0.04349336 -0.14128894 -0.01013522  0.09305827
   0.32668181 -0.11981247  0.09033045  0.3106884   0.51759951 -0.08375472]
 [ 0.05285802  0.05195206  0.10101143  0.0837928  -0.08971129  0.20446018
  -0.0676293   0.06046825  0.40265587  0.24943313  0.27224017  0.31364125]
 [-0.06588926  0.14807244  0.01721593  0.21930666 -0.29685222 -0.00350549
  -0.33096583  0.04537965 -0.23236854  0.1867915   0.172546   -0.15069056]
 [-0.28211427 -0.18037228 -0.25560595 -0.05455331  0.22210704 -0.16588764
   0.32760705  0.08998011 -0.08984111  0.21213079 -0.10923211 -0.14218981]
 [-0.00139054  0.11493969  0.35167048 -0.19991958  0.23291449  0.29749551
  -0.16339759  0.03069895  0.05669461  0.0361835  -0.10611092  0.16418278]
 [-0.19444819 -0.32471725  0.26806174  0.12599262  0.14857005  0.01226491
  -0.01539431  0.28468265 -0.22941693  0.25999646  0.23060743  0.28334602]
 [-0.277199    0.50342545 -0.28922337 -0.00782855 -0.08567229  0.03460781
  -0.03071141  0.13618389  0.18191493 -0.0423252  -0.30188235  0.20000641]
 [-0.16101043 -0.15485748  0.24848378  0.33978453 -0.35986952  0.33650376
   0.42209059  0.00702812  0.17011737 -0.14264967 -0.19580814 -0.28976836]
 [-0.26291396 -0.09440572 -0.11097718 -0.02378087 -0.08818827 -0.00459948
   0.00622501 -0.25315184 -0.04673703 -0.39564332  0.38934456  0.16219279]
 [-0.16966522  0.15373357  0.37486806  0.20624249  0.0839143  -0.00934398
  -0.14414014 -0.23284749 -0.18208859  0.221467   -0.15189387 -0.10648069]
 [-0.26127804 -0.15505473 -0.23604897  0.17666582 -0.15731823  0.22920663
  -0.28688244 -0.11230971 -0.10520881 -0.04522585 -0.05931729 -0.04552292]
 [ 0.15645991  0.11990902  0.20540293 -0.18692754 -0.01459222  0.19674234
   0.1283695   0.05612823  0.1698207  -0.29681718 -0.04248138  0.23721591]]
Singular Values 
[10.95045462 10.1232678   9.01263558  7.80648997  6.87846973  6.42503453
  5.49787106  5.31586788  3.97888832  3.47444413  2.62278941  1.51614051]
Singular Vector V (transpose) 
[[-0.48053522 -0.31630253 -0.39251912 -0.34605072 -0.22851863 -0.24550226
  -0.36107872 -0.10763497  0.02507575 -0.34512449 -0.13670495  0.04830164]
 [ 0.12950682  0.32590471  0.29734051 -0.61660741  0.04387396  0.19100498
   0.1360977  -0.12222121  0.16726026 -0.31529499 -0.21192985  0.40525105]
 [-0.26692636  0.40140237 -0.01801039  0.06769457  0.26496287 -0.37441857
  -0.12095861 -0.02614253  0.55626275  0.05618529  0.45985357  0.11384276]
 [ 0.19832305 -0.05387394  0.1578553  -0.11032514  0.33592827 -0.58032002
   0.1904674   0.19663406 -0.33507415 -0.46416753  0.10148608 -0.24101475]
 [-0.16648653  0.42991684 -0.04206335 -0.08154174  0.12839119 -0.19984079
  -0.00935756 -0.59521942 -0.31022663  0.28158777 -0.31903079 -0.30154289]
 [-0.03799166  0.04294342 -0.60176615  0.10211538  0.2205839   0.06619349
   0.61846629  0.06719168  0.26930736 -0.13103399 -0.30459736 -0.04040346]
 [-0.18308553  0.06756537  0.35912037 -0.09381544 -0.22467458 -0.08418066
   0.00531654  0.38761754  0.39411351  0.07446857 -0.40527671 -0.53961553]
 [ 0.11108817  0.36614126 -0.28661264 -0.29341417 -0.61491947 -0.10681482
   0.24081395  0.20955939 -0.19245344  0.12412922  0.36219268 -0.10143731]
 [-0.44450713 -0.05235883  0.30420322  0.1999526  -0.20550659  0.25743147
   0.39499999 -0.33800305 -0.03019274 -0.38844327  0.31478057 -0.19362271]
 [-0.54086093  0.18763559  0.13956392  0.17397071  0.03508822 -0.09291829
   0.13962551  0.42312017 -0.38454929  0.12721807 -0.197116    0.45957609]
 [-0.20428724  0.20441203 -0.1791618  -0.24948917  0.4224694   0.53373519
  -0.25025544  0.29347593 -0.1980184  -0.0841001   0.21012967 -0.34581862]
 [ 0.18670764  0.47400696 -0.11468213  0.48870083 -0.21704947  0.06077342
  -0.3484752   0.04195315 -0.02367332 -0.52087351 -0.20626155  0.00804939]]

Kinase CDK4
Singular Vector U 
[[ 0.1941114  -0.03706113  0.09150331 -0.23072921 -0.38477243  0.02399463]
 [ 0.09603734  0.0515521  -0.07038648 -0.44780511 -0.12733475 -0.18310797]
 [-0.24421141  0.1146327  -0.09959993  0.23186087 -0.49079273 -0.15384811]
 [-0.09075084  0.14910583  0.13157148 -0.07442264  0.19421045 -0.25987477]
 [-0.01463047 -0.19423076  0.34728098 -0.18752293  0.20953307 -0.21719384]
 [ 0.20063367  0.11557927  0.17545401 -0.25303301 -0.34677064  0.19991249]
 [-0.11233299 -0.21112766 -0.36598028 -0.29109449  0.03057376 -0.01853986]
 [-0.19206771 -0.13306576 -0.15433499 -0.21971788 -0.00703387  0.40659024]
 [-0.16168377  0.16354254 -0.19001174  0.1068915   0.07009205 -0.0544151 ]
 [-0.04322377  0.24585005  0.29274081 -0.40597916  0.03141381  0.03250102]
 [ 0.00218356  0.28132214 -0.24643335 -0.34850055  0.0789949  -0.24551348]
 [-0.47793084  0.25289681  0.07854182  0.0343652  -0.17899051  0.25318954]
 [-0.02193195 -0.39221047  0.09244298 -0.13043808 -0.29298351 -0.22341397]
 [-0.29197044 -0.30413408 -0.02389637  0.00186805  0.0070161   0.09464445]
 [-0.24279275  0.0695659  -0.42266327 -0.15203776  0.05376918 -0.18555163]
 [-0.29572483  0.00462626  0.13352688  0.01986337 -0.00411411 -0.53379479]
 [-0.19820668 -0.26860711  0.15161009 -0.10102466  0.28377707  0.14037737]
 [-0.02152641 -0.20272417 -0.31025935 -0.01183127 -0.00799101 -0.04212277]
 [-0.12876338 -0.14716647  0.17383275  0.15617101 -0.33010897 -0.23348939]
 [ 0.05665668 -0.24859192  0.06211549 -0.10304451  0.09650265 -0.07660732]
 [-0.18988343 -0.36116648  0.07173826 -0.0655081  -0.06313941  0.08362616]
 [-0.42477967  0.14327881  0.16489575 -0.24151812 -0.06970575  0.16093519]
 [-0.17507561  0.13447131  0.26522209  0.08574385  0.22650614 -0.02230897]]
Singular Values 
[10.12299483  8.83500677  7.47623876  6.50050299  5.95474157  4.8123607 ]
Singular Vector V (transpose) 
[[-0.48274924 -0.22895    -0.4569361  -0.4308193  -0.56316774 -0.05460121]
 [-0.39376105 -0.14688394  0.26122842  0.45795479 -0.23298308  0.70080907]
 [ 0.75755042 -0.39227885 -0.25120361  0.05072167 -0.3526747   0.2866693 ]
 [-0.16761313 -0.34184607 -0.55065365  0.63038981  0.27446067 -0.28126089]
 [-0.04467099 -0.65645411  0.59238364  0.01545844 -0.1444818  -0.44163353]
 [-0.089068   -0.47363866 -0.07568378 -0.45218268  0.63873147  0.38672757]]

Kinase CDK6
Singular Vector U 
[[-0.24342814 -0.16567894  0.25733752  0.31933444  0.04062298]
 [-0.00404244  0.08836779  0.31843863  0.20790261 -0.24956284]
 [-0.13367662  0.06543535  0.34958134 -0.00629347  0.0484894 ]
 [-0.27570092 -0.21113329 -0.01281861  0.37363664 -0.01159951]
 [-0.20546977  0.26770259 -0.12798576 -0.24346866 -0.06834616]
 [-0.08181473 -0.2019769   0.26512619 -0.35269756  0.202796  ]
 [-0.12843758  0.1033102   0.05970986  0.23394856  0.43540436]
 [-0.04785645 -0.06682721 -0.11003542 -0.23831603  0.17807787]
 [-0.03403604 -0.01096132  0.18238257 -0.08441126  0.43471612]
 [-0.22639136 -0.48994225 -0.08934983 -0.04225311 -0.21467261]
 [ 0.31912302 -0.17244666 -0.0193965  -0.08465211 -0.21319656]
 [-0.29332622 -0.41647455 -0.00874009 -0.08800483 -0.14000124]
 [-0.2577126   0.03425602 -0.29356095  0.27965473 -0.14833404]
 [-0.15576767  0.10671817 -0.34163218 -0.28935203  0.19885923]
 [ 0.10122482 -0.17414215 -0.18496188  0.05944512  0.21244606]
 [-0.42802696  0.12300113  0.0918688   0.0466374   0.26943115]
 [-0.21933883  0.35437976 -0.04693202 -0.00424966 -0.16829477]
 [ 0.1391918   0.15907102 -0.10921807  0.17312608  0.05049149]
 [-0.14081917  0.31217045  0.10609377 -0.03094328 -0.32871205]
 [-0.07686921 -0.10565463 -0.44134629  0.10836997  0.03701583]
 [-0.23909506  0.1243868  -0.26660325 -0.0258501  -0.00846441]
 [-0.25183256 -0.06243955  0.10987424 -0.42236787 -0.18127885]
 [-0.20227455  0.08967843  0.13074196 -0.08211222 -0.11780625]]
Singular Values 
[9.28086381 8.44347891 7.41494863 6.63330113 5.58186765]
Singular Vector V (transpose) 
[[-0.76924037 -0.11318241 -0.51401576 -0.3510825  -0.08937489]
 [ 0.22920179 -0.49195639 -0.40089505  0.40107386 -0.61957111]
 [-0.31429525 -0.33348741 -0.0134467   0.66604858  0.58839028]
 [-0.3244083   0.69982559  0.03950315  0.5201492  -0.36453766]
 [-0.38950423 -0.37973536  0.75718534 -0.04129081 -0.35923939]]

Kinase SGK1
Singular Vector U 
[[-0.14343665  0.04009233  0.36067128  0.16490359]
 [-0.26421496  0.31544023 -0.0304172  -0.05491353]
 [-0.04841136  0.21566072  0.03091904 -0.07374365]
 [-0.14982732 -0.22058641 -0.20041651 -0.04785038]
 [-0.2123038  -0.14673753  0.03375508 -0.01702211]
 [-0.04280177 -0.06065657 -0.32581274  0.08028051]
 [ 0.06567685  0.19836607 -0.11341704 -0.403218  ]
 [-0.13465151  0.46330169  0.04969004  0.23027833]
 [-0.28056279 -0.12611022  0.02888865  0.22975755]
 [-0.23350043  0.02219622  0.35398895  0.10643881]
 [ 0.09239048 -0.11748963 -0.13869158 -0.13908168]
 [-0.41423223 -0.09454099  0.03690962 -0.25281137]
 [-0.06544185  0.07337236 -0.39882898 -0.02926658]
 [-0.19093893  0.24325332 -0.2031298   0.30679454]
 [-0.32571481 -0.05922809  0.1327517  -0.18819159]
 [ 0.22088358  0.16418191 -0.24906328  0.08759501]
 [-0.25071455  0.22840154 -0.27969105 -0.16197565]
 [ 0.28740109 -0.1846801  -0.04877229  0.44782225]
 [-0.23723901 -0.17315793 -0.12648667  0.36302298]
 [-0.07007438  0.36541112 -0.03110883  0.28773893]
 [-0.22023054 -0.17987623 -0.3090186   0.0476732 ]
 [-0.17787923 -0.26122919 -0.23773133  0.08358375]
 [ 0.14035808  0.19994186 -0.17011478 -0.06044242]]
Singular Values 
[10.03860639  8.56848849  7.94173008  5.70997279]
Singular Vector V (transpose) 
[[-0.8657957   0.03238935 -0.47344944  0.15872735]
 [ 0.21653089  0.86721013 -0.40273565 -0.19714198]
 [ 0.17842151 -0.46021895 -0.57616834 -0.65145555]
 [ 0.41434038 -0.18733938 -0.53073503  0.71522468]]

Kinase ATR
Singular Vector U 
[[-0.21279033 -0.0952924  -0.21805348 -0.41418754  0.02530759 -0.28492282
   0.09110479 -0.03476392  0.18661964 -0.23047547]
 [-0.31629635  0.14629716  0.03884021 -0.12869565 -0.22500976 -0.13833052
  -0.33168675  0.16253395 -0.3560327  -0.03579044]
 [ 0.05195907  0.0385408   0.02680439 -0.13975031 -0.13066715  0.38490893
  -0.07309976  0.09786181 -0.08469889 -0.00700048]
 [ 0.18519662 -0.04516794 -0.01065092  0.15811678 -0.04127171 -0.29285984
   0.07608805 -0.05751022 -0.47995359  0.02237117]
 [ 0.08350105 -0.07278759 -0.00971067  0.25898124  0.24331989  0.04041552
  -0.00721145  0.15380195  0.07572937  0.28891168]
 [ 0.08939039 -0.15833064  0.25228406 -0.08959069 -0.14418569 -0.11029286
   0.0056537  -0.27636805  0.4572887   0.2394594 ]
 [-0.185008   -0.4102924   0.05650351  0.0122712  -0.08783239  0.12643268
   0.03848973 -0.29828036 -0.17126643  0.1130379 ]
 [-0.32258894 -0.00981539 -0.22051566  0.26928518 -0.03020753  0.06974449
  -0.07061762 -0.16984556  0.14758096  0.07531923]
 [-0.21551023  0.06182966  0.10437559  0.39843287 -0.28822452 -0.01593939
  -0.33823058  0.02598409  0.02381375  0.13593658]
 [-0.23720286 -0.33990769 -0.25151475 -0.03029595  0.10769022 -0.01326134
   0.24856379 -0.09312518 -0.15759672 -0.24051677]
 [-0.46210355  0.07747403 -0.05790603  0.1736366   0.13633467 -0.39373542
   0.20080828  0.19776356 -0.04301786  0.09614677]
 [ 0.01667045 -0.17518283 -0.03930232  0.19761697 -0.17885389  0.25100883
   0.18617694  0.2143882   0.10462309 -0.03761348]
 [-0.16602354  0.21171745 -0.08570343  0.04595305  0.4140381   0.43466306
   0.00913025 -0.24154122 -0.12492762  0.10023004]
 [-0.03390126  0.04682928 -0.24261734 -0.07766321 -0.48477727  0.01290447
   0.15011165 -0.3979973  -0.08102168  0.18553443]
 [-0.16037505 -0.3392098  -0.19029578 -0.09197451  0.25334615 -0.03879427
  -0.43309398  0.23717208  0.18001534  0.28191476]
 [-0.36950744  0.11059632  0.04975923 -0.01804952 -0.30717189  0.13570689
   0.12114281  0.06216102  0.28368676  0.04064549]
 [-0.10028702 -0.50267559  0.36680742  0.08308912  0.12058233  0.02253344
  -0.17802918 -0.27815999 -0.10086928 -0.19740149]
 [-0.13484737  0.21129571  0.06539715 -0.27026788  0.24473147 -0.03653413
   0.13303822 -0.26640052 -0.13933643  0.54274456]
 [-0.2780574   0.03068777  0.08755787  0.01308793  0.02344582  0.39904311
   0.18236673  0.14655111 -0.124018   -0.17021176]
 [-0.07584094 -0.07290634  0.49233204  0.03026465 -0.09282769 -0.08042584
   0.17992866  0.15026414 -0.22598169  0.23134785]
 [-0.1912161   0.14487229  0.49726283 -0.13732072  0.14696457 -0.05058918
   0.18539108  0.03135116  0.20517176 -0.1877059 ]
 [-0.08357885  0.32351577  0.10552662  0.09556787  0.10524327 -0.07394992
  -0.3996228  -0.3853107   0.03207414 -0.33583612]
 [-0.0454989  -0.08711211  0.05757209 -0.51455722 -0.12179882  0.16750391
  -0.28084212  0.16885505 -0.15002381  0.09567609]]
Singular Values 
[11.95610612  9.71112386  8.8263234   8.24176675  5.75292265  5.48182015
  5.21850175  4.11102666  3.53985646  2.48752341]
Singular Vector V (transpose) 
[[-0.19860658 -0.50671451 -0.28456005 -0.41783914  0.09566508 -0.34974457
  -0.20706071 -0.30817084 -0.41299046  0.09140163]
 [ 0.03955647  0.04203762 -0.31192904  0.46119709 -0.5176622  -0.41249208
   0.40798751 -0.23909907 -0.09036636  0.12943539]
 [-0.55816594 -0.49208972  0.05193041  0.27424191 -0.15360158  0.42463544
   0.11581994  0.24694534 -0.01220862  0.29989846]
 [ 0.16722522 -0.22827282  0.32186445  0.35494695  0.08467529 -0.47500959
  -0.22175344  0.55815084 -0.28976287 -0.1134447 ]
 [-0.08583289 -0.36222348  0.02094712  0.0164628   0.39518747 -0.3429995
   0.36636857 -0.04597757  0.65143413 -0.16183009]
 [-0.37616583  0.33096735 -0.62087684  0.30033951  0.35250232 -0.08885565
  -0.31677554  0.18528621  0.06617874 -0.04535915]
 [ 0.19514492 -0.29126879 -0.40045721 -0.04103499 -0.20661333  0.28234327
   0.11009512  0.20668689 -0.07683251 -0.7293015 ]
 [-0.16675869  0.07927174  0.24073257  0.33426681  0.45333518  0.14898665
   0.30362646 -0.39736552 -0.46783623 -0.31551883]
 [-0.32675409 -0.02874229  0.29321975  0.17829371 -0.35442809 -0.09402687
  -0.52356113 -0.3749534   0.26217185 -0.3959021 ]
 [-0.54584885  0.33840744  0.1587752  -0.41932096 -0.19457272 -0.25549927
   0.33924081  0.31256073 -0.12209473 -0.23593586]]

Kinase CAMK2A
Singular Vector U 
[[-0.16003132 -0.11224005  0.18440439  0.04871376 -0.0439243   0.52226547
  -0.19630185 -0.06679448]
 [-0.0553018  -0.08102892  0.32568632  0.16188243  0.33376301  0.05334145
  -0.07208072 -0.19073324]
 [ 0.12796048 -0.22530987 -0.31048809  0.30861238 -0.07961713  0.11778131
  -0.04106012 -0.22203502]
 [-0.13903117 -0.04271159  0.06132993  0.0144992  -0.18962559  0.04538782
  -0.03973744  0.14020162]
 [-0.28950178  0.37913249  0.23671186  0.00261957  0.0357928  -0.03815966
  -0.4086636   0.21148587]
 [ 0.1322954  -0.2018313  -0.13920934 -0.09707822  0.09183712  0.09285101
  -0.60103551  0.04791062]
 [ 0.18431243  0.0450154   0.20632015 -0.0258961  -0.05871737 -0.39558032
  -0.11354129 -0.07505292]
 [-0.08450467 -0.17933199  0.10330733  0.3145718   0.26299622 -0.19749057
  -0.15785194  0.31706167]
 [-0.04178329  0.03648997  0.13653555 -0.3357636  -0.07202299  0.18228851
   0.07261938 -0.05722633]
 [ 0.01612667 -0.21900031 -0.27736936 -0.17022363 -0.08077747 -0.25973678
  -0.30609873 -0.34822144]
 [ 0.08638589 -0.10479926  0.44008744 -0.0149619  -0.11754226  0.24534432
   0.02247763 -0.31473692]
 [-0.16255783 -0.20976826 -0.0746257   0.42128829 -0.13782644  0.19643517
  -0.15055623 -0.07021584]
 [-0.23100011  0.04932142 -0.23022306  0.31640215  0.14855679  0.04520438
   0.05480721  0.05215872]
 [-0.07257097  0.25086994 -0.18778145  0.06265405 -0.22007317  0.08921067
  -0.30200524  0.10251711]
 [-0.09951819 -0.50950288  0.31290138 -0.04112542  0.03285583 -0.23254998
  -0.00185563  0.33871495]
 [-0.28464833  0.09535378  0.0160449  -0.13202196  0.50768289 -0.17882343
  -0.17654374 -0.46753764]
 [-0.35073799  0.00471279 -0.25576042 -0.0143338   0.04422135 -0.20215797
   0.20373546  0.02454022]
 [-0.04786304 -0.34384023 -0.07395415 -0.39482165 -0.06412121  0.04002626
  -0.10276403  0.15160139]
 [-0.35910062 -0.21373354  0.12901677  0.20274831 -0.16490897 -0.13130536
   0.19733912 -0.15876832]
 [-0.3377946  -0.13412527 -0.08261228 -0.22944462  0.079693    0.16857898
   0.15620742 -0.14625773]
 [-0.25236432 -0.12727891  0.01106299 -0.07697783 -0.4564048  -0.22781067
  -0.11691924 -0.12110181]
 [-0.41906372  0.16102855 -0.02975678 -0.17287154 -0.09620529  0.10214681
  -0.03524494  0.14791079]
 [-0.00918932  0.21725985  0.23344288  0.19667939 -0.36197385 -0.23854435
  -0.09538098 -0.23499195]]
Singular Values 
[11.51674983  8.44106004  7.96628836  6.60935609  6.22786506  5.8912552
  5.69270707  3.04683072]
Singular Vector V (transpose) 
[[-0.57343724  0.0185966  -0.41651269 -0.32651874 -0.4272411  -0.40436328
  -0.04785093  0.20589381]
 [ 0.2600953  -0.68788306  0.04873192  0.37682619 -0.36307771 -0.40040129
  -0.12363512 -0.08580377]
 [-0.29734298 -0.15363281  0.28241539  0.30032001  0.1634229  -0.06765232
   0.59418783  0.57765949]
 [ 0.28337247 -0.06464442  0.06420281 -0.20060658 -0.5806539   0.55235493
  -0.04454929  0.47635762]
 [-0.20648745 -0.33415958 -0.59114485  0.20857656  0.01837046  0.51037954
   0.3247411  -0.29404483]
 [-0.32781642  0.41397371  0.11363796  0.69946532 -0.3246058   0.14750814
  -0.29626762 -0.06399031]
 [-0.41187009 -0.44415179  0.17042906 -0.09062092  0.34956652  0.26082203
  -0.60773582  0.19043709]
 [-0.33921927 -0.13557819  0.59063529 -0.28281506 -0.30638288  0.12736669
   0.25457162 -0.51265483]]

Kinase MAPKAPK2
Singular Vector U 
[[ 0.01284309  0.37443453  0.19285207  0.37553303 -0.02147591 -0.12932501
   0.09713244]
 [ 0.08962761 -0.00316582  0.16950577  0.12267976 -0.24276557  0.21562911
  -0.29509274]
 [-0.21288604 -0.09396171 -0.10540683  0.18970785 -0.22803531 -0.53357605
   0.17641009]
 [-0.45729232 -0.014223   -0.11934263 -0.12361312 -0.07694782  0.25486786
  -0.19368298]
 [-0.45890364  0.07086358  0.22439153  0.11425878 -0.1855838   0.08808126
  -0.05017452]
 [-0.11129368  0.1679961   0.40356832  0.10427503  0.35334144  0.13715085
  -0.15794013]
 [ 0.08413682 -0.37294117  0.03124313  0.61586088 -0.03448224  0.14906128
  -0.03502197]
 [-0.34041187 -0.26412113  0.08198767 -0.02049205 -0.19859606 -0.10145215
   0.05010459]
 [-0.05962731 -0.36394767 -0.33210038  0.16775027  0.10102727  0.03566057
  -0.0613078 ]
 [-0.28256757  0.41556204 -0.12680192  0.05204604  0.20846045 -0.06074121
   0.13749199]
 [ 0.27202173  0.13483211 -0.14916099  0.1443269  -0.09406673  0.28367548
  -0.01028572]
 [ 0.03927538  0.05328411 -0.01859006  0.00918222 -0.15940725  0.23892411
   0.20029776]
 [-0.26444817  0.01271862  0.00580594  0.11438701 -0.17687802  0.05179957
  -0.314273  ]
 [-0.01018726  0.15137759 -0.04549054  0.2989466   0.02096134  0.14281787
   0.04936529]
 [ 0.04521711 -0.27687579  0.15326673 -0.07648642  0.33273076  0.28591469
   0.33379806]
 [-0.14015369 -0.10747741  0.12600689  0.19421505 -0.11214369  0.25467058
   0.34767188]
 [-0.19765036  0.04437652 -0.21048996  0.18610073  0.55916552  0.00364395
  -0.30495437]
 [-0.2153459  -0.29078262  0.22944124 -0.17779173  0.20122424 -0.0661938
   0.18084383]
 [ 0.04965077 -0.00338293 -0.34714661  0.16756614 -0.07586148 -0.04327377
  -0.06448398]
