Method Singular Value Decomposition(One of the PCA methods)
Kinase CAMK2A
Singular Vector U 
[[ 3.34643410e-01 -3.01936736e-01  2.76568627e-01 -4.96630331e-02
   6.19081681e-04 -2.39884107e-01  8.95454345e-02 -9.19449588e-02
   1.17238568e-01  4.69399239e-02  1.60486121e-01 -1.72193598e-01
   1.10854403e-02 -1.23980108e-02  4.38880033e-01 -4.04940454e-01
   2.31386769e-01 -1.40084549e-01  2.42952436e-01 -2.23487192e-01
   7.78379551e-02 -5.94312543e-02  1.54673444e-01]
 [ 1.97067172e-01 -2.93806942e-01  2.23191240e-01  1.26625926e-01
   2.17058315e-01 -9.80788641e-02 -1.34221815e-01  3.23122044e-01
  -5.33681098e-03 -5.80953814e-02  1.17595440e-01 -5.80328045e-02
   1.78575127e-01  1.51693838e-01  6.34838534e-02  3.18602061e-01
  -2.43494743e-02 -1.28027370e-01 -4.46919918e-01 -5.85163346e-02
  -3.02187633e-01  3.62667231e-01  7.62131582e-02]
 [ 4.28218994e-02  1.68617441e-01  3.83660212e-02 -5.03771188e-03
   1.02976304e-01 -2.29756446e-01  1.74099084e-01  3.44676309e-01
   2.54801068e-02  6.60182754e-04 -2.12128628e-01  5.80706237e-03
  -6.06148466e-03 -3.50536807e-01 -1.78374111e-01  7.99778191e-02
   1.18532633e-01  2.02281959e-01  2.45417823e-01 -5.63661338e-01
  -8.06307272e-02  1.86876431e-01 -2.73108222e-01]
 [ 2.06886665e-02 -1.35831515e-01 -6.22711383e-02 -2.57967166e-01
   2.00741316e-01  1.88798279e-01 -2.29028641e-01  1.49624449e-01
  -2.99835854e-02  3.21628853e-01 -3.62200116e-01  2.29607721e-01
  -7.75298543e-04  3.52496928e-01  3.45028292e-01  2.56420093e-02
  -9.30887128e-02 -5.63958258e-02  2.24292022e-02 -1.62456330e-01
   7.76191516e-02 -1.83645171e-01 -3.86280563e-01]
 [ 8.12558213e-02  1.15315967e-01  4.02083226e-01 -4.36064168e-01
   2.43248398e-01  4.40601098e-02 -1.31727075e-01 -3.18031629e-01
  -3.18394818e-01 -2.05518333e-01 -1.56897381e-02  1.41458074e-01
   4.57509992e-02 -1.17111488e-01 -1.10374979e-01  1.15610544e-01
  -2.24590804e-01 -1.87185120e-01  1.60878453e-01 -4.10640933e-02
   2.25599185e-01  2.72802828e-01  7.12707917e-02]
 [ 1.18974758e-01 -2.01906286e-01 -2.08338245e-01  1.14590217e-01
   3.18685492e-01 -1.56859905e-01  2.99902320e-01 -3.10365528e-01
   2.58179602e-02  1.56753665e-01 -3.27151944e-01  2.25692495e-03
   5.25079638e-03  1.49181070e-01 -1.12920453e-01 -1.91282038e-01
  -1.61682537e-01  1.17841342e-01  2.02085083e-01  2.75013918e-01
  -2.59330650e-01  3.83954390e-01 -3.22968310e-02]
 [ 1.28290451e-01 -1.92709560e-02  2.32985182e-01  1.14348673e-01
   1.71987698e-01  2.23979023e-01 -7.46993034e-02 -6.13218793e-02
   5.28298463e-01  6.94529014e-02  3.65181102e-04  4.39576856e-01
  -7.85380409e-02 -2.38017072e-01 -3.11053394e-01 -2.53406486e-01
   1.34583540e-01 -2.35045706e-01 -1.69324575e-01  6.16656890e-02
  -2.20158475e-02 -4.26680001e-02 -1.32843821e-01]
 [ 3.03662218e-02 -2.32050501e-03 -1.97859785e-01 -2.98158902e-01
  -8.13081857e-02 -3.45391105e-02  2.75795202e-01  1.30617882e-01
   7.08839503e-02 -2.88271324e-01 -4.34833210e-01 -7.26734084e-02
  -3.23996877e-01 -2.05975379e-01  1.54470659e-01 -4.34508431e-02
  -1.17588874e-01 -3.96944077e-01 -2.88311247e-01 -2.13316852e-03
  -1.11097244e-01 -6.63461696e-02  2.07841231e-01]
 [ 3.58318601e-01  1.29838581e-01 -2.58080728e-01 -3.60954555e-01
  -2.71295199e-01  2.38871119e-01 -2.27793030e-01  9.79726329e-03
  -8.49064293e-02  3.51086433e-02  8.71170237e-02 -1.28331980e-01
   1.12189075e-01 -1.88836272e-01  5.80098165e-02 -2.52373723e-01
   2.29387013e-01  1.43073046e-01 -1.45315000e-01  1.57412278e-01
  -1.49206885e-01  3.58518388e-01 -2.40051804e-01]
 [-5.64347049e-02  6.21158963e-02  3.68435784e-01  8.99144552e-02
   4.80676519e-02  3.63272410e-01  4.16589282e-01 -2.05669251e-02
  -3.52407483e-01  1.40155251e-01 -2.64050355e-01 -1.99110245e-01
   8.33526650e-02  1.02204323e-01 -9.34734429e-02 -8.74651781e-02
   4.30572940e-01  3.01118603e-02 -2.43810515e-01  2.46509237e-02
   6.83023599e-02 -5.18272753e-02 -1.39677089e-02]
 [ 2.29135500e-01 -9.97945785e-02 -1.55808771e-02 -1.78097835e-01
  -1.29181043e-01 -1.51518409e-01 -1.04702847e-01 -1.81776861e-01
  -4.65210841e-02  9.23316466e-02  4.97793356e-02 -3.57934781e-02
  -5.01756813e-01  3.90028543e-01 -4.47200996e-01 -3.16294916e-02
   5.58595041e-02  1.85250624e-01 -2.15948151e-01 -3.23384382e-01
  -1.34754981e-03 -6.30692110e-02  9.98838245e-02]
 [ 4.13181462e-01  2.23200516e-01 -2.02892537e-01  1.58581625e-01
   5.08923633e-01  1.33062090e-01  1.03334071e-01  1.47500804e-01
  -2.28291249e-01 -8.52878843e-02  2.98798641e-01  1.29074523e-02
  -3.88980202e-01 -5.26043751e-02  1.14130435e-01  1.14478178e-01
   8.26516010e-02 -1.28442881e-02  9.20836467e-02  1.52592822e-01
   2.89845601e-02 -1.80457037e-01 -5.29040880e-02]
 [ 1.23372673e-01  8.93449169e-02 -4.16185974e-02  2.16760426e-01
  -2.22065462e-01 -2.18365549e-01 -2.07051213e-01 -1.68685535e-02
  -7.57653050e-02 -6.88715517e-02 -1.89126672e-01 -1.14115402e-01
  -2.62659372e-02  2.01128094e-01 -1.83466738e-01  1.87241852e-01
   3.35638954e-01 -5.81629774e-01  2.82211433e-01  1.51644138e-01
   3.24894232e-02  6.29513043e-02 -2.45330219e-01]
 [-1.42771836e-01  6.74807159e-03 -1.24594990e-01 -2.70583481e-01
  -6.90001378e-02 -2.63206782e-01  2.13161419e-01  1.77874167e-01
  -2.30727579e-01  3.77604488e-01  2.08957245e-01  5.42432185e-01
   3.68211827e-02 -5.68563121e-03 -1.76756990e-02  4.12328007e-02
   2.93313347e-01 -1.43366280e-01  3.10319760e-02  1.18778879e-01
  -9.11359620e-02  6.77128773e-02  2.60863586e-01]
 [ 4.33551827e-01  3.91163853e-01 -1.42983544e-01 -2.90701497e-02
  -8.61038340e-02  1.45732186e-01  2.60744633e-01 -1.09024762e-02
   2.60566647e-01  1.32077454e-01 -1.18600853e-02  6.20236125e-03
   4.33576782e-01  2.65084137e-01 -7.72596787e-02  1.44754977e-01
  -1.79918491e-01 -1.17972817e-01  3.40774743e-02 -1.94803140e-01
   1.00531545e-01 -4.75533925e-02  2.69277117e-01]
 [ 3.43768120e-01  2.56154100e-02  2.97629375e-01  3.28752668e-02
  -2.35212116e-01 -3.81673486e-01  9.99769583e-02  1.21602201e-01
  -1.50419473e-01  2.40702335e-01 -8.10774966e-02  9.06191769e-03
   2.74008438e-02 -1.97001037e-01 -5.81997834e-02  2.64142182e-04
  -3.66459681e-01  1.01872684e-01 -1.79365690e-01  3.38802249e-01
   1.14526508e-01 -2.57803313e-01 -2.53665115e-01]
 [ 1.20419017e-01  1.03466731e-02  2.39284921e-01 -1.27718987e-01
  -2.26258717e-01  2.56714602e-02  2.29666394e-01 -8.22289206e-02
   1.39412207e-01 -4.80355837e-01 -1.37675651e-02  3.31844200e-01
  -2.97495477e-02  2.46236250e-01  1.69900858e-01  2.30154236e-01
   1.52773826e-01  2.87488678e-01  1.54552220e-01  1.37064185e-01
  -3.25713949e-01 -1.07151439e-01 -1.74317909e-01]
 [ 8.12347286e-02 -3.09087326e-01 -7.49331429e-02 -1.53260509e-01
  -7.30993784e-03  1.18460883e-01  6.69689901e-02 -3.68974472e-01
   1.53499190e-01  3.09145292e-01  1.38790639e-02 -1.84930895e-01
  -1.62467652e-02 -3.65122601e-01  1.54009033e-02  6.05908978e-01
   1.53512414e-01 -9.86201598e-04  4.54250726e-02 -1.34024603e-02
  -8.33106641e-02 -1.61707331e-01 -2.61249201e-02]
 [ 1.41059755e-01 -3.82998682e-01 -1.35741571e-01  2.89866554e-01
  -3.44874128e-01  2.80072185e-01  2.23951056e-01  5.07486588e-02
  -1.38938901e-01 -7.12811759e-02  4.49995957e-02  2.84533217e-01
  -1.48441662e-01 -5.36310754e-02  5.94841187e-02  8.35919978e-02
  -1.44887651e-01 -2.45234683e-02  3.61949238e-02 -1.29089998e-01
   4.33356047e-01  3.25406359e-01 -6.92562736e-02]
 [ 2.62502469e-01 -1.34897195e-01 -8.95626583e-02  1.89057835e-01
   2.44016011e-02 -4.76192267e-03 -3.89945899e-01  2.47582700e-02
  -1.96444972e-01 -1.35356205e-01 -4.38892005e-01  2.24397335e-01
   1.76074421e-01 -1.80411499e-01 -4.63337736e-02  4.98067114e-03
   1.87191359e-01  2.58844688e-01  5.50616923e-02  2.49833857e-02
   2.10702911e-02 -2.00448208e-01  4.51560600e-01]
 [-1.27869724e-02  3.28478344e-01  3.13530629e-01  1.71573382e-01
  -2.02777311e-01  1.72439226e-01 -1.69527930e-01  5.84153156e-02
   1.04784179e-01  3.54236629e-01 -1.40637737e-01 -1.78787649e-02
  -4.24778007e-01 -2.01468379e-02  2.62821222e-01  1.04134111e-01
  -1.01861428e-01  6.16380354e-02  1.77987813e-01  6.17932738e-02
  -1.92101978e-01  2.79584066e-01  2.81295245e-01]
 [-2.85774308e-02 -2.00175747e-02  3.16308978e-02 -2.32943315e-01
   1.45498975e-01 -1.40749894e-01  1.27524377e-02  2.60218384e-01
   3.88632081e-01 -3.81807567e-02 -1.12896553e-01 -1.42152007e-01
  -8.16917865e-02  1.13326483e-01 -1.65927187e-02  1.54294870e-01
   2.39863281e-01  2.45932976e-01  6.55397511e-03  3.39224227e-01
   5.67991878e-01  2.01187242e-01  9.69232778e-02]
 [ 3.66840707e-02 -3.31927318e-01  1.05715324e-01 -2.21443544e-01
  -5.98261776e-02  3.32013682e-01  2.34802786e-02  4.56388669e-01
  -2.06856158e-02  1.41588222e-02  7.14049142e-02 -1.86026599e-01
   2.61955907e-03  3.84535120e-02 -3.66549546e-01 -8.05144831e-02
  -1.74550644e-01 -6.79251865e-02  4.36305346e-01  1.52194005e-01
  -1.94883279e-01 -1.44390283e-01  1.24565559e-01]]
Singular Values 
[20.71183947 13.99892779 12.53192587 10.61124462 10.02538254  9.37984016
  8.72226747  7.90896674  7.59860908  6.93483801  6.25807347  5.44993754
  4.92220065  4.73459795  3.92281146  3.50355794  3.12481771  2.50498067
  2.2131527   2.09208996  1.37231867  0.67889841  0.56027362]
Singular Vector V (transpose) 
[[ 5.18640487e-02 -3.31731100e-02 -1.80216424e-01 -3.33803145e-02
  -2.22102006e-01  2.64296770e-02 -1.77357569e-01  7.72747237e-02
   9.15351905e-02 -1.90403545e-02  1.90684540e-03 -1.79641897e-01
  -5.29160798e-03  8.67449261e-03 -9.04072365e-02  1.48333346e-02
  -6.36759470e-01 -2.93966090e-02  3.21928590e-02 -9.78451401e-02
  -8.69553752e-02 -9.25341977e-02 -2.41561388e-02  9.48801241e-02
  -5.96810514e-02 -6.15988222e-01]
 [-1.43365581e-03  9.14788192e-02 -1.11242016e-01 -1.10871934e-01
   2.96967057e-01  1.04636849e-01 -3.11371742e-02 -3.49294301e-02
   5.42148227e-02 -5.07588615e-02 -1.00562995e-01 -1.17147950e-01
  -3.27242408e-02  4.43642487e-01  5.29182987e-02  2.10875490e-02
  -4.96232654e-01  2.87534611e-02 -2.13020925e-02  8.09411678e-02
   4.45622225e-02  1.89589838e-01 -4.35481446e-02 -4.47567793e-01
  -1.33154189e-02  3.75163760e-01]
 [-2.26026982e-01 -1.03423407e-01 -1.61398613e-01  7.08974320e-02
  -5.96129268e-01  1.71646364e-02 -2.56540736e-01  1.13235370e-02
  -4.92481133e-02 -1.68406842e-02  3.77839253e-02  2.71216799e-01
  -3.89132522e-02 -7.38244206e-02 -1.68984028e-01 -1.23857389e-02
  -1.74094679e-01  8.09998216e-03  3.15364029e-01  8.99620109e-02
  -6.27938565e-02  1.98885016e-01  3.71455117e-02  7.75336225e-02
   4.82725180e-02  4.25467836e-01]
 [ 2.19541673e-01  1.36616643e-01  6.99037275e-03 -1.11450368e-01
   2.32124792e-01  1.38811320e-01 -5.02084095e-02 -6.66521355e-02
   9.34534254e-02  1.28830669e-01 -1.43861597e-01  1.74540202e-02
  -1.35712163e-01 -3.15983211e-02 -2.99364229e-01 -3.45257406e-02
  -8.06085888e-02  5.65792393e-02  8.73970395e-02  5.89720947e-01
  -3.31306986e-02 -4.16480845e-02 -1.12626970e-01  4.11106064e-01
   3.65598061e-01  2.64449059e-02]
 [-7.74397919e-02 -2.22979251e-01  5.55858482e-01 -3.19985771e-02
  -1.43646619e-01  3.62651186e-01  2.16915192e-01 -3.56411385e-02
  -1.70658797e-01  1.84220322e-02 -8.68811571e-02 -1.59485238e-01
   5.17744537e-02  9.23627674e-02  9.54995105e-02 -1.04840488e-01
  -2.72925209e-01 -6.60488112e-02 -1.95087670e-01 -7.93164708e-02
   4.58749977e-02 -5.97126092e-02  1.59212083e-02  3.86290882e-01
  -1.30477032e-01  2.11347580e-01]
 [-1.93634454e-01 -2.05107847e-01  9.29476187e-03  2.69139569e-01
   3.38780286e-01 -2.39015201e-01 -4.98569390e-02  4.89706313e-02
  -1.00857236e-01 -2.78566712e-02 -3.71712514e-01  3.37056515e-01
   6.01424977e-02  2.67580692e-01 -6.96648980e-02  1.86224461e-02
  -2.44977562e-02  5.80579969e-02  1.42363365e-01 -8.19329561e-02
   8.31285109e-02  3.30782082e-01 -5.39343960e-02  3.15408111e-01
  -2.13294159e-01 -1.81173513e-01]
 [-1.13610353e-02  1.34029290e-01  2.83559740e-02 -2.02181216e-01
   3.50658412e-01  6.49017007e-02 -5.17282908e-01 -6.64306876e-02
   7.04500053e-02  1.19915194e-03  2.88171741e-01 -9.82730201e-02
   1.38066043e-01 -5.46096744e-02 -1.05539454e-01  1.87253861e-01
   2.18641076e-04 -4.84312405e-02  1.99718538e-01 -3.60342141e-01
   7.18401121e-03 -1.54478891e-01  4.96340908e-02  3.06636206e-01
  -1.80050613e-01  2.24149300e-01]
 [ 1.77846034e-01 -1.07215165e-01 -3.21256377e-01 -1.89438454e-01
   8.38725087e-03 -1.97075969e-01  4.74985919e-01 -4.79322754e-02
   7.96688471e-02  7.51601192e-02  4.46345141e-01  3.07908742e-01
  -7.70553810e-02  1.75642889e-01 -1.64059094e-01  7.91075103e-03
  -1.34604259e-01 -7.58702943e-02 -1.82848658e-01 -6.25216038e-02
   3.08345189e-02 -5.54244835e-02 -1.74184129e-02  2.48521487e-01
  -1.95984055e-01  1.24317807e-01]
 [-1.44282834e-01 -3.51451368e-01 -2.95080988e-03  2.66211781e-01
   2.37403915e-02  1.82631698e-01 -1.12483568e-01 -1.46579502e-01
   1.45860220e-01  2.81386781e-02  5.13239576e-01 -2.81036890e-01
   8.07292337e-02  2.68974322e-01  1.55857048e-02  1.10951870e-01
   1.82159218e-01 -1.00538991e-01 -7.21968682e-03  3.06279260e-01
  -4.33986631e-03  3.04004679e-01  5.13195984e-02  1.20793892e-02
   2.91249482e-02 -1.66237745e-01]
 [ 1.80831179e-01 -1.03127498e-01 -2.85177992e-01 -5.90732302e-02
  -1.11352252e-01  2.29837298e-01  2.24914252e-01 -1.50184243e-01
   2.67408897e-01  4.20799795e-02 -3.52112099e-01 -2.16801242e-01
   1.55376090e-01  7.35932391e-02  1.13720690e-01  8.92527678e-02
   1.83958393e-01 -2.11165578e-02  4.22943223e-01  9.87777205e-02
  -5.48175481e-02 -1.39644856e-01  7.95896674e-02  5.94222764e-02
  -4.25069499e-01  5.27492067e-02]
 [-1.49250942e-01  2.21878108e-01 -3.63800120e-01 -3.08420317e-01
  -1.45462676e-01  1.56521197e-01 -1.61606131e-01 -1.71941483e-01
  -2.59103311e-01  5.19519023e-02 -1.20077850e-01 -1.03229391e-01
  -1.13975178e-01  3.24538969e-01  1.78334112e-01 -2.09774550e-01
   2.43104709e-01  1.16556687e-01 -2.96218510e-01 -1.10321030e-01
  -1.57717211e-01  1.83330872e-01  8.34029341e-02  2.49078141e-01
   5.92046540e-02 -8.40329908e-02]
 [-3.20037154e-02  3.86669947e-01 -1.24764360e-01  2.38859316e-01
   1.32184703e-01  2.32106278e-01  2.12096383e-01 -7.08982210e-02
  -1.29850411e-02  5.23161266e-02  1.67631707e-02 -5.33064133e-03
   9.50545286e-03 -4.54458239e-01  1.73965057e-02  1.79450259e-01
  -1.68386609e-01 -7.31224304e-02 -1.24246150e-01 -9.63175783e-03
  -4.82828940e-02  4.52781762e-01  3.63497231e-01  8.19347847e-02
  -1.32873204e-01  8.35126754e-03]
 [-4.11870773e-01  6.50917532e-02 -2.19734096e-01  1.45474663e-01
   1.83185446e-01  8.12881725e-02  4.96329816e-02  1.04161968e-01
  -3.41839881e-01  3.98376486e-02  1.98572826e-01 -3.23348366e-02
  -1.27144433e-01 -1.72927043e-01  2.76116861e-01 -9.86091447e-02
  -1.08611074e-01  2.08176163e-01  1.16478328e-01  3.05186140e-01
   5.24842367e-02 -3.37949283e-01 -2.46743957e-01  3.37085142e-02
  -2.66977650e-01  1.22502140e-02]
 [ 2.32273464e-01  2.54072239e-01  1.44931119e-01  3.57911353e-01
  -4.94941762e-02  3.64936733e-01 -2.10896242e-02 -5.43209208e-02
  -1.19851975e-01  1.21545193e-01  1.09584882e-01  3.49283565e-01
  -3.62792019e-01  3.46586567e-01  3.45025663e-02  1.31038984e-01
   5.49728967e-02 -6.30420976e-02  1.98957191e-01 -1.49725281e-01
  -1.64722961e-01 -2.01706187e-01  3.37240379e-02 -8.71008099e-02
  -2.87263602e-03 -1.20706730e-01]
 [-4.05480125e-01  4.42081481e-01  9.89584930e-02  5.28573368e-02
  -1.64099229e-01  2.48518779e-02  1.39895201e-01 -2.11054687e-03
   2.48115507e-01  1.56346234e-01 -3.81517019e-02  1.73257155e-02
   3.64944190e-01  1.78152197e-01 -2.65394194e-01  2.10900314e-01
   6.88969935e-02 -5.61573296e-02 -1.45317816e-01  5.39549030e-03
  -8.08037835e-02 -6.38467904e-02 -4.11133889e-01 -9.71474325e-03
  -5.25906030e-02 -3.60760287e-02]
 [ 2.09288836e-03  1.26243553e-01 -5.12377980e-02 -1.98951991e-01
  -1.05980595e-02  1.30404565e-01  1.70203580e-01  4.57050507e-01
  -4.74459320e-02  1.45603747e-01  1.19235001e-01  6.13383196e-02
   2.44791106e-01  1.05644720e-01  3.54652042e-01  1.64612468e-02
  -6.15622058e-03 -1.85600896e-01  3.59260405e-01 -7.94210578e-02
   3.34069670e-01  1.61440709e-01 -9.78149693e-03  1.12460404e-01
   3.47527150e-01 -8.52073029e-02]
 [ 4.14596557e-02  5.64358596e-02  3.13301704e-02  8.16146504e-02
  -1.39865655e-01 -1.66494780e-01 -1.77765578e-01  3.96639674e-01
   3.88631492e-01  4.34991979e-03 -7.58397330e-02 -3.80303967e-02
  -3.16426003e-01  8.61540938e-02  3.55537401e-01  3.81034735e-01
   1.79158954e-02  1.50105162e-01 -2.95814072e-01  1.35172422e-01
   7.56048367e-02 -3.12321523e-02  6.26717218e-02  2.06586887e-01
  -1.19504273e-01  1.32833129e-01]
 [ 4.73519937e-02 -1.46693368e-01  9.81146683e-02 -3.23357902e-01
  -1.78729827e-02  1.85490267e-01 -1.46069769e-01 -2.51561553e-01
  -4.19509016e-02  4.72041597e-02  1.25428610e-02  5.05530967e-01
   3.40380134e-01 -8.47540505e-02  2.48683633e-01  3.25384466e-01
  -6.58868218e-02  2.54762984e-01 -1.45356961e-01  2.16841788e-01
   1.63689188e-02 -2.27475877e-02  6.53329766e-02 -1.39486684e-01
  -5.18788735e-02 -1.66261445e-01]
 [ 2.56840964e-03  1.20335531e-01  4.37186258e-02  2.00205290e-02
   6.65043247e-02  2.04038086e-02 -6.83637819e-02  4.02984156e-01
   3.53933740e-02 -3.28441552e-01  6.26411313e-02  1.60979859e-01
   3.30585095e-01  1.47845303e-01 -3.48529447e-02 -3.14784582e-01
   2.34870869e-02 -1.51434915e-01 -7.66813589e-02  2.60539062e-01
  -3.95828317e-01 -1.50691210e-01  3.79041847e-01  5.88901027e-03
  -1.43063467e-01  8.40302052e-03]
 [-3.29343143e-01  1.25116597e-01  4.16328433e-02 -9.61098553e-02
  -4.12803137e-02  6.90184932e-02  3.60851501e-04 -1.45757408e-01
   1.66452769e-01 -1.49364360e-01 -3.85930805e-02  8.48099362e-02
  -1.82568375e-01  1.06587414e-01 -2.19022364e-01 -9.88606011e-02
   3.58699316e-02 -5.26924699e-02  4.81038277e-03  8.55763986e-02
   6.32406699e-01 -2.12930620e-01  4.43995263e-01 -5.50395646e-02
  -4.38758898e-02 -1.31481340e-01]
 [-2.26379671e-01 -3.50211049e-01 -3.00413576e-01 -2.38324902e-02
   1.38279074e-01  2.64712708e-01  4.26768620e-02  2.12480258e-01
  -1.60555015e-01 -4.83917265e-02 -2.14025536e-01  2.33077768e-02
  -6.87912394e-02 -5.43287464e-02 -1.95682613e-01  4.22589560e-01
   5.76430763e-02 -3.47100457e-01 -1.97442183e-01 -8.86146216e-02
  -1.15899003e-01 -2.27904992e-01  6.00016036e-02 -5.01913501e-02
   2.35032514e-01  5.22246476e-02]
 [-2.53982730e-01  5.16483840e-02  6.60417712e-02  6.95808265e-02
   3.51452531e-02 -4.18674870e-01  1.65934031e-01 -3.66242479e-01
   2.76123798e-02  6.17482680e-02 -1.56823280e-02 -7.31411003e-02
   4.52965738e-02  1.07303833e-01  3.03630851e-01  1.66734045e-01
  -1.63856801e-01 -7.52940282e-02  1.80597673e-01  1.47171014e-03
  -2.91255954e-01 -2.28121694e-01  3.25970568e-01  1.23173236e-01
   3.41185832e-01  4.31317604e-02]
 [ 2.45719708e-01  2.15251900e-01  3.72671790e-02 -1.86923995e-02
  -1.67288551e-01 -2.31796329e-01 -2.75031377e-02 -9.90404112e-02
  -4.93920404e-01 -4.15885444e-01  2.99999550e-03 -1.53666736e-01
   6.82500360e-02  1.11682033e-01 -2.50990354e-02  3.68214447e-01
   2.57165435e-02 -2.83686389e-01  1.88503421e-02  2.33526701e-01
   1.88620307e-01  3.43807652e-02 -9.48333088e-02  6.19442000e-02
  -1.40147207e-01 -1.12140339e-02]]

Kinase CDK6
Singular Vector U 
[[-0.19531336  0.05818916  0.1481111  -0.3004749   0.29375962 -0.33151482
  -0.14887765 -0.52092662  0.36345771  0.05986034 -0.06825099 -0.12237607]
 [-0.07376281  0.00367876  0.03370376  0.01068741  0.02318214  0.24881995
  -0.39930132  0.27152634  0.09737424  0.36706844  0.32768448  0.12611425]
 [ 0.07823671 -0.14680403  0.35740948  0.11095565 -0.17337763 -0.07150834
  -0.09778125 -0.07011395  0.10804865 -0.39766351 -0.08277956 -0.09461107]
 [-0.18080629 -0.42937254  0.08630027 -0.09787876 -0.17716864 -0.04414467
   0.04461918  0.06197952 -0.0629862  -0.15187554 -0.0800908   0.30082803]
 [-0.30937007 -0.19669208 -0.18230804  0.6255779  -0.08797249 -0.35153309
  -0.07893237 -0.06135408 -0.1269952   0.06262754 -0.07820804 -0.14407114]
 [-0.11238706 -0.259339   -0.50982838 -0.12533946  0.13681571 -0.15762188
  -0.52558893  0.1620625   0.16965643 -0.1276207  -0.05325794 -0.02782598]
 [-0.28288781 -0.00739762  0.04419444  0.15180227  0.2008448   0.30001266
   0.04088826  0.06390923  0.33861756 -0.16981448 -0.13521357  0.2000022 ]
 [ 0.0831514   0.05850825 -0.30328595  0.12327648  0.115349    0.19490217
  -0.16715937 -0.12390346 -0.24740993 -0.27470806  0.04712528 -0.08193626]
 [-0.0881271   0.22618203  0.20021367 -0.06669507  0.35446845 -0.20944906
  -0.19159188  0.04787866 -0.40290784  0.34991521 -0.03411871 -0.06565151]
 [-0.22505958  0.02041572 -0.28206162 -0.36222468 -0.34925223 -0.02751541
   0.10195623  0.17096355 -0.11648221  0.26452737 -0.42403634 -0.01360483]
 [-0.38671185 -0.3499538   0.30676264  0.01560024  0.09534989  0.13860802
   0.1643775   0.22588725  0.0838072   0.24445465  0.03332842 -0.05700325]
 [ 0.3347645  -0.08493023  0.07523842 -0.01999136  0.05262232 -0.23294878
  -0.16482001  0.07956832 -0.13672803 -0.0196428   0.09145524  0.61782225]
 [-0.02358628  0.26780439 -0.04999466  0.03981698  0.02326863  0.08529439
   0.13526497 -0.02000591  0.07717304  0.03875877 -0.16963486  0.20441547]
 [-0.21299235 -0.09878486  0.23346531 -0.01650943  0.09867514 -0.1617844
  -0.0668023  -0.00421484 -0.35188926 -0.13781663  0.02182844  0.24284567]
 [-0.2281633   0.13365811  0.20939992 -0.20477594 -0.21207007  0.19575994
  -0.28769012  0.02490914 -0.30021156 -0.26184577  0.08281782 -0.26051535]
 [-0.2435156   0.55997956  0.03646627  0.12709887 -0.11687897 -0.1324213
  -0.12563061  0.20349116  0.17142929 -0.162618   -0.26654361  0.30802953]
 [ 0.08494559  0.08002109  0.08779576 -0.06128686 -0.16550716  0.1292103
  -0.14672483  0.17192453 -0.05780526 -0.0970966  -0.03609911 -0.2002848 ]
 [-0.16903151 -0.07652858 -0.15649571 -0.17908355 -0.28079997  0.25782979
  -0.06331918 -0.56513227 -0.0688145   0.12011268  0.16820222  0.31137083]
 [-0.22738773  0.15256838  0.06166594  0.24014174  0.01036297  0.26814291
  -0.22304768 -0.13957871  0.06447584  0.01547302  0.17739733  0.06200785]
 [-0.25345219  0.02786479 -0.24996953 -0.1612853   0.49494097  0.12931258
   0.34517227  0.08466655 -0.24348303 -0.31086863  0.11113978  0.05932972]
 [-0.23702768  0.16754582 -0.0530173  -0.21596779 -0.23586685 -0.39753616
   0.1502548   0.18926399  0.15118227 -0.19000751  0.60254583 -0.02919324]
 [ 0.08826339 -0.14470094  0.15855972 -0.28241318  0.16375054  0.08064245
  -0.22620044  0.13355615  0.10359963 -0.16816148 -0.26327745 -0.02315916]
 [-0.17118535  0.04203792  0.08130603  0.01612378 -0.09724547 -0.03110741
  -0.06311079 -0.19005519 -0.2568378  -0.05279087 -0.20456121  0.05144795]]
Singular Values 
[12.31786692  9.85305171  7.4394386   6.46587576  5.94060614  5.41592914
  4.5257973   4.2637488   3.27606838  2.7137547   2.34470145  1.95779037]
Singular Vector V (transpose) 
[[ 0.51457335  0.05873574  0.27530842 -0.03987258  0.01383109  0.70224112
   0.06581847 -0.3474302  -0.02559684  0.03620587  0.18394808 -0.01425377]
 [ 0.71822359  0.08389571 -0.58538621  0.14056435 -0.10144938 -0.17988773
   0.01647147  0.16882992  0.10133214  0.12310699 -0.12963929  0.03201146]
 [-0.32711343  0.15069953 -0.6440788   0.14328196  0.1415396   0.36342629
  -0.12297197 -0.20858891  0.07803095 -0.28414876  0.15462748 -0.33680361]
 [ 0.02186709  0.21665411  0.03677597  0.22530993  0.50196141 -0.30100696
   0.51578696 -0.20004209 -0.10842269  0.3039026   0.3211869  -0.21111376]
 [ 0.14757158  0.09265955  0.10853365 -0.13342702  0.02583221 -0.42131671
  -0.18631714 -0.68804039  0.35499367 -0.32338115 -0.1493689  -0.02930612]
 [ 0.12369466  0.07286845  0.08071623  0.10963179 -0.42335562 -0.26072069
  -0.26680127  0.02147189 -0.34232094 -0.19892763  0.67504583 -0.17194088]
 [-0.05778119  0.24623054  0.0352299  -0.17626291 -0.55565653  0.01307603
   0.52686281 -0.03200227 -0.06868059 -0.06339695 -0.29831725 -0.46739597]
 [ 0.11955178  0.02638874 -0.0493518  -0.06431183  0.22454118 -0.01743924
   0.34487341  0.0916554  -0.40275746 -0.72058961 -0.07160344  0.33732496]
 [ 0.21332404 -0.19707992  0.28533398  0.09046026  0.29187133 -0.01038465
  -0.07506657  0.42889673  0.30545246 -0.33336477 -0.02409887 -0.58834997]
 [-0.09262762 -0.04872588 -0.01422025  0.08713068 -0.23387924  0.04289331
   0.39784135  0.12536872  0.66991211 -0.15226479  0.41189891  0.33028782]
 [ 0.05424726 -0.53125018 -0.24637469 -0.72672603  0.08448173 -0.0618059
   0.13735025 -0.06629303 -0.04210658  0.08981992  0.24999542 -0.13944169]
 [-0.01220491 -0.72194138 -0.0323836   0.54628335 -0.17726328 -0.00938886
   0.17041544 -0.28268813 -0.13130561 -0.02522135 -0.13201791 -0.05836999]]

Kinase HIPK2
Singular Vector U 
[[-0.00213915 -0.13879268  0.22549873  0.05226279  0.36174788 -0.09079647
  -0.20916189  0.08373101 -0.32455434  0.34307455 -0.11557702  0.32683409]
 [ 0.1014276  -0.0276141   0.02268714  0.11986085 -0.01623296  0.32612603
  -0.31253555  0.1531144  -0.184925   -0.12728725  0.12284123 -0.08082073]
 [ 0.25572957 -0.20127541 -0.02754019  0.41590602 -0.49711296 -0.01741478
  -0.07592735 -0.12898048  0.02739675 -0.04069883  0.15113335  0.31493584]
 [-0.51006574 -0.40812682 -0.26013882 -0.06242946 -0.27634624  0.02745902
   0.04570254 -0.01564029  0.13743907 -0.07568018  0.15771214 -0.13418967]
 [ 0.0700106  -0.2477013  -0.13805505  0.05987992  0.3896116  -0.1518342
  -0.20320772 -0.09732226  0.06586693 -0.3051343   0.1767616   0.04234208]
 [ 0.20035314 -0.10737489  0.14918618  0.21941947  0.06022662 -0.24145715
   0.32885591  0.11870616 -0.01971191  0.10317843  0.22173753  0.11153291]
 [-0.43410667 -0.11832047  0.14767719  0.03597622 -0.00442134 -0.30170973
  -0.39836013 -0.20315466 -0.16804195  0.192193   -0.2034115  -0.10660343]
 [-0.02982941  0.01864781  0.18558062 -0.20179867 -0.22956739 -0.30956461
  -0.06478723 -0.09136915 -0.13501403 -0.36722174 -0.3336254   0.21616914]
 [ 0.02187793 -0.23418275  0.19406161 -0.48531037 -0.15633343 -0.21887024
  -0.01240047  0.29484863  0.4352222   0.09109662  0.0564251   0.12905324]
 [ 0.11920115 -0.02849045 -0.32884619 -0.18345308  0.24578233  0.18359508
   0.1008125  -0.16808185  0.19795554  0.00572269 -0.26612703  0.13439402]
 [ 0.12198494 -0.5508008  -0.07133132  0.10852035  0.16179854 -0.1283895
   0.16620568 -0.16056421  0.04913269  0.06398765 -0.09978916  0.23486211]
 [ 0.13749225 -0.03923346  0.37160304 -0.1956834   0.08445571  0.07042934
   0.23516354 -0.11687496  0.11895202  0.08439755 -0.09618416 -0.18558525]
 [ 0.17957889 -0.01383375  0.29178334 -0.2535132  -0.07835773  0.11832827
  -0.09129373 -0.33453382 -0.01900573 -0.2647375  -0.04080078  0.06596056]
 [ 0.16481513 -0.29400187  0.05840758  0.29936409  0.01887562  0.21357932
  -0.11200072  0.10857786  0.23776765 -0.15220673 -0.60140592 -0.29359956]
 [ 0.00866969 -0.1801335   0.32582782  0.11615306  0.14593025 -0.10339283
  -0.05414471  0.16536296  0.1085689  -0.13187893  0.2959662  -0.25558088]
 [ 0.28621454  0.12885545  0.19859884  0.04387018 -0.11048417 -0.09572996
  -0.3016112  -0.33628256  0.2279626   0.1068869   0.17568628 -0.18372847]
 [ 0.15215436 -0.01569691 -0.10149851 -0.14570908 -0.11234042  0.12346776
  -0.47422966  0.45206013  0.07744541 -0.00196408 -0.00907727  0.26726643]
 [-0.26567465 -0.2408098   0.38602575 -0.03409269  0.0746003   0.5502634
   0.01773798 -0.04572682 -0.04711457 -0.02727497  0.18230027  0.06963793]
 [ 0.13687013 -0.04457805 -0.13738164 -0.12332015  0.08291148  0.05056314
  -0.18475578  0.01487409  0.20515508  0.46525004  0.04799583 -0.13220389]
 [ 0.16611266 -0.095275   -0.05392583 -0.05936009  0.08217367 -0.27562159
   0.02453665  0.34923273 -0.25321832 -0.25074536 -0.00902351 -0.40756367]
 [ 0.20866565 -0.23490369 -0.01774852 -0.29522127 -0.18833673  0.18808851
   0.18418476  0.11101122 -0.48941096  0.07469297 -0.02636218 -0.00152032]
 [ 0.12241975 -0.15515339 -0.00769609  0.03165982 -0.3254056  -0.036139
   0.02384168 -0.0547055  -0.16647105  0.38994834 -0.13474165 -0.30828986]
 [ 0.20321082 -0.20212633 -0.27934889 -0.30731511  0.07687695 -0.01890896
  -0.18955462 -0.3417172  -0.20531601 -0.06193117  0.2473056  -0.16813871]]
Singular Values 
[17.90130711 11.12589314  9.14672892  7.37769123  6.25086993  5.22419968
  4.3330893   3.23204147  2.85926898  2.47536881  1.99581968  1.35416492]
Singular Vector V (transpose) 
[[ 1.14733138e-01 -7.59039287e-02  7.93838852e-03  1.30010679e-02
   3.77419740e-02 -4.73653310e-02  5.75157567e-02 -9.54917567e-01
  -2.26927008e-02  2.18276703e-01  1.16907493e-01  1.31248811e-02]
 [ 7.64368488e-01 -1.99260245e-01  1.66687576e-02  1.93496751e-02
   8.39316515e-02 -6.46933181e-02 -3.13887512e-01  2.10570217e-01
   8.86678819e-02  4.42209125e-01  1.24320094e-01  4.92197981e-02]
 [ 3.19484237e-01 -1.76795456e-01 -1.85117544e-02  4.86823764e-02
  -7.42553355e-01  1.35214283e-01  2.84944324e-01 -3.08571188e-02
  -1.83029806e-01 -9.49411999e-02 -3.67628649e-01 -1.85693697e-01]
 [-3.91343887e-01 -1.16725150e-01 -1.00524841e-01  2.20866612e-03
  -3.24621778e-01 -7.45395794e-03 -3.47827726e-04  1.43516372e-01
  -4.33205986e-01  5.88104525e-01  4.01545575e-01  4.80618575e-02]
 [-3.33247512e-01 -3.53471485e-01  8.92338695e-03 -9.41367298e-03
  -1.50775716e-02 -7.68153326e-02  3.87892895e-02  2.42747940e-02
   5.86664037e-01  4.44148264e-01 -4.54902333e-01 -8.50614630e-02]
 [-3.98135650e-02 -7.44414014e-02 -9.05190357e-02  3.43348877e-02
   3.57975403e-01 -5.38733771e-02 -2.24367785e-01 -3.11538303e-02
  -6.23641325e-01  1.17785499e-01 -6.30979943e-01  1.42467282e-02]
 [-1.40769256e-01 -2.21676763e-01  1.90832191e-01 -4.75922118e-01
  -2.84315175e-01 -1.06651197e-01 -6.99706548e-01 -1.06470637e-01
   2.06939862e-03 -2.47709072e-01  3.28142379e-02 -1.12022120e-01]
 [ 1.00453050e-01  5.89942742e-01 -1.39797447e-01 -6.10074529e-01
  -9.62822882e-02 -3.56140505e-01  1.66736398e-01  1.35823821e-02
   3.66722446e-02  2.39846213e-01 -1.64475656e-01  1.12846079e-02]
 [-6.09679283e-02  4.25101960e-01 -3.21747477e-01  5.40171718e-01
  -3.15491768e-01 -1.52931580e-01 -4.57074245e-01 -8.11109648e-02
   1.61926826e-01  1.67477566e-02 -1.22534923e-01  2.00822661e-01]
 [ 7.09153040e-03 -2.60885462e-01  1.93862108e-01  1.84212745e-01
  -4.51674583e-02 -8.63464042e-01  1.84057499e-01  4.87665622e-02
  -8.47510914e-02 -1.73514991e-01  4.84963159e-02  1.91999868e-01]
 [-3.22814576e-02  3.62216824e-01  8.51381147e-01  2.17539865e-01
  -4.74199405e-02  3.43181511e-02 -5.53138355e-02  5.59842703e-03
  -4.79836465e-02  2.03661047e-01 -8.04421354e-02 -1.97014950e-01]
 [-1.26970592e-03 -4.49665078e-02  2.42948180e-01 -1.55170879e-01
  -1.11639207e-01  2.41004994e-01  4.34020616e-02 -1.32174241e-02
   1.72599613e-02  5.72292455e-03 -1.32094688e-01  9.08014184e-01]]

Kinase AKT1
Singular Vector U 
[[-1.60057917e-01  1.47511828e-01 -1.10859258e-01  1.40876686e-01
  -2.03570130e-01  2.08216286e-01 -2.07355509e-01  1.15459116e-01
  -1.21242681e-01  2.92860635e-01 -4.64354325e-01  2.86008033e-01
  -6.44825046e-02  9.52871045e-02 -1.28065572e-01  9.05976296e-02
  -4.23743547e-01  2.19349524e-02 -9.00046231e-02 -3.31301006e-01
   1.42507803e-02  2.12982502e-01  1.26173639e-02]
 [-1.41082672e-01 -2.10806522e-02 -1.90778960e-01 -3.16027245e-01
   1.26393875e-01  3.12247475e-01 -2.29391350e-03 -4.75729578e-02
  -2.96809767e-01  3.48449279e-02 -1.76184163e-01  4.32570266e-02
  -1.57551439e-01 -1.63546775e-01  2.35590153e-01 -1.09871928e-01
   1.64459712e-01 -1.80138344e-01 -3.55650210e-01 -2.84251001e-02
  -3.55672819e-01 -4.07978267e-01 -8.08146585e-02]
 [-3.76022720e-01 -1.04763128e-01  2.26503603e-02  2.66339407e-01
   3.27795079e-02 -1.81611090e-01 -8.61873867e-03 -2.52752433e-01
  -2.44275801e-01 -3.41573740e-01 -3.57031575e-01 -1.13642909e-01
   1.79097677e-02 -1.29490334e-01  1.84628385e-01 -3.96186100e-02
  -9.99547057e-02 -1.71395584e-01  2.96079115e-01  1.34198868e-01
  -3.43389873e-02 -9.77883958e-03  4.02960346e-01]
 [-4.88037851e-02  5.26529729e-01  1.24482318e-01 -2.08157435e-01
  -3.47081918e-01 -2.41796802e-01 -1.24099375e-01 -3.52661798e-01
   1.27461673e-01 -3.29043963e-02  2.58661066e-02  1.79956967e-01
  -1.14222366e-01 -2.55463615e-01  1.28899517e-02  2.39854307e-01
   7.48110283e-02 -1.75961817e-01  2.02664661e-01 -8.73087163e-02
  -2.79441659e-03 -1.77087721e-01 -1.99615714e-01]
 [-1.40625168e-01  9.24593562e-02  1.06222398e-01 -4.42416151e-02
  -1.78319234e-01 -2.44355606e-02  1.60118520e-01  1.42296834e-01
  -3.23477559e-01  1.00294646e-01  5.07377581e-02 -2.47042060e-01
   3.32416257e-01 -4.84159406e-02  1.16614713e-01  1.63665041e-01
  -7.38237277e-02  6.02992659e-01  2.23055790e-01 -1.13452291e-01
  -2.72808217e-01 -1.76471985e-01 -1.06683171e-01]
 [-1.27649760e-01 -1.76476468e-02 -6.71173371e-02 -2.20698116e-01
  -4.72878116e-02  5.18948179e-02  1.79783694e-01 -1.78929174e-01
   1.04165277e-01  4.62595321e-01  1.75770709e-01 -8.36633884e-02
   2.38256567e-01 -1.71741342e-01  2.53061904e-01 -2.69191365e-01
  -4.17717687e-01 -2.34786906e-01  1.08503952e-01  2.83937509e-01
  -2.95500385e-02  2.23480814e-01 -5.08515123e-02]
 [ 1.48814760e-01  3.70183756e-01  1.68241774e-01 -2.31664821e-01
   2.46323920e-01 -1.32171188e-01 -2.51259288e-01  9.72573577e-02
  -2.98393510e-01 -1.52204591e-01 -1.28635626e-01 -8.75035871e-03
   5.32801654e-01 -8.72091704e-02 -5.54883682e-02 -1.16977508e-01
   7.55041793e-02 -9.13654325e-02 -2.57820959e-01  5.10652699e-02
   1.06250827e-01  2.70529018e-01  5.85830646e-02]
 [ 3.68554308e-02 -2.05961511e-02  1.72666912e-02 -2.53787421e-01
  -3.45909580e-01 -7.97219756e-02  1.31735037e-01  3.95543102e-01
   2.01103270e-01  6.30672025e-02 -2.71382660e-01  2.64670402e-01
   1.58515585e-01  6.15377097e-02 -1.10697436e-01 -3.69707669e-01
   2.00813100e-01 -2.07836406e-02  2.11614330e-01  1.26285030e-01
   1.22459808e-02 -2.60083773e-01  3.13756478e-01]
 [-1.01559091e-01 -1.48190785e-02 -1.02145802e-01 -1.12940862e-01
  -8.75815521e-02  6.03662298e-02 -2.02254271e-01 -1.68237595e-02
  -6.27559645e-02  2.53066194e-01  1.74375536e-01 -2.47773751e-01
  -2.19045323e-02  2.16219206e-02  3.47346932e-01 -5.91443889e-02
   3.21602377e-01 -2.51277222e-02  7.87460352e-02 -4.84581430e-01
   4.26826756e-01  4.65714115e-02  3.15385480e-01]
 [ 4.30223618e-02 -2.56706015e-01 -9.63843936e-02 -2.42661770e-01
  -2.86182231e-01 -2.12835597e-01  4.87011559e-01 -1.69151040e-01
  -1.24769689e-01 -2.25041196e-01  9.38454907e-02  1.17485563e-01
   1.03999161e-01  2.52397276e-02 -1.10592500e-01  1.00702612e-01
  -1.90784124e-02 -1.29353907e-01 -2.42832535e-01 -3.85788649e-01
  -1.49183854e-01  2.92093498e-01  1.26364587e-01]
 [-3.46317117e-01  4.42315458e-02  2.40728336e-02  3.50396334e-02
  -3.59799043e-02 -1.58533656e-01  7.72420182e-02 -2.00357106e-01
  -1.49769590e-01  3.23629538e-01  1.19526768e-01 -1.14353680e-01
   5.38769384e-02  1.53677086e-01 -4.95662712e-01  1.16234144e-01
   2.08264700e-02  1.20051953e-03 -3.46586255e-01  2.17241699e-01
   2.33479880e-01 -3.08706751e-01  2.14379102e-01]
 [-7.18471627e-02 -2.64566555e-01  3.39028544e-02 -6.62137089e-02
   1.16553285e-01 -1.40041189e-01 -1.41758021e-01  1.32790981e-02
   6.73904523e-02 -4.59005070e-02 -3.32330320e-02  7.42802457e-02
   4.01102357e-01  4.79476059e-01  1.51122617e-01  1.94516651e-01
  -1.59401648e-01 -3.33280877e-01  1.21733521e-01 -1.76391023e-01
   7.08608901e-02 -3.54835342e-01 -2.96257067e-01]
 [-2.09423855e-01 -1.74158148e-01 -3.65769366e-02 -1.46334237e-02
   6.77400586e-03  5.93986037e-02 -2.12225900e-01  3.10513814e-01
  -4.10207041e-01  1.99863455e-02  4.58859499e-01  3.38712812e-01
  -4.22124809e-02 -1.83984764e-01 -2.32411850e-01  1.00580941e-01
   8.03373636e-02 -2.30423584e-01  3.19812404e-01  5.84428761e-02
  -8.13631329e-02  1.15156030e-01 -1.97114717e-02]
 [-3.29183123e-01  1.27407875e-01  1.87006555e-02  1.65521174e-01
   5.96769022e-02  2.87666318e-01  4.67149011e-01  1.00101794e-01
   5.93128556e-02 -4.00019797e-02 -1.15922398e-01  2.66533867e-01
   1.81057969e-01 -5.72536135e-02  2.02997256e-01  2.39504430e-01
   3.19361644e-01 -1.75170447e-02 -4.33087980e-02  1.33547349e-01
   3.48822517e-01  1.35798647e-01 -2.16200248e-01]
 [-2.97792979e-01  1.90617112e-01 -1.42126284e-01  2.11342463e-02
  -3.24268658e-01 -1.79326847e-01 -6.69018231e-02  4.55901866e-01
   7.22491148e-02 -1.52130074e-01  3.76304349e-02 -4.39758219e-01
  -1.58777324e-01  2.01318225e-01  1.06802486e-01  3.96922686e-02
   2.27823008e-02 -2.42171380e-01 -1.99797498e-01  1.54635127e-01
  -1.36451266e-01  1.86545662e-01 -1.62491912e-01]
 [-5.79866463e-02 -4.07932795e-01 -2.17048178e-01 -1.50788882e-01
  -2.24551346e-01  1.47749626e-01 -3.46771413e-01 -3.48651821e-02
   2.86249711e-01 -1.10876919e-01 -1.50294279e-01 -1.47182806e-01
   2.73466548e-01 -4.32714209e-01 -1.35858389e-01  3.00683751e-01
   4.29494119e-02  1.15923809e-01 -1.12825077e-01  1.34066076e-01
   9.34491645e-02  3.06289046e-02 -4.03406460e-02]
 [ 5.01919697e-02 -2.17230664e-01  2.56090805e-01 -1.87031554e-01
  -1.95241387e-01  1.54295838e-01 -4.26064312e-02 -2.67277038e-01
  -2.72979662e-01  1.19760128e-01 -2.96537625e-01 -2.04303408e-01
  -1.26619534e-01  2.60558795e-01 -1.91894976e-01 -1.30781945e-01
   3.12774047e-01 -3.69698910e-02  2.24515988e-01  1.41120304e-01
   3.96936427e-02  2.62432610e-01 -3.43803064e-01]
 [-2.23337843e-01  1.95748161e-01 -3.48179144e-01 -2.42150142e-01
   1.08706580e-01  1.97386953e-01 -1.61296085e-01 -2.57376027e-01
   1.89514537e-01 -1.32651695e-01  1.26620003e-01  1.60677131e-01
   8.56494675e-02  4.58065236e-01 -1.67623319e-02  7.37298010e-02
   1.26197955e-01  2.31469908e-01  1.32520226e-01  1.43000326e-01
  -2.63948079e-01  2.09217518e-01  2.22947817e-01]
 [-3.51632267e-01  6.99652553e-02 -4.00335919e-02  1.09619219e-01
   2.86478448e-01 -3.60517379e-03  6.85170582e-02 -1.62360129e-02
   2.96516640e-01  1.10790882e-02 -4.35975737e-02 -1.85513152e-01
   1.42323698e-01 -1.89754655e-01 -3.98449387e-01 -3.46073545e-01
   1.50435648e-01 -7.84974013e-02  1.40742320e-01 -4.21788591e-01
  -2.00973704e-01  2.66687974e-02 -2.09853855e-01]
 [-3.14760266e-01 -1.09719932e-01 -4.48447534e-02 -1.88645065e-01
  -4.35556897e-02 -1.97671492e-01 -1.17647720e-01 -4.90173878e-02
  -6.87132676e-02 -2.98736661e-01  9.64382931e-02  2.21539467e-01
  -1.61839373e-01 -2.08439081e-03  8.54115208e-02 -4.34677475e-01
  -2.01684206e-01  3.74269289e-01 -1.35232225e-01  1.68313574e-04
   3.62057803e-01 -2.61519562e-02 -2.97459179e-01]
 [-1.56687170e-01 -2.20026130e-01  1.65828736e-01  5.79447404e-02
   1.58310674e-01 -5.26867714e-01 -1.50898266e-01  1.55490147e-02
   1.27704373e-01  3.80502007e-01 -1.27620796e-01  2.53582243e-01
  -6.26455557e-02 -3.68585997e-02  2.39590763e-01  9.60576288e-02
   2.89298961e-01  1.50307713e-01 -1.70575820e-01  4.54015180e-02
  -2.78754641e-01  2.03524831e-01 -1.87539925e-02]
 [-1.57565307e-01 -2.43761082e-02  2.68747858e-01 -5.66481696e-01
   3.80179951e-01 -1.08681593e-02  1.41349832e-01  2.25346807e-01
   1.17051607e-01 -2.31908985e-02 -1.47545902e-01 -1.38926236e-01
  -3.07131543e-01 -4.02589946e-02 -8.28687205e-02  3.14817422e-01
  -2.17075241e-01  2.72711799e-02  1.45769925e-01 -3.92767771e-02
   1.22709510e-01  5.64293448e-02  1.41068716e-01]
 [-2.12382845e-01 -6.66593193e-02  7.14362528e-01  6.11967578e-02
  -1.98865649e-01  3.56461762e-01 -1.47707967e-01 -4.34750803e-02
   1.94437797e-01 -1.35923776e-01  2.13784413e-01  6.00882025e-02
   6.05834257e-02  5.18580578e-02  8.33681662e-02 -8.34446890e-02
  -5.93394085e-02 -2.78608309e-02 -2.24884470e-01 -6.91547144e-02
  -1.73977016e-01  6.42192036e-03  1.73897470e-01]]
Singular Values 
[24.16373409 20.11042681 17.11653449 16.73606111 15.51023154 14.23305928
 13.51509317 12.36833089 12.24067015 11.61501287 10.45059622 10.32149066
  9.87386157  8.92809501  8.53525634  7.9583679   7.10124584  6.94229128
  6.65306337  6.45190696  6.05888958  5.44251376  5.02786754]
Singular Vector V (transpose) 
[[ 0.20358087 -0.05144509  0.04133886 ... -0.06613838 -0.15033818
   0.00122642]
 [-0.28457359  0.13203945 -0.05328261 ...  0.00769897 -0.05723729
  -0.07028021]
 [-0.10265923 -0.06483873  0.03337591 ... -0.06466889 -0.0540273
  -0.03216654]
 ...
