Method Singular Value Decomposition(One of the PCA methods)
X = U(SIG)V*

X shape (nxm)

U shape (nxn)

(SIG) shape (nx1)

V shape (nxm)

Kinase CAMK2A
Singular Vector U 
[[-2.18465908e-01  2.46472648e-01 -4.60397569e-02  2.12649102e-01
   3.89849428e-01  4.40425764e-02 -2.00700900e-01  1.20803520e-03]
 [-4.03947766e-02  2.80872846e-01 -9.85198272e-02  3.84435882e-02
   1.19025707e-01  8.35447676e-02  4.45956675e-01  3.26022872e-01]
 [ 1.20736321e-04  1.78522691e-01  4.10990902e-01  3.09329401e-01
  -9.41940519e-02  4.15842219e-02  1.43761859e-01  3.67099056e-01]
 [-1.72426485e-01  1.76940427e-01 -3.18621631e-01  1.39444744e-01
   4.70267175e-02  1.36738496e-02  1.44745482e-01  9.72750275e-02]
 [-1.15122041e-01 -1.95000460e-01 -1.34637698e-01  4.58255571e-01
  -7.78972394e-03 -1.64355865e-01 -3.27903092e-02  1.29975420e-01]
 [-1.14144231e-01 -3.31786299e-01  7.18254700e-03  2.52034035e-01
   3.17220036e-01 -4.55440006e-02 -2.50134403e-01  1.76652766e-01]
 [-2.13642043e-01  8.61226880e-02  3.99312315e-01 -1.32519968e-01
   3.75959643e-01 -1.75271603e-01  1.73709833e-01 -1.20404785e-01]
 [-1.96101602e-01 -2.96154965e-01 -2.20962069e-01 -2.74860510e-01
   2.25270830e-01 -8.68899609e-02 -9.29963129e-02 -1.27543654e-01]
 [-2.90008230e-01  1.44225367e-01  2.59709562e-01 -6.62354314e-02
  -1.02626180e-01  2.73105977e-01  4.54006438e-02 -1.20391565e-01]
 [-2.13650978e-02 -7.39285770e-02 -3.02163364e-01 -3.56884892e-01
   2.77526207e-01  3.92461361e-01  1.46414047e-01  3.04395738e-01]
 [-8.05126293e-02 -1.73318479e-01  2.18227824e-02  8.95310496e-02
   2.93354338e-02  6.47389829e-01 -1.80481299e-01 -1.18636063e-01]
 [-1.87781308e-01  9.52482800e-02 -6.20428138e-03 -5.20559661e-01
  -2.52198233e-01 -1.75234531e-01 -1.39615723e-01  2.96358864e-01]
 [-1.18260577e-01  1.48167947e-02  1.40188940e-02 -1.13620960e-03
  -5.28479503e-02  5.83509821e-02 -2.58534112e-01  5.01075800e-01]
 [ 1.36299126e-01 -1.47006899e-01  2.12451641e-01 -2.06734377e-02
   1.69835538e-01  2.04830721e-01  2.62439753e-01 -1.17484521e-02]
 [ 8.65700168e-02 -1.74815775e-01 -9.39002123e-02  1.19362206e-01
  -2.27700620e-01  3.48948527e-01  1.59284409e-01  6.08559845e-02]
 [-4.15231541e-01 -1.46626683e-01 -4.94841229e-02  1.13709763e-02
  -2.83936405e-01 -4.30645432e-02  2.04380429e-01  7.95981078e-02]
 [-3.08752793e-01 -1.70137982e-01  3.05948514e-01 -5.80590673e-02
  -1.38489826e-01  1.18774522e-01 -8.10591930e-03 -2.04934126e-03]
 [-1.81176491e-01  1.52079980e-01 -3.42151402e-01  1.64571192e-01
  -1.13054148e-01 -5.87212952e-02 -6.04106378e-02  4.85823861e-02]
 [-4.70265108e-01 -9.59919114e-02 -2.97722902e-02  3.04454498e-02
   2.19698739e-01 -9.17320253e-02  2.69685676e-01 -1.05066363e-01]
 [-3.02276828e-01  2.72315276e-01  6.88334296e-02  1.16100158e-02
  -1.46361169e-01  1.56170835e-01 -4.19476373e-01 -9.84195095e-02]
 [-3.75446519e-02  4.38968470e-01 -1.92503554e-01  2.92203803e-02
  -3.15987040e-02  1.21592249e-01  1.21443311e-01 -3.14618644e-01]
 [-8.90391652e-02 -1.40583845e-02 -1.39146616e-01  9.72787763e-02
  -1.08061756e-01  4.14199250e-02  4.73448093e-02 -2.60951044e-01]
 [ 1.47437974e-01  2.93847770e-01  5.20280313e-02 -6.44444193e-02
   3.15494699e-01  8.67964368e-02 -2.62563394e-01  1.00700392e-01]]
Singular Values 
[11.01501398  9.83041254  8.92881115  7.32385591  6.18428487  5.50298819
  3.98531497  3.61194563]
Singular Vector V (transpose) 
[[-0.53150006 -0.44109943 -0.4302158  -0.44130408 -0.34555158 -0.03296888
  -0.0147289   0.14964716]
 [ 0.16677211 -0.15187149 -0.33394853  0.46278133 -0.39965589  0.45109113
   0.45569185 -0.22928331]
 [-0.14885109  0.25004292  0.07766006  0.41373325 -0.52510714  0.06244753
  -0.54699656  0.39909043]
 [ 0.56962593  0.10880909 -0.71098184 -0.09716257  0.12514278 -0.12849791
  -0.23119151  0.25125524]
 [-0.26812857  0.55870124 -0.14467027 -0.27520063  0.22365968  0.6684551
   0.06106686  0.13678484]
 [ 0.40267218 -0.18593625  0.37991    -0.31061068 -0.22277245  0.1913234
   0.3099772   0.61656642]
 [ 0.06523473 -0.59409595  0.07459974  0.13187243  0.37367612  0.50855963
  -0.47054923  0.0124764 ]
 [-0.32368351 -0.09130232 -0.1450526   0.46996134  0.4361032  -0.1815177
   0.34386284  0.55101055]]

Kinase CDK6
Singular Vector U 
[[-0.06797297  0.38845696  0.21739203  0.37520479  0.01211383]
 [ 0.03504283 -0.08992082  0.03457349  0.4035425  -0.3532767 ]
 [ 0.3679265  -0.08426155 -0.00536593  0.01699595 -0.10182727]
 [-0.28041462  0.0335344  -0.20911572  0.18069569  0.34047381]
 [-0.0514617   0.1524556  -0.11786004  0.04393348  0.2757437 ]
 [ 0.33481541  0.18911213  0.07805871 -0.03896667  0.46522621]
 [-0.00504874  0.44334602  0.17210998 -0.16056423 -0.16889172]
 [ 0.2400614   0.0224316   0.50852841  0.1033042   0.09008033]
 [ 0.30694157  0.0351999  -0.13192905 -0.1845768   0.17186281]
 [-0.13793801  0.06207442 -0.30575516 -0.20120402 -0.0969568 ]
 [ 0.29956027 -0.03059947  0.20607055  0.13760471 -0.07509037]
 [-0.12172484  0.09234667  0.02658154 -0.10682433 -0.27319728]
 [ 0.28716112  0.09351107 -0.06229275 -0.11958685 -0.17457236]
 [ 0.09553116  0.07967094 -0.13235705  0.41977582 -0.24893242]
 [ 0.32770715 -0.30754626 -0.36229896  0.13450363  0.07938804]
 [ 0.28726322 -0.038238    0.03875709 -0.22988847  0.06537395]
 [ 0.05661852  0.27718174 -0.12327334  0.32450438  0.19787387]
 [ 0.1932845   0.0359414  -0.12384105  0.07083088 -0.2842926 ]
 [ 0.10453199  0.45468816 -0.21844379 -0.00404552  0.0321344 ]
 [ 0.19807484  0.27371902 -0.13260483 -0.16121077 -0.16930204]
 [ 0.11844613 -0.17473454 -0.2124163   0.16934252  0.01039655]
 [ 0.04984443 -0.09590038  0.00244518  0.29996206  0.20063605]
 [ 0.03482144  0.22697311 -0.38780689  0.04694143 -0.08591759]]
Singular Values 
[11.63451502  7.34093558  5.90198362  5.56609734  5.00097904]
Singular Vector V (transpose) 
[[-0.18931064  0.18594711  0.58804829  0.56221769  0.51739312]
 [ 0.08034092  0.83514674  0.16940538 -0.50918988  0.09001527]
 [-0.61764015  0.34247244 -0.64859278  0.26598206  0.09906673]
 [ 0.49850129 -0.0766393  -0.42311145 -0.05510151  0.7507086 ]
 [ 0.57247177  0.38051629 -0.16063976  0.59232956 -0.38836065]]

Kinase HIPK2
Singular Vector U 
[[-0.17977251 -0.24634671  0.23348962  0.19126426]
 [ 0.17437246 -0.2632346  -0.09572818  0.17100407]
 [ 0.40663271  0.1264282  -0.20046454  0.00629436]
 [ 0.00056944 -0.26426222 -0.18732552  0.19775761]
 [ 0.05674957  0.02749029 -0.2050515  -0.0487589 ]
 [ 0.25139229  0.17955466 -0.10006278 -0.23203674]
 [-0.10587927  0.14632511 -0.09506075  0.27442871]
 [ 0.07104831 -0.12540566 -0.11388593  0.02392124]
 [ 0.10612675  0.36371214 -0.13597262  0.52147093]
 [ 0.32060983 -0.11449389 -0.00905091 -0.14855901]
 [ 0.12141064  0.11134606 -0.12382595 -0.07260752]
 [ 0.24297052 -0.28763157  0.07495508 -0.10004087]
 [ 0.11158976  0.36649878  0.01201122 -0.04883869]
 [-0.09651968  0.19155134 -0.06247872 -0.01342012]
 [ 0.39361478  0.13332272  0.05786768 -0.1416987 ]
 [ 0.14368973  0.18317338  0.13612363  0.10889441]
 [ 0.12860728  0.04936656 -0.40090471  0.18598338]
 [ 0.3225735  -0.08955349  0.30835622  0.03967839]
 [ 0.17301547  0.02119674  0.48911802 -0.02131148]
 [ 0.05806812  0.16988541  0.46310991  0.38060056]
 [ 0.34903629 -0.19273448 -0.04008207  0.37083955]
 [-0.12547353 -0.03437526 -0.03787476  0.29588655]
 [-0.11226134  0.41606202  0.09472268 -0.11223425]]
Singular Values 
[9.2678136  8.17608162 7.32871806 4.265428  ]
Singular Vector V (transpose) 
[[ 0.72040059  0.57339069  0.09916909  0.37737462]
 [-0.38592503  0.72454743 -0.52424627 -0.22640394]
 [ 0.00955268  0.30046554  0.69177916 -0.65655982]
 [-0.57618887  0.23658953  0.48659318  0.61258376]]

Kinase AKT1
Singular Vector U 
[[ 1.12973844e-01 -8.06420509e-02  1.86790321e-03 -1.25779259e-01
   2.81024317e-01 -2.81194984e-02  1.15976280e-01 -8.51913537e-02
   1.77042525e-01 -4.21208804e-01  1.45667781e-02  3.93781282e-02
  -2.77920847e-01  1.49651717e-01 -1.45554856e-01  1.53078336e-01
  -1.59186461e-01  4.97651983e-03 -4.32815890e-01 -9.98205300e-02
  -1.88540214e-01 -1.39871107e-01  4.81547182e-01]
 [-2.01327428e-01  2.99303689e-01  2.15888078e-04  1.83633124e-02
  -1.06591322e-01  8.75745826e-02  4.84082917e-01  1.28197960e-01
   2.47091798e-01 -2.65585704e-01 -9.86175395e-03  5.27432743e-02
   2.80191732e-01 -2.61553940e-01 -2.06819258e-02 -1.60074102e-01
  -1.47553383e-01  7.23007795e-02 -2.10352451e-01  2.06668142e-01
   4.21868276e-01 -1.93544443e-02 -1.72032671e-04]
 [-2.06247880e-01  3.14057044e-01 -3.69731068e-01 -1.47937586e-01
  -1.03581944e-02  4.74484033e-02 -1.43959761e-01  1.41257869e-01
  -1.89124579e-01  8.41220832e-02  6.72569969e-02 -2.99850395e-02
   8.75837312e-02  4.64319387e-01 -2.35721751e-01  2.25141452e-01
  -2.40961196e-01 -1.77095504e-01  1.66006250e-02  2.37144993e-01
   8.98335354e-02 -3.51696463e-01 -4.15160769e-02]
 [-3.17296868e-01 -3.25833102e-01 -4.61905320e-01 -1.55190982e-01
  -1.85839661e-02  5.01216717e-02  1.49750600e-01 -3.86368384e-02
   4.76709503e-02 -1.02221317e-01  4.01778485e-01 -6.90707783e-03
  -2.28967739e-03 -1.80395477e-01 -3.25904389e-01 -1.25124500e-01
  -2.52435132e-02 -1.89669775e-01  1.35766109e-01 -1.09042151e-01
  -1.85314295e-01  3.08888498e-01 -6.03174291e-02]
 [-2.13257152e-01 -1.55923504e-01  1.91639678e-01 -2.39789776e-01
  -1.28637923e-01 -2.29646167e-02 -2.13573484e-01 -1.22935722e-01
  -2.30334864e-01 -2.96100287e-01 -1.03201573e-01  4.68729829e-01
   2.90145928e-01  1.29007169e-01  1.56764150e-01  1.18679161e-01
   7.40193856e-02 -1.01626638e-01 -9.90653816e-02  3.28218485e-01
  -5.05047301e-02  3.26586369e-01  7.10625309e-02]
 [-4.71827214e-02  3.60447655e-01  1.27268115e-01 -2.13605601e-01
   7.30933553e-02 -1.46821301e-01  7.91765511e-02 -2.09321691e-01
  -3.25844332e-01 -3.24864903e-02  2.00388126e-01  7.16482843e-02
  -1.89300808e-01 -4.70585012e-01 -9.35809224e-02  2.43487040e-01
  -9.79978711e-02  3.14454158e-01  1.20276815e-01  1.64979729e-01
  -2.73690323e-01 -1.13630571e-01 -1.14925390e-01]
 [-1.39042336e-01 -2.03701835e-01  9.81758085e-02 -3.20345196e-01
  -2.80862983e-01 -1.86643778e-01 -1.10583291e-01 -2.30806340e-01
  -5.75007961e-02 -2.17851551e-01  2.09088453e-02 -3.89708964e-01
  -9.12143620e-02  3.66007352e-02 -1.17749159e-01 -1.70466618e-01
   3.27280559e-01  1.46904752e-01  1.60381632e-01  7.74446282e-02
   3.33231291e-01 -2.96385564e-01  1.80922094e-01]
 [-3.12862673e-01  2.42782659e-01  3.33352448e-02  2.06810904e-01
  -2.62996169e-01 -3.01360494e-01  1.82573106e-01  4.36559865e-01
  -1.36533401e-01 -1.66684292e-01 -5.45338966e-02  1.25401320e-01
  -2.84811820e-01  1.74569731e-01 -2.80246589e-02  7.36703653e-02
   3.60351573e-01  2.99391523e-02  2.59938332e-02 -2.68632726e-01
  -1.24299202e-01  1.04270518e-01  5.04773547e-02]
 [-2.87572981e-01 -9.47337935e-02 -1.83022927e-01  2.58076764e-01
   1.19400277e-02 -1.00750131e-01 -2.06759758e-01 -2.35065169e-01
  -8.50915565e-02 -1.05083126e-01  1.51618955e-01  5.07262319e-02
   1.57857249e-01  1.19328849e-01  2.15307885e-01  5.68957363e-02
  -2.49605580e-01  5.28132724e-01 -1.65906731e-01 -3.95282177e-01
   1.65077122e-01 -3.47878840e-02 -1.17769655e-01]
 [-2.63113906e-01 -2.32748674e-01  7.88817418e-02 -2.95610566e-01
   2.24701867e-01  9.91625399e-02  3.85904104e-01 -7.86274540e-02
   5.27418728e-02  1.84659355e-01 -1.77582217e-01  4.30293445e-02
  -4.01491882e-01  1.80024510e-01  2.30294576e-01  2.93610397e-01
  -5.20970105e-02  1.51173206e-02  8.35120208e-02 -1.12768981e-02
   2.76423675e-01  8.11391915e-02 -2.67226799e-01]
 [-1.43279708e-01 -1.19961481e-01  3.12423276e-01 -5.54323882e-02
  -3.27845913e-01  1.68864186e-01  7.35362806e-02  1.89623030e-02
  -2.44526041e-01  3.87551481e-02 -8.38834327e-02  1.22130231e-01
  -3.61751847e-03 -1.49366171e-01  1.42145144e-02 -9.62398746e-02
  -4.71088467e-01 -3.19499882e-01  1.29888628e-01 -3.98770038e-01
  -2.73229074e-02 -2.79360313e-01  1.70051130e-01]
 [-1.92952415e-01  2.46355384e-01  2.37709314e-02 -3.27915096e-02
   2.16928483e-01  1.19311723e-01  1.05656745e-01 -3.41636102e-02
  -2.14506690e-01  6.27230216e-02  8.24072398e-02 -4.96365992e-01
   1.95672052e-01  5.40869260e-02  3.61738553e-01  5.27423991e-02
  -1.29254026e-02 -7.27726359e-02  1.34871215e-01 -5.09924379e-02
  -6.07014294e-02  3.21758185e-01  4.64091553e-01]
 [ 2.59462839e-02  2.62742628e-01  3.48672954e-01 -2.61799340e-01
   2.50245843e-01 -3.73167463e-01  4.55266717e-02 -1.92798827e-01
   1.07446899e-01  1.15676043e-01  2.61614481e-01  7.23558612e-02
   2.35537466e-01  2.26142907e-01 -1.80022068e-01 -1.74008309e-01
   5.84452922e-02 -2.26735658e-01 -8.45238271e-02 -3.40855618e-01
   8.76336571e-02  7.56025865e-02 -1.99009012e-01]
 [-1.42402379e-01 -8.41454796e-02 -1.37859430e-01  5.72223382e-02
   3.32387111e-01 -1.82737126e-01  1.74776800e-01 -9.09570815e-02
  -3.62481039e-01  5.72268059e-03 -5.96272246e-01 -6.17985667e-02
   1.05816575e-01  1.34137564e-03 -2.04187261e-01 -4.20451162e-01
  -2.94536945e-02  5.74720667e-02 -7.01298661e-02  3.80997138e-02
  -1.67064573e-01 -4.96175207e-02 -7.93664110e-02]
 [-3.04989928e-01 -3.47570831e-02  2.92279433e-01  1.49959494e-01
  -4.31704115e-02 -2.28101976e-02 -1.03184499e-02 -6.28699397e-02
   4.61190200e-01 -2.18217238e-01 -1.20102494e-01 -2.81393897e-01
   1.47229138e-01  1.53429618e-01 -2.66672856e-02  1.09117845e-01
  -1.59381908e-01  2.17399507e-02  2.34107138e-01  1.43697016e-01
  -4.58306854e-01 -9.99527361e-02 -2.41436838e-01]
 [-1.88595033e-01 -2.56828417e-01 -2.17252542e-02  6.07654225e-02
  -6.69528130e-03 -3.61250724e-01  2.27691808e-02  7.13468545e-02
   6.63196183e-02  3.51774487e-01 -8.58938052e-02 -1.05828995e-01
   3.00085297e-01 -3.24171929e-01 -5.28195846e-02  4.75346309e-01
   1.41399451e-01 -1.60848827e-01 -3.09416249e-01 -3.40937583e-03
   3.03373147e-03 -1.70483604e-01  1.29835011e-01]
 [-1.34465238e-01  4.15464092e-03 -1.04700721e-01 -1.22471410e-01
   4.26510878e-01 -1.70982031e-01 -2.35878844e-01  2.77030051e-01
   2.60006696e-01 -7.12503227e-02 -6.28170879e-02  3.22349352e-01
   6.03543053e-02 -1.89919536e-01  1.51423969e-01 -7.52879019e-02
   1.10103448e-03  3.97301476e-02  4.93831733e-01 -6.35161302e-02
   1.11695137e-01 -2.05882378e-01  2.43346698e-01]
 [-1.64729269e-01  6.68386337e-02  2.46219227e-02 -7.77680650e-02
   2.37588477e-01  5.23307321e-01 -1.31526827e-01  5.72640591e-02
  -1.02251838e-01 -2.24303780e-01  2.27498908e-02 -4.72321777e-02
   1.01010900e-01 -1.58085964e-01  1.02846754e-01  3.56331583e-02
   4.50416119e-01 -1.49190797e-01 -2.13628996e-01 -2.31585733e-01
  -8.32197136e-02 -3.04818196e-01 -2.75801199e-01]
 [ 1.45088498e-03  2.63376752e-01 -2.01556418e-01 -4.48419003e-01
  -2.13488957e-01 -3.44095416e-02 -3.49848689e-01  7.07505337e-02
   2.28643398e-01 -2.41804127e-02 -4.18399278e-01 -1.78161875e-01
  -9.39966704e-02 -1.92850265e-01  1.36644631e-02  3.92144878e-02
  -1.53540483e-01  1.00437841e-02 -1.67196656e-01 -2.47888167e-01
  -1.58903015e-02  2.86444894e-01 -1.09405190e-01]
 [-6.04177057e-02 -2.06932460e-01  1.27659859e-01 -2.66398397e-01
   3.44517769e-02 -1.42674146e-01 -6.58127032e-02  5.18618766e-01
  -7.65542598e-02  1.02604786e-01  2.84556813e-01 -1.50187852e-01
  -6.46890632e-02  2.08662664e-02  3.01865658e-01 -3.36681164e-01
  -1.75141980e-01  1.36510161e-01 -3.12535292e-01  1.96463482e-01
  -1.77395692e-01 -9.09099144e-02 -1.30727672e-01]
 [-1.59630842e-01  1.70576200e-01 -2.24254496e-01  1.89477684e-01
  -6.50560224e-02 -2.46856712e-01 -6.85434291e-02 -3.80943491e-01
   1.07076428e-01 -1.31407989e-02  5.18407513e-02  5.87851872e-02
  -3.05411065e-01 -9.99647562e-02  4.53800098e-01 -2.22402132e-01
   1.19595289e-02 -4.42737314e-01 -1.32694527e-01  1.61337374e-01
  -4.67360876e-02 -1.53989636e-01 -4.58463631e-02]
 [-2.76276667e-01  3.39478569e-03  3.09694747e-01  3.15738253e-01
   2.46559778e-01  4.67322530e-02 -4.02981868e-01  9.53036446e-02
  -7.30130674e-02 -3.14001671e-02  4.67728807e-02 -1.35656811e-01
  -3.11842795e-01 -1.60354481e-01 -3.28336224e-01 -1.35801427e-02
  -1.47815883e-01 -1.42465109e-01 -1.06963626e-01  1.49467369e-01
   3.22367641e-01  2.35995657e-01 -1.43896943e-02]
 [-3.58695911e-01  1.30960378e-01  8.48787281e-02 -6.73514489e-02
  -9.45211177e-02  2.91354871e-01 -5.81055431e-02 -1.62565238e-01
   2.43988954e-01  5.17235577e-01 -4.30641879e-03  2.34154021e-01
  -8.31473656e-02  7.14386660e-02 -1.48385232e-01 -2.42605781e-01
   1.61968483e-01  2.63159491e-01 -1.50595376e-01  6.09822436e-02
  -1.70743252e-01 -3.24159580e-02  3.03198317e-01]]
Singular Values 
[15.52042999 12.11554918 11.63267883 11.29671177 10.10633363  9.92192577
  8.80474444  8.59684139  7.63838627  7.35884631  6.5877303   6.3358684
  5.93434997  5.47069691  5.13781074  4.31007584  4.09998014  3.37413814
  3.0495312   2.61594032  2.17136676  1.68575199  1.16022206]
Singular Vector V (transpose) 
[[-8.13029820e-02 -1.43981613e-01 -4.80660502e-02 -1.46941650e-01
  -8.60671081e-02 -1.11807324e-01 -1.00120259e-01 -1.12241006e-01
  -2.46961373e-03 -9.23119180e-02 -1.14177685e-01 -6.82208422e-02
  -2.67134072e-01 -1.16888167e-01 -2.13823897e-01 -4.13160531e-01
  -3.44568414e-01 -1.33302639e-01 -5.15034683e-02 -3.23869483e-01
  -1.07635643e-01  9.41269754e-02 -3.80911387e-01 -2.89330558e-01
  -2.61857021e-01 -1.29233609e-01]
 [ 1.09085822e-01 -2.92562051e-01  3.57163656e-01 -2.49729407e-02
  -1.59917059e-01  3.15468017e-01 -3.56366241e-01  2.68371801e-01
   1.33819113e-01  1.69759985e-01  3.49202659e-01  2.47852828e-01
  -2.33308852e-01 -6.12793606e-02 -2.57984872e-01 -7.83705490e-02
  -6.79968287e-02 -6.41113771e-03 -1.71715962e-02  1.03977100e-01
   1.67996571e-02  3.29060271e-02  6.01399149e-02  6.00198881e-02
   2.19039858e-01 -1.29942445e-01]
 [ 4.49320033e-01  2.92866426e-01 -2.34582095e-01 -1.76961808e-01
  -2.23918736e-01 -3.85993653e-02  2.29061105e-02  1.88944236e-01
  -3.18012065e-01  4.64290068e-01 -6.13823293e-02 -1.24252586e-01
  -2.84705689e-02 -2.33175287e-01 -1.04686354e-01 -8.23531045e-02
   3.31736456e-02  1.04666351e-01  1.40291642e-01 -2.25885258e-01
  -1.20593193e-01  4.29184658e-02  1.06951181e-01  6.58014738e-02
   1.07277904e-01 -5.37896556e-02]
 [-3.73488502e-01  1.82789680e-03  2.20954058e-01  1.17074293e-02
   3.53454657e-02  7.76212546e-02 -2.44312869e-01 -1.70552681e-01
   2.32671533e-02  1.48532753e-01 -7.17719489e-02 -3.45330008e-01
   3.05809155e-02 -1.25264728e-01 -6.55635406e-05 -1.88960050e-02
   1.43536858e-01  1.52202133e-01 -4.82054985e-02 -2.41947606e-01
  -4.54574561e-01 -3.08684525e-01  2.27332751e-02 -1.50369111e-02
   2.99344409e-01  2.33662409e-01]
 [-2.19079694e-01  6.19522012e-02  1.10806738e-01 -2.61490769e-02
  -3.68364503e-01  2.85687541e-01  3.00093594e-01  1.07124878e-01
  -2.11849155e-01 -1.07887634e-01 -4.43188791e-02  2.09619781e-01
   3.26719246e-01  1.56454250e-01 -7.09113264e-03 -9.23916613e-03
   8.93985656e-02  2.29997852e-01 -2.02562044e-01 -2.21287513e-01
  -3.04222635e-02  9.99982731e-02 -3.62895546e-01  9.45772517e-02
   1.55936542e-01 -2.36239047e-01]
 [-1.42182503e-02 -8.36006080e-03 -5.69688419e-02 -3.31700420e-01
  -3.27979865e-01 -3.29505719e-01 -4.41589350e-01 -4.40974298e-02
   1.64857137e-01 -2.69570536e-01 -3.16857433e-03 -3.31130208e-02
   2.13354489e-01 -2.13917303e-01 -7.60556849e-02  2.23731971e-01
   2.64041714e-01 -3.34011267e-02 -2.20887022e-01 -1.18506858e-01
   1.10706077e-01  1.33785045e-01  9.50294951e-02  1.84467678e-01
  -1.05573436e-01 -8.52369869e-02]
 [ 2.36552550e-01 -1.20085417e-01  1.91874245e-01 -2.74151662e-01
  -5.84631573e-02 -3.29315930e-01  1.94580768e-01  1.46856786e-01
   1.91049481e-01  7.97257013e-02  1.92756977e-01  1.30739911e-01
   1.71562424e-01  1.15286899e-01  2.21226560e-01 -3.55751122e-02
   1.03423939e-01  1.58103257e-01 -1.27648806e-01  1.35051559e-01
  -3.69231975e-01 -3.63605839e-02 -2.12838250e-02 -4.90788456e-01
  -4.65777751e-02  7.02836724e-02]
 [-9.40115963e-02 -1.72372181e-01 -5.08271842e-02  4.13177656e-01
  -5.81495169e-02 -9.34957234e-02  5.98065619e-02  5.57628855e-02
   1.52034813e-01  1.89796913e-01  8.06994216e-02 -3.09928343e-01
   3.69431586e-01 -4.19946578e-01 -4.46368940e-03 -2.03500461e-01
   1.14086731e-01  1.85619340e-03  5.54627874e-02  2.09875297e-01
   1.68928827e-01  2.73638170e-02 -8.08720955e-02 -1.72760878e-01
   2.92715069e-02 -3.55944608e-01]
 [-5.77204191e-02 -9.22868887e-02 -2.03069823e-01 -3.64273333e-02
   4.97896109e-02 -2.17574212e-01 -3.05052688e-02  1.33261597e-01
   2.42201937e-02 -3.08489488e-01 -9.95735594e-03  2.25659874e-01
  -6.67443421e-02  5.40348354e-02  1.80930679e-01 -5.72696546e-01
   2.48667681e-01  5.93897192e-02  2.99329587e-01 -1.18213747e-01
   5.01833311e-02 -8.70324005e-02  1.27146124e-01  1.14743053e-01
   3.91265052e-01 -2.76729205e-02]
 [ 5.74708950e-02 -2.77551980e-01 -1.65143758e-01  1.79862657e-01
  -2.58900529e-01 -2.40809330e-01 -1.16560862e-01 -2.49915938e-01
  -4.31111464e-01  1.34576724e-01  3.07897797e-02  2.71093909e-01
   8.55155349e-02  5.41428080e-02 -1.10604806e-01  6.14218350e-02
   3.46903353e-02 -2.61881482e-01 -8.49689268e-02  1.89045278e-01
   3.58301769e-02 -3.57954218e-01 -2.07879263e-01 -4.54741607e-02
   1.26929985e-01  2.25314249e-01]
 [-4.96768785e-02  3.56532392e-02  1.11517926e-01 -9.82003656e-02
   5.09030341e-02  5.39946482e-02  1.26923863e-01  6.81182120e-02
   2.52274945e-01  2.06602786e-01 -3.50340185e-01  1.89231198e-01
  -3.50368895e-02 -1.56146204e-01 -2.40890321e-02  1.57946978e-01
   2.10378298e-01 -3.53005339e-01  1.92621653e-02 -2.33264931e-01
   3.48034055e-01  1.29088677e-01 -9.91707895e-02 -3.35671885e-01
   3.12469972e-01  2.24320097e-01]
 [-1.21218148e-01 -2.28941343e-01  1.09775895e-01 -3.21489010e-01
   6.40165086e-02  4.58730287e-04  3.20627343e-01  2.85942497e-02
  -3.48590694e-01 -1.87205121e-01 -8.33466211e-02 -1.95986195e-01
  -3.40835433e-01 -2.52058920e-01 -2.69993199e-01  6.25615905e-02
   3.06609407e-01  2.02808783e-01 -2.45820947e-02  2.94091031e-01
   1.24052388e-01 -4.22174284e-02  5.78521256e-02 -8.77102704e-02
   2.03722534e-03 -2.97830981e-02]
 [ 9.72549086e-02  1.08231766e-01  1.83792023e-01 -2.94726839e-01
   1.39406037e-01 -1.23787382e-01  2.09530240e-01 -1.33693755e-01
   7.75422257e-02  1.22486425e-01  2.24684406e-01 -2.26008045e-01
   1.20917887e-01  7.41217922e-02 -2.41182661e-02 -2.87709893e-01
  -2.13379004e-01 -1.16258850e-01 -4.09858679e-01 -3.35991744e-02
   3.70391730e-01 -2.61037014e-01 -5.24414172e-03  2.55155059e-01
   1.90952648e-01  2.26434463e-02]
 [ 5.19163306e-02  1.30340359e-01 -1.76347858e-01 -3.14289731e-02
  -8.28793152e-02  2.76129391e-01  1.61342966e-01  1.96920021e-01
   9.52495764e-02 -2.73581372e-01  3.50986572e-01 -4.66544631e-02
  -5.12274220e-02 -1.79286833e-01  3.59099577e-02  1.40821242e-01
   1.42718877e-01 -3.54923690e-01  7.64040928e-02 -2.08271415e-01
  -6.84637539e-02 -5.36443454e-01 -2.68732628e-02 -1.13439145e-01
  -1.59747315e-01 -8.94756419e-02]
 [ 3.01506368e-02  1.04214850e-01  1.38881590e-01 -2.18687916e-01
   5.97229941e-02  1.75301801e-01  4.51040576e-02 -5.83171163e-01
  -1.91351776e-01 -1.04589527e-01  2.38754829e-01  1.33579837e-01
   1.78025168e-01 -2.24953515e-01  1.06221709e-01 -2.27650383e-02
  -6.46782155e-02 -2.54069131e-01  2.33707362e-01  5.59051722e-02
  -1.51875572e-01  2.74578998e-01  1.62495573e-01 -1.15568613e-01
   1.76902381e-01 -1.79451422e-01]
 [ 2.97464615e-01  3.09065637e-02  1.25109974e-03  4.57420386e-02
   3.94342536e-01 -4.43811323e-02 -2.49875576e-02 -3.40269615e-02
   9.88794931e-02 -1.34332569e-02 -1.82484802e-01  3.97594422e-02
  -9.76808628e-02  3.20501927e-03 -8.42767077e-02  4.22123570e-02
   3.07040669e-01 -2.25125533e-01 -1.93875270e-01  1.26037037e-01
  -3.58713841e-01  2.28316974e-02 -3.91949563e-01  2.76637091e-01
   1.29379664e-01 -3.33789432e-01]
 [ 9.94495738e-02 -1.14286104e-01  5.10078174e-02  1.67217300e-01
   1.28309524e-01 -2.36555116e-01  1.71834450e-01 -1.36801007e-02
   3.45042724e-02 -1.51323568e-01  4.54022795e-02 -5.41048868e-02
   2.05282116e-01  2.67564853e-01 -6.42726417e-01  1.85254633e-01
  -8.22195940e-02 -2.50527452e-03  1.50250647e-01 -3.06903369e-01
  -7.20404766e-02 -1.26289203e-02  2.61891402e-01 -1.00014632e-01
   1.62880627e-01 -1.41852542e-01]
 [ 7.22705401e-02  2.84031359e-02  7.06535041e-02 -2.04765522e-01
  -2.91673449e-01 -5.61843996e-02  7.34781394e-02  6.07895872e-02
   2.39747232e-01 -1.48839149e-01 -1.19854645e-01 -2.57220507e-01
   6.67598770e-02  3.79467021e-02 -5.85663386e-02  1.28321811e-01
  -2.80818425e-01 -5.35339649e-02  5.02113808e-01  3.15017117e-01
  -5.79724006e-02 -5.48909170e-02 -3.53718031e-01  1.79627667e-01
   2.24286323e-01  1.28967291e-01]
 [ 4.35306924e-01  1.02218945e-01  2.83316141e-01  1.19507401e-01
  -6.12053209e-03  1.32769859e-01 -1.25210942e-01 -3.30198995e-01
   1.04997673e-01 -1.60735953e-01 -2.47849683e-01  1.53626229e-01
   4.57937252e-02 -1.21430367e-01 -2.43937249e-02 -6.39289620e-02
   6.78401729e-02  4.23325759e-01  1.17993177e-01 -7.27254302e-02
   2.33062646e-01 -3.53833544e-01 -7.82585894e-02 -1.06383422e-01
  -1.36097390e-01 -3.49310354e-02]
 [-5.99825313e-02  4.28633549e-01  3.32689017e-01  1.14842118e-01
   1.72954723e-01 -2.34920600e-01 -2.73529976e-01  3.73383776e-01
  -3.92129402e-01 -2.50937668e-01 -2.58817942e-02 -1.27665071e-03
   4.48362239e-02 -9.86320909e-02  6.86837439e-02  6.24397368e-02
  -2.07454272e-01 -8.75955171e-02 -3.86480437e-02  9.40196932e-02
   6.93258663e-02 -4.54043073e-02 -6.80521148e-02 -2.21576016e-01
   1.46537089e-01 -9.27186227e-02]
 [ 7.86675289e-02  3.96128039e-01 -9.93695066e-02  3.02786217e-01
  -2.22727750e-01  2.63858134e-02  1.39703661e-01 -8.91058438e-02
   1.85555273e-01 -2.42094015e-01  1.36392727e-01  4.15253797e-02
  -1.39352257e-01 -1.69862238e-01 -2.99929584e-01 -2.03565966e-01
   5.98307020e-02  3.60067868e-02 -2.92934226e-01  2.03133226e-01
  -1.41560359e-01  2.12378823e-01  2.45197511e-02 -5.16756182e-02
   1.25313886e-01  3.85322797e-01]
 [-3.66003835e-01  3.48279494e-01 -1.50093200e-01 -2.62695036e-01
   6.19675361e-02  2.37759966e-02 -6.77597347e-02 -3.84468085e-03
   1.59931321e-01  2.40656217e-01 -1.63905727e-01  3.34603127e-01
   1.46396894e-01  4.61236447e-02 -3.44727223e-01 -1.41578626e-01
  -8.60667245e-03  1.82275848e-02  7.07219273e-02  3.24481322e-01
  -6.03069172e-02 -2.62961279e-01  1.09346989e-01 -5.94665922e-02
  -1.55077542e-01 -1.90819888e-01]
 [-1.56432358e-01  2.10952709e-01  3.66872460e-01  1.01063627e-01
  -1.50125132e-02 -2.90726112e-01  8.27160779e-02 -6.80149657e-02
  -3.32694853e-02  2.10991867e-01  3.43797876e-01  5.26703100e-02
  -1.18947439e-01  6.95078255e-02 -8.34283581e-02 -6.04899417e-02
   3.58451427e-01 -4.28272714e-02  3.37369161e-01 -1.39730045e-01
   8.76054515e-02  9.71406071e-02 -2.39655636e-01  2.00418190e-01
  -3.20981965e-01  1.11364770e-01]]

Kinase ROCK1
Singular Vector U 
[[-3.26231849e-02  4.85021373e-01 -1.21530817e-02  3.22002074e-01]
 [ 2.10397513e-01 -6.96877883e-02  2.19571637e-01  1.90217487e-01]
 [ 7.25908305e-02 -2.24249862e-01 -1.67131061e-01  2.69393016e-01]
 [-5.76866006e-02  1.67488911e-01  3.38938234e-01  4.52160411e-01]
 [ 5.68799333e-02  4.86564373e-02  2.69378114e-02 -3.71291806e-01]
 [ 1.33661232e-04 -4.27199827e-02 -2.58258386e-01 -5.87922220e-02]
 [-1.78045416e-01 -7.73513284e-02  1.93164816e-01 -1.66165470e-01]
 [-3.10346276e-01 -1.12172572e-01 -1.35818265e-01  1.91799802e-01]
 [-1.39492257e-01 -9.60095856e-02  4.21717825e-01 -7.70583407e-02]
 [-3.05601974e-01 -1.32234375e-01 -9.35897709e-02 -1.63288373e-01]
 [ 5.83717979e-02  2.41914618e-01  1.72642444e-01 -4.47100053e-02]
 [-3.41138169e-01 -1.78900241e-01  3.11316539e-01  1.76083893e-01]
 [-2.11467063e-01  2.78559468e-01 -4.52395299e-01  7.92250379e-02]
 [-3.50826658e-01  1.35713293e-01 -2.14597939e-01  7.84595906e-02]
 [-6.02672847e-02 -2.23039055e-01 -4.49476732e-02  1.19185053e-02]
 [-2.58673927e-01  5.08204967e-01  1.92123208e-01 -2.23161576e-01]
 [-2.63872508e-01 -1.28941713e-01 -1.55350652e-02 -2.82944598e-01]
 [ 1.22804823e-01 -5.29283114e-02  1.91534102e-01 -2.24171649e-02]
 [-9.73810834e-02  2.08480948e-01  9.91209297e-02 -3.24628338e-01]
 [-2.76450725e-01 -2.37269294e-01 -5.84688908e-02  3.56886585e-02]
 [ 1.47681081e-01 -2.28762240e-02  2.67872570e-02 -2.16110711e-01]
 [-3.49150538e-01 -1.19102583e-01  1.77815922e-01  8.02235913e-02]
 [-1.71791531e-01  6.03150899e-02 -1.28973728e-02  9.51827023e-02]]
Singular Values 
[10.38819317  7.09313531  6.39786214  4.70721792]
Singular Vector V (transpose) 
[[-0.16941618 -0.56549875 -0.70850099 -0.38669842]
 [ 0.686671   -0.32815886  0.38334362 -0.52329951]
 [-0.44922864  0.45042773  0.15988154 -0.75481547]
 [-0.54587061 -0.60797845  0.57053651  0.0829191 ]]

Kinase PAK1
Singular Vector U 
[[ 2.53172206e-01  2.31120605e-01 -2.32974124e-01  6.77909531e-03
  -2.85523060e-01  1.61285744e-01  1.64604105e-01 -1.68290074e-01]
 [ 3.07202975e-01 -7.59423772e-02  3.47707500e-01  2.74749947e-03
   5.50439896e-02  6.24392353e-02  2.33901203e-01 -4.20822849e-02]
 [ 1.06330637e-01  1.36110167e-01 -1.02432954e-01 -2.12548601e-01
   1.60495447e-01  3.56039472e-01  1.51480487e-01  3.53660676e-02]
 [ 1.19438155e-01  1.39791064e-01  2.55112692e-01 -3.10530570e-01
   3.07285832e-02 -2.47250513e-01 -3.50559193e-01 -2.36125141e-01]
 [ 3.17827639e-02 -1.59708377e-01  1.98358827e-01  1.68277008e-01
  -1.06374570e-01 -6.22624610e-02 -2.89956249e-01 -2.51684578e-01]
 [ 3.55683187e-01 -7.03915819e-02 -1.54098149e-01 -2.85376515e-01
  -3.67888880e-01 -5.59388873e-02  4.14945022e-02  4.08859610e-01]
 [-1.40847633e-01 -1.92250959e-01  7.00251771e-02  1.97516321e-01
   1.00461053e-01 -1.83061194e-01  3.11022249e-01 -8.04675613e-02]
 [ 2.26609198e-01 -7.64404321e-02 -3.87525134e-01  1.09403824e-01
  -7.11082488e-02  3.49985597e-03  9.12933272e-02 -4.39953514e-01]
 [ 1.15477168e-01 -2.55301414e-01  8.83376155e-02 -1.51176329e-01
   2.99052535e-01 -6.27672200e-03  1.29673914e-01  2.89684184e-01]
 [ 1.38122244e-01  2.54043759e-01 -3.19135794e-02  1.62249694e-01
  -2.93927659e-01 -2.80944383e-01  6.63635163e-02  1.15351422e-01]
 [-4.63534784e-02  2.74433438e-01 -5.52481302e-02  4.20205194e-01
   3.02241028e-01  1.84808458e-01 -7.34021642e-02  1.21589726e-01]
 [ 1.62791382e-01 -2.27225665e-01 -2.97156793e-01 -1.38460928e-01
   1.85839312e-01  1.82605311e-01 -2.98111320e-01 -2.50091566e-01]
 [ 1.95231802e-01 -1.29139050e-01  1.74170389e-01  5.82197837e-02
   2.38608208e-01  2.96668900e-01  2.92280953e-01 -2.58846156e-01]
 [ 1.60353491e-02  2.35837438e-01  3.93699770e-03 -2.78565424e-01
   7.96893390e-02 -3.10110226e-02 -2.66317391e-01 -1.93514261e-01]
 [ 1.25646165e-01 -6.06376110e-01 -1.45775216e-01 -4.59815386e-02
  -1.58258598e-02 -1.35588142e-01 -1.24835869e-01  1.99160900e-03]
 [ 2.29118192e-01 -2.33374975e-03  3.71968058e-01 -1.59756774e-01
   4.51284926e-04  9.26368413e-02  3.80323762e-02  1.35241011e-01]
 [-1.30715566e-01 -1.40616210e-01 -2.41069039e-01 -1.04035877e-01
  -1.28552650e-01 -8.76451046e-02  3.59751106e-01 -6.00498386e-02]
 [ 3.48081276e-01 -2.17303576e-02 -9.71543811e-02  1.05017588e-01
   1.72075429e-01  1.83782966e-01 -2.41545730e-01  2.85297707e-01]
 [ 1.73007804e-01 -1.19879761e-02 -2.85607873e-02  3.00402309e-01
  -2.31840630e-01  2.27569400e-01 -1.76650488e-01  1.10447347e-01]
 [ 3.23239977e-01  2.98208551e-01 -1.12405144e-01 -4.54603890e-02
   2.26902030e-01 -1.29319598e-01  1.47386783e-01 -1.11469694e-01]
 [ 2.26631270e-01 -1.34169464e-01  1.28085116e-01  4.62625180e-01
  -1.14158735e-01 -5.08965229e-02 -1.45543380e-01 -4.19272124e-04]
 [ 1.73312924e-01  6.68838881e-02 -2.75964011e-01  1.13459751e-01
   4.40571415e-01 -5.41168569e-01 -1.19720099e-02  1.63485366e-01]
 [ 3.08980435e-01  3.21749888e-02  2.59561194e-01  5.47556450e-02
  -5.64329958e-02 -2.71718492e-01  1.74959983e-01 -2.20698477e-01]]
Singular Values 
[11.56129965  8.76854468  8.62222133  8.12706822  6.57031661  5.13966165
  4.48760645  4.10303721]
Singular Vector V (transpose) 
[[ 0.38358877  0.43667108  0.41078443  0.13814491  0.1683498   0.42524807
   0.22958149  0.46093918]
 [-0.4014666   0.02966761  0.31649237 -0.33158788 -0.18412608 -0.50109997
   0.29299635  0.50692801]
 [ 0.06488885  0.00971706 -0.50627961 -0.71614006 -0.01920517  0.37368049
  -0.05009416  0.28983447]
 [ 0.13498297 -0.58665357  0.38707929 -0.32060739  0.20339084  0.20581838
   0.46035762 -0.2988972 ]
 [ 0.34673134 -0.00898204 -0.11823759  0.08813525 -0.84996539  0.02093387
   0.35689621 -0.08771803]
 [-0.49895132  0.52102844  0.2180518  -0.22019696 -0.16871184  0.32894389
   0.08297547 -0.48988873]
 [-0.16869659  0.15989105 -0.51259169  0.2382513   0.32781704 -0.07335204
   0.71585121 -0.03427678]
 [-0.52117145 -0.40873574 -0.02573636  0.37722881 -0.19403711  0.52157622
  -0.01743909  0.32917351]]

Kinase PIM1
Singular Vector U 
[[-0.29015869  0.25606419]
 [-0.2495942   0.30532431]
 [ 0.10604497  0.3300392 ]
 [-0.14798262 -0.08842589]
 [-0.02965411  0.06216656]
 [-0.23654955  0.22347576]
 [-0.00056984  0.09350064]
 [-0.28739415  0.14728036]
 [ 0.30957673 -0.12738956]
 [ 0.09668601  0.11350753]
 [-0.01483848 -0.13493712]
 [ 0.21864209  0.0606994 ]
 [-0.0741195   0.44223935]
 [-0.08628629  0.00620776]
 [ 0.07724052  0.30510898]
 [-0.26862206 -0.35062772]
 [-0.24139773 -0.15366022]
 [ 0.23575762  0.16299868]
 [-0.17810501 -0.00503981]
 [-0.15732419 -0.05136734]
 [-0.25390678 -0.29920431]
 [-0.15618003  0.18750392]
 [-0.42127713  0.006948  ]]
Singular Values 
[7.26733863 6.42055164]
Singular Vector V (transpose) 
[[-0.38183642 -0.92422992]
 [ 0.92422992 -0.38183642]]

Kinase GSK3B
Singular Vector U 
[[ 5.38948655e-02 -1.45653292e-01  2.76852331e-01 -1.50234458e-02
  -3.81632304e-01 -2.56615048e-01  2.36748081e-01 -1.31671766e-01
   2.22052605e-01 -3.12723893e-01  2.12905070e-01 -2.66268740e-01
   6.67731029e-02 -1.94917112e-01  3.03396903e-01 -1.23005796e-01
   3.95048575e-04 -2.30685456e-01  3.47337756e-02 -2.22204452e-01
   4.44550783e-03  1.10266605e-01  2.91869190e-01]
 [ 1.09106020e-01 -5.91520643e-02 -1.92722948e-01 -3.57971477e-01
   7.00552984e-02  1.54466363e-01  8.12949398e-02  1.22414583e-01
   3.64174096e-01 -3.55028408e-01  4.01534477e-01 -2.07437684e-02
  -1.05835320e-01  4.80706677e-02 -8.98097890e-02  6.23933811e-02
  -2.04759794e-01  3.98106072e-01  1.22933175e-01  5.10481693e-02
   2.57674873e-01 -1.88539697e-01 -5.54393435e-02]
 [ 2.54875199e-02 -3.49352722e-01  3.04381157e-01  3.19988180e-03
   1.33359756e-01 -2.38812020e-02  4.66961126e-03 -4.27842244e-02
  -2.10133556e-01 -2.29243026e-01  3.34617592e-02 -1.13252715e-01
   1.77333311e-01 -1.47755667e-01 -4.95872608e-01 -5.95217683e-02
   1.04629875e-01  2.53939208e-01  8.84692035e-02  2.60232860e-02
  -4.74072939e-01 -1.86245980e-01  8.77643110e-02]
 [ 2.59847451e-01  4.00514851e-01 -6.15232631e-02  1.10492703e-01
  -1.17513597e-01  2.61890698e-02 -1.11820026e-01 -2.48308371e-01
   1.70992415e-01 -9.47335600e-02  4.63612673e-02  4.73737364e-02
  -1.44627493e-01 -1.77273450e-01 -1.59920324e-01 -1.17664807e-01
  -3.30020765e-01  9.64282993e-02 -4.59713328e-01 -1.89097100e-01
  -3.66794070e-01  7.95759484e-02 -1.63926606e-01]
 [ 2.30691273e-01  1.21438671e-01  3.06834655e-01  2.78200343e-01
   1.37325616e-01  9.36518837e-02  1.77277312e-02  2.95937834e-01
   1.73215859e-01 -1.85081552e-01 -1.02529494e-01 -1.26315290e-01
   3.18793295e-02 -2.56949729e-02  2.24735601e-01  3.39951445e-01
   2.92829542e-01  7.07190636e-02  8.19264358e-02 -2.40059684e-01
  -4.94157274e-02 -6.78050604e-02 -4.73668716e-01]
 [ 5.51715018e-02 -1.35423616e-01  3.20606603e-01  4.81855690e-02
  -1.33857617e-01  1.36615665e-01 -2.94274395e-01  8.64231164e-03
  -4.46919966e-02  4.98581643e-01  4.56693693e-01 -1.74730227e-01
  -2.71687107e-01 -2.07101424e-01 -3.12190877e-02  2.08759905e-01
  -2.28323591e-01 -9.78793495e-02  1.45083982e-01  7.68731856e-02
   1.47308218e-02 -5.06392845e-02 -8.86513406e-02]
 [ 3.31944265e-01  1.37198870e-01 -1.51901362e-01 -1.78083488e-01
   2.46851681e-01 -1.08047751e-01 -9.27602263e-02  3.66826048e-02
   2.58372520e-02  1.05130745e-01  1.29215610e-01 -2.67883896e-01
   2.36545800e-02  1.36838218e-01  3.49453469e-01 -4.01124959e-01
   9.25081158e-02 -1.07316999e-01  2.20587236e-01  2.96765483e-01
  -3.95721780e-01 -1.15900746e-01 -6.57876217e-02]
 [ 3.25639117e-01 -3.01447046e-01 -1.55651383e-01  2.43429113e-01
  -2.75596523e-01  1.63765393e-01  1.55403724e-01 -1.16732915e-01
   7.61095688e-02  8.28084593e-02  6.56641095e-02 -1.41614303e-01
   5.17815950e-02  8.92445779e-02 -1.02093178e-02  8.81314753e-02
   3.22168965e-01  1.63475897e-01 -3.70888637e-01  4.72731621e-01
   7.03458397e-02  1.62338765e-01 -2.58364381e-02]
 [ 7.67800597e-02 -4.54071348e-01  1.17137283e-01 -1.37582887e-01
   1.37247051e-01  8.69254604e-02 -2.29066542e-01  1.49374840e-01
   2.37866597e-01 -4.12906155e-02 -3.74780117e-02  2.80135663e-01
  -3.67406907e-01  1.04441363e-01 -5.33771751e-02 -3.53170364e-01
   2.11486996e-01 -2.84521030e-01 -2.68420401e-01 -1.95137707e-01
   2.14821523e-02  1.07580944e-02 -7.79231614e-02]
 [ 2.93505125e-01 -4.51985984e-02 -1.60806689e-01 -2.01880703e-01
  -3.03018353e-01  1.91269569e-02 -2.37538663e-01 -1.48314066e-01
  -4.12458852e-01 -4.54426659e-02  6.23874279e-02 -1.94475468e-02
   2.66429906e-01 -8.72944010e-02 -8.97130902e-02 -2.27390008e-01
   1.43216617e-01  1.38527476e-02  1.47361370e-01 -3.02921394e-01
   2.93093286e-01  5.27692639e-02 -3.70005494e-01]
 [ 3.15140541e-01  1.62776728e-02 -1.42600950e-01 -1.78725081e-01
  -1.61401533e-01  3.89372043e-01  2.16872911e-01 -1.51644217e-01
   1.65251782e-01  6.41955734e-02 -3.76530294e-01  1.05320150e-01
  -1.96904564e-01 -2.53823452e-01 -1.42899778e-01  1.59843952e-01
   6.99522830e-02 -2.27212877e-01  4.05508184e-01 -1.79695017e-02
  -1.37716321e-01 -6.09798231e-02  1.51739863e-01]
 [ 1.10758903e-01 -3.43687608e-02  3.42133760e-01  1.38163495e-01
   3.09035531e-01  1.62323822e-01 -1.15202402e-01 -3.00851746e-01
   2.30107267e-01 -6.65588365e-02 -2.76620865e-01 -1.40021871e-01
   2.64831426e-01 -4.42558915e-02 -6.83578379e-02 -2.46797949e-01
  -3.23496823e-01 -7.35607373e-02  8.13477336e-02  2.38826581e-01
   3.77886667e-01  1.05494117e-01 -7.71102129e-02]
 [ 1.97880747e-01 -2.37291426e-01  1.04420297e-02 -4.01399579e-01
   2.64140876e-01 -2.25122041e-01  2.63961892e-01 -1.24624793e-01
  -2.92959375e-01  2.10286777e-03 -1.88618279e-01 -2.34988529e-01
  -1.51818995e-01  1.81560700e-02  1.01663603e-01  3.49513470e-01
  -2.61729422e-01 -1.30323997e-01 -3.00485252e-01 -3.51688862e-02
   3.35007188e-02 -3.85744818e-03 -1.64304109e-01]
 [ 3.96240735e-02 -1.45352530e-02  4.24354795e-02  1.67146453e-01
  -1.76630629e-01 -5.00798377e-01 -5.88978455e-02 -4.18737517e-01
   1.48384322e-01 -3.80880982e-02 -7.37699863e-02  9.24221432e-02
  -2.94302713e-01  4.11465197e-01 -1.68377459e-01  9.57631324e-02
   4.98999143e-02  1.79687994e-02  2.66890197e-01  6.86920793e-02
   4.06565573e-02 -2.45616283e-01 -1.89838372e-01]
 [ 1.50961190e-01 -3.07837144e-01 -3.17887039e-01  3.52914456e-01
   9.55925592e-02  4.92781880e-02 -1.88377999e-01  7.27306784e-02
  -3.31829327e-02 -1.73750422e-03 -1.23610275e-01 -2.70950645e-01
  -1.26194170e-01  2.36964246e-01  6.80933112e-02  2.39711134e-02
  -2.67778888e-01  2.09028659e-01  2.04671168e-01 -3.65166210e-01
  -7.29371671e-02  2.89768806e-01  2.39784828e-01]
 [ 7.97212670e-02  5.15854830e-02  2.00634869e-01  1.44396210e-01
  -3.01333321e-01  3.23458617e-01  7.69084109e-02  2.13376600e-01
  -4.10317615e-01 -3.44700035e-01 -5.23436379e-02  7.33552071e-02
  -1.75942284e-01  3.37398142e-01  1.18029754e-01 -1.24201804e-01
  -3.18689227e-01 -1.41091296e-01 -1.37995931e-02  1.86512073e-01
  -1.72337228e-02 -2.37967597e-01  1.36005003e-02]
 [ 2.80360850e-01  1.66324674e-02  1.36240700e-01 -2.00167047e-02
  -1.87894102e-01 -2.51641465e-01  9.69386582e-02  3.56668105e-01
   9.81381889e-02  3.88218303e-01 -3.03644950e-01 -1.66308157e-02
   6.86307228e-02 -6.81243017e-02 -2.39200170e-02 -2.10235158e-01
  -1.09912095e-01  3.15695607e-01 -1.25696962e-01 -1.09600568e-01
   1.73242532e-01 -3.92308958e-01  1.91057395e-01]
 [ 2.94487720e-01  3.29273050e-02 -5.34233549e-02  4.11377045e-02
  -6.45000352e-03 -2.26307182e-01  1.01779692e-01  3.80987680e-01
