Method Singular Value Decomposition(One of the PCA methods)
X = U(SIG)V*

X shape (nxm)

U shape (nxn)

(SIG) shape (nx1)

V shape (nxm)

Kinase AURKA
Singular Vector U 
[[ 0.28818944  0.20652782  0.02735191  0.1366271   0.21597781]
 [-0.18851885  0.06683466  0.12253791  0.11743779 -0.1342382 ]
 [ 0.00673447  0.39499961 -0.18098576 -0.14821077  0.25548579]
 [ 0.00459329  0.3215725   0.44010515 -0.27834948 -0.18500955]
 [ 0.14332385  0.20000638 -0.14826179 -0.10582216 -0.13980684]
 [-0.23321616  0.21695998 -0.06610399  0.18264715 -0.37312745]
 [-0.06583953  0.02531522  0.31823837  0.41946019 -0.01450723]
 [-0.35942753  0.07177941 -0.06307131 -0.21706535 -0.12087902]
 [ 0.10349503  0.50497818  0.23868824 -0.1333413   0.13326238]
 [ 0.03711238  0.16840594 -0.19920876  0.30193284 -0.27858355]
 [-0.15612783  0.05059599  0.08636278  0.19127446 -0.25083447]
 [-0.28540761  0.08103011 -0.32877549 -0.02787119  0.20130489]
 [ 0.19855515  0.09382677 -0.15390787  0.29847387 -0.02798837]
 [-0.34399113 -0.14787316  0.06343875  0.02997619  0.29028031]
 [ 0.01250353 -0.20630188 -0.07784515 -0.10239365  0.11021569]
 [ 0.02578158 -0.24420096 -0.07323783  0.03758045 -0.07492796]
 [-0.13404468 -0.07804279  0.15851479  0.44301285  0.20303963]
 [-0.35173109  0.24439185 -0.22923257  0.13045803  0.28074608]
 [ 0.06008107 -0.14682826  0.29210803 -0.19371125  0.18613248]
 [-0.29921548 -0.00926269  0.31546227  0.01349809  0.28067234]
 [-0.12032134  0.2757422   0.08476645  0.13258287  0.03824354]
 [-0.36470451 -0.03510858 -0.1096311  -0.28933168 -0.26400423]
 [ 0.1186614   0.10244936 -0.30515046 -0.00300079  0.23663569]]
Singular Values 
[9.58108778 7.34657542 6.8850182  5.83741656 4.081026  ]
Singular Vector V (transpose) 
[[-0.54811903 -0.74686457  0.09523903 -0.35339584  0.08831624]
 [-0.25056817 -0.12772631  0.29134834  0.831904    0.379412  ]
 [-0.1626082   0.23680915  0.8541359  -0.12203439 -0.41598014]
 [-0.43205563  0.55371663  0.02087751 -0.33799778  0.62613693]
 [ 0.65089756 -0.25139337  0.41959704 -0.23219008  0.53212765]]

Kinase IKBKB
Singular Vector U 
[[-2.91153889e-03  1.93575592e-01  4.13405160e-02 -5.49655923e-02
  -2.63924315e-01 -1.57873953e-01  5.10050575e-01]
 [ 1.05821777e-01  1.86384164e-01 -4.26343329e-01 -1.07499828e-01
  -2.48035275e-01  2.74456086e-01 -2.11460033e-01]
 [ 3.41941971e-02  9.20689005e-02 -1.87215011e-01 -1.89810257e-01
   1.71209768e-01  2.28615093e-01 -1.23747254e-01]
 [-9.76352872e-02 -1.22797902e-02 -3.13806022e-02 -5.38219332e-01
   3.47995973e-02 -2.44102068e-01  1.73488606e-01]
 [ 4.20757449e-01  2.22857211e-02 -7.23564053e-03 -1.47701192e-01
   1.13862897e-01 -2.51480133e-02 -2.22020181e-01]
 [ 4.21982668e-02 -2.38510906e-02  1.24154716e-02 -2.13241682e-02
  -3.01146904e-01 -3.96015354e-01  1.13772650e-01]
 [-1.81936378e-03  1.62786860e-01 -3.58175591e-02 -1.88953463e-01
   2.74142956e-01  2.26611366e-02  1.29393589e-01]
 [ 4.44434120e-01 -6.90208114e-02 -1.08446430e-01 -3.55290643e-02
   3.17802644e-01  9.06372080e-02  2.07158564e-03]
 [-1.15478446e-01  3.66147121e-01  3.38872398e-01  4.55327871e-02
   4.63231434e-02  3.98425170e-01  1.10275558e-01]
 [-4.73288416e-02  2.62376913e-01  1.28210145e-01 -2.10972888e-01
   2.21377800e-02  1.54477743e-01  6.99407776e-03]
 [ 2.52676727e-01  2.90076328e-01  2.43166551e-01  5.49925733e-02
  -2.35655231e-02 -2.33965221e-01 -8.02558132e-03]
 [ 1.53375192e-01 -1.80676605e-02 -4.94463997e-01  1.06721339e-01
  -1.31335855e-01 -1.40460736e-01  4.69457682e-04]
 [ 6.39187726e-02  5.44783244e-01  5.40662350e-02  1.72216287e-01
   1.16205762e-01 -1.53879320e-02 -1.53367440e-01]
 [ 4.00647362e-01  9.63533202e-02 -1.43204572e-02 -1.19127000e-01
  -1.38798358e-01  3.64838130e-02  1.43924026e-01]
 [-2.94874875e-01  1.10058876e-01 -2.06569125e-01  2.69974871e-01
  -1.50359160e-01  4.02966132e-02 -1.77357416e-01]
 [ 3.14627464e-02  5.99015637e-02 -3.56524209e-01 -8.28657185e-02
   4.85458129e-02  7.53527598e-02  1.77426887e-01]
 [ 2.45047656e-01 -1.68059115e-01  2.54721644e-01  2.77271424e-01
   1.03528956e-01 -2.27143509e-01 -2.61269359e-01]
 [ 1.36024027e-01  3.64986453e-01 -4.06993524e-02  1.75296258e-03
  -2.55076665e-01 -1.56438364e-01  2.68576817e-02]
 [ 4.90980722e-02  1.20855172e-01 -1.75158751e-01  1.67889400e-01
   5.18916410e-01 -1.92570848e-01  3.16753406e-01]
 [ 2.39111939e-01 -2.66049289e-02  7.50855366e-03  2.76639552e-01
  -2.70163771e-01  2.84729857e-01  1.28613659e-01]
 [-2.54945352e-02  2.15420718e-01 -1.55619519e-01  3.19300887e-01
   6.08757372e-02 -2.67674891e-01 -5.15122649e-02]
 [-2.70710655e-01  7.96108291e-02 -1.92748794e-01  2.22059335e-01
   2.41559804e-01 -4.60499308e-02  1.34680923e-01]
 [-1.84902184e-01  2.19468174e-01 -2.80453336e-02 -2.88126734e-01
   1.46909626e-02 -2.96264969e-01 -4.94612626e-01]]
Singular Values 
[10.23663099  9.16937488  7.99117852  7.45027506  6.3150394   5.09667287
  4.44984402]
Singular Vector V (transpose) 
[[-0.21710779 -0.24130806  0.43430752  0.48601237  0.56474775 -0.03263419
   0.38703821]
 [ 0.55652586  0.61997192  0.13800251  0.38079346  0.01686907  0.36927809
   0.07221195]
 [-0.40168109  0.35107147 -0.12361668  0.55246898 -0.08951655 -0.41240433
  -0.46562594]
 [ 0.16589281 -0.29328267 -0.12092846  0.03953551  0.4986432   0.3610785
  -0.70089612]
 [-0.36969221  0.09738553 -0.71467497  0.13952069  0.13110433  0.44702689
   0.32649044]
 [-0.12160334 -0.41832883  0.20947785  0.38748186 -0.63487674  0.45356352
  -0.08603556]
 [-0.55028661  0.40454467  0.45583574 -0.37735272  0.0621317   0.39567761
  -0.15141281]]

Kinase RPS6KA1
Singular Vector U 
[[-0.30981741 -0.29706719 -0.00916461  0.09346586  0.16990853 -0.1443762
   0.31978865]
 [-0.3024349   0.31168337 -0.1357544  -0.22964252  0.49077744 -0.07626233
   0.20638473]
 [-0.0373344   0.16357773 -0.30857945 -0.04286933  0.11077069  0.09260448
  -0.20268063]
 [-0.00620488 -0.38870863 -0.19369212 -0.20106187  0.11344243  0.294763
  -0.03004675]
 [-0.01400577  0.14081133 -0.15484612  0.22063608  0.23921943 -0.17215856
  -0.10491542]
 [-0.21483616  0.14245444  0.0582074   0.18701282  0.12790641  0.25535048
  -0.07233698]
 [ 0.09499774 -0.22666611 -0.18226116  0.00512362 -0.0344537   0.08113499
   0.05372517]
 [-0.35788901 -0.10130127  0.40611512  0.13194499  0.09481636  0.14676191
  -0.08730382]
 [ 0.1745157   0.20278133 -0.19208877  0.22734618  0.2781305  -0.03330167
  -0.06366334]
 [-0.09633418 -0.33875532 -0.11938149 -0.00358888  0.00415961 -0.49960404
   0.05917609]
 [-0.02529857 -0.25791477  0.13759086  0.32612634  0.21372406 -0.14034389
  -0.07655176]
 [-0.38327265  0.1155048  -0.00489374  0.02401331 -0.33142289 -0.07245183
  -0.35042573]
 [ 0.08611895 -0.03712801 -0.02606745 -0.37750919  0.04174028  0.16519396
  -0.44853791]
 [-0.2552283  -0.25858965  0.02832462 -0.20398548  0.05750132 -0.03302661
  -0.18491557]
 [ 0.05881877  0.30342574 -0.16214146  0.20284661 -0.12203218 -0.2565808
   0.06577166]
 [-0.0117927   0.09862927  0.41501108 -0.15154111  0.35855487 -0.33904958
  -0.34919255]
 [-0.39264688  0.13739996 -0.18408254 -0.1249806  -0.24291001 -0.18383743
   0.12837214]
 [-0.04187782 -0.18853749 -0.22370871  0.36756075 -0.11835509 -0.17957755
  -0.44219602]
 [ 0.13851871 -0.14804484 -0.31938059 -0.23288219  0.31713226 -0.14345843
  -0.07544419]
 [-0.19330688 -0.18164234 -0.24236369  0.16292127  0.05814863  0.17705091
   0.09718091]
 [-0.02902512  0.00859344 -0.217413    0.26255076  0.12216934  0.19808718
  -0.22519496]
 [-0.37391673  0.13899186 -0.22504291 -0.14850482 -0.05246258  0.09746957
  -0.07172798]
 [-0.10529478  0.02200358  0.10263971  0.256556    0.21289902  0.32152275
   0.07446583]]
Singular Values 
[10.938377    8.81425786  7.65317489  6.91277616  5.94430517  5.6140338
  4.39668789]
Singular Vector V (transpose) 
[[-0.20850537 -0.5966042  -0.423253   -0.4871398  -0.04815224 -0.03687311
  -0.42480865]
 [ 0.37921729  0.10670877 -0.10292126  0.43778604 -0.4148947  -0.0633084
  -0.68294401]
 [-0.7462225  -0.10464239  0.4390903   0.3069358  -0.05121397  0.24025991
  -0.29128057]
 [ 0.1788685   0.07381404  0.15436587 -0.36993644 -0.47147228  0.7583916
   0.06657191]
 [ 0.17544168  0.05080622 -0.1830242   0.14498576  0.73668529  0.5435114
  -0.27204844]
 [-0.41772985  0.41828243 -0.73048971  0.17053762 -0.19818934  0.15251189
   0.15907359]
 [-0.13638104  0.662372    0.16285554 -0.53839734  0.13656695 -0.20756987
  -0.40562808]]

Kinase CDK6
Singular Vector U 
[[-3.02929517e-01  1.64292644e-01 -1.05147523e-01 -1.92674348e-01
  -2.45215081e-01]
 [-1.60564023e-01  1.94634801e-01  1.47537251e-02 -1.12941541e-03
  -4.77254186e-01]
 [-2.81396583e-01  9.02113863e-03 -4.27456114e-02 -8.39028353e-03
   4.90164140e-02]
 [ 5.83250231e-02 -2.63250145e-01 -1.57830140e-01 -3.85825029e-01
  -2.02195250e-01]
 [ 1.80018218e-01 -3.36023014e-03 -2.42212042e-01 -6.58941140e-02
  -6.66267880e-02]
 [-3.59346797e-01  2.12336926e-01 -8.44578572e-02  2.08296463e-01
   9.88610524e-02]
 [-3.20301139e-01 -1.13492355e-01 -1.80009442e-01 -1.04132869e-01
  -8.92026469e-02]
 [-1.88571393e-01  3.95925431e-03 -3.52440560e-01  2.54058505e-01
   6.78827239e-02]
 [-3.19947780e-01 -5.30506170e-02 -4.73214138e-04 -2.30319235e-01
   3.05821467e-01]
 [-2.22648698e-01 -1.50138475e-01  8.14716305e-02  9.95068293e-02
  -5.09449458e-01]
 [-1.37557346e-02  3.72898252e-01 -4.33421750e-01 -1.32322616e-01
   2.42150312e-01]
 [-2.76559343e-01 -4.92052059e-02  2.00277520e-01 -2.04987162e-01
   2.44152992e-02]
 [ 1.66843784e-01  1.66127311e-01  3.42611166e-01  5.58008682e-02
  -2.13446444e-01]
 [-2.52265769e-01 -5.45222296e-02  3.19023810e-02  1.19962148e-01
   1.87615522e-01]
 [ 8.98289149e-02  2.65098551e-01 -1.61871047e-01  1.27781108e-01
  -2.71352770e-01]
 [ 2.82450985e-02  3.60964761e-01 -7.14155577e-02 -3.59404271e-01
  -1.23320741e-01]
 [ 3.82574996e-02  4.50383262e-01  3.51194139e-01 -3.03089695e-02
   1.13552766e-01]
 [-1.75642158e-01 -1.69055370e-01  3.33871053e-01 -1.16356227e-01
   8.56668149e-02]
 [-3.22254520e-01 -2.18898595e-02  1.53285115e-01  2.05935101e-01
  -1.88371324e-02]
 [-1.62806149e-01  2.97528053e-01  1.98230062e-03 -1.28372499e-01
  -7.28734351e-02]
 [-6.51893901e-02 -6.72669477e-02  1.49206863e-01 -3.97718278e-01
  -2.57580202e-03]
 [ 6.00387471e-02  5.81062586e-02  5.69293136e-02 -3.91518601e-01
   1.30053480e-01]
 [-2.64812716e-02  2.85388709e-01  2.67309189e-01  1.43285250e-01
   1.31597926e-01]]
Singular Values 
[8.44117266 7.73527984 7.31614887 6.55305484 4.9384748 ]
Singular Vector V (transpose) 
[[-0.30004972 -0.18872585 -0.11796389 -0.88681932 -0.2720087 ]
 [ 0.86483833  0.2540491   0.16839048 -0.3919282   0.07450267]
 [ 0.06437188 -0.51736426  0.78556977  0.08284018 -0.32281281]
 [-0.01290813  0.52759742 -0.01081726  0.14994436 -0.83598686]
 [-0.39713281  0.59482501  0.58351717 -0.17492276  0.34260544]]

Kinase HIPK2
Singular Vector U 
[[ 0.0255949   0.42401647 -0.05650043  0.11204678]
 [ 0.12194099  0.27331472  0.24324261  0.23028526]
 [ 0.29838439  0.18550801  0.03972438  0.15791901]
 [-0.14833535  0.19385271 -0.0547647   0.21594041]
 [ 0.11498269 -0.39418624 -0.08457635  0.45068502]
 [ 0.06149241  0.04388053 -0.10472077 -0.04433362]
 [-0.04100658 -0.04534891 -0.33516744  0.16657643]
 [-0.04718594  0.09150004 -0.0885307   0.25927039]
 [ 0.06769556 -0.0041209   0.00725994 -0.16375641]
 [-0.18167282 -0.07990668 -0.23362482  0.05083704]
 [-0.34419091  0.02979741  0.1584123  -0.00173892]
 [ 0.28192538 -0.18393884  0.29202097 -0.03308147]
 [ 0.18324566 -0.17324272 -0.15780988 -0.11778713]
 [ 0.20136904  0.17247296 -0.02962042 -0.04452281]
 [-0.05332876  0.33332926 -0.1435238   0.18918919]
 [-0.07944944 -0.27067351 -0.31006104  0.01486115]
 [ 0.33269447  0.03263434 -0.46188887 -0.32811457]
 [-0.16703894 -0.04938054  0.11373377 -0.50331113]
 [ 0.13493159 -0.1135391   0.38851997 -0.07729119]
 [ 0.31298127  0.08498411 -0.06564011  0.14271473]
 [-0.02674231  0.21480756 -0.31142178 -0.21799002]
 [ 0.33982934 -0.30787219 -0.05081389  0.13600653]
 [ 0.40343041  0.23659997  0.07841012 -0.16458027]]
Singular Values 
[9.12737806 7.66274033 6.57149806 5.95439403]
Singular Vector V (transpose) 
[[ 0.76136455  0.419236    0.34898309  0.35039408]
 [-0.08727424 -0.08063712  0.83175022 -0.54228445]
 [ 0.5150691   0.04004237 -0.42622366 -0.74258591]
 [ 0.38394148 -0.90340215  0.06881689  0.17809474]]

Kinase RPS6KA3
Singular Vector U 
[[-0.13509024 -0.05569142 -0.3314438   0.3990573 ]
 [ 0.10641262  0.10414117  0.33763927  0.39176164]
 [ 0.10447647 -0.16243657 -0.12471816  0.1805107 ]
 [-0.20565988 -0.27493345  0.08871182  0.09433627]
 [-0.02224458 -0.12654683 -0.01674471  0.0710333 ]
 [ 0.34110864 -0.06580999  0.05313873 -0.15498476]
 [-0.14640907 -0.27402732 -0.22254402 -0.06125963]
 [ 0.34874447 -0.34117222 -0.15685011  0.24864916]
 [ 0.09576981 -0.08457327 -0.36908279 -0.13291892]
 [-0.10738034 -0.1183961  -0.00577882 -0.27222836]
 [-0.25744223 -0.1136059  -0.10937132  0.2817834 ]
 [ 0.37114646  0.22210767 -0.19000431  0.24875394]
 [ 0.12057114 -0.12656071  0.08626704  0.17796222]
 [ 0.14296087 -0.33369023  0.08476073  0.11716168]
 [ 0.15496876 -0.30045325 -0.21056126 -0.268133  ]
 [ 0.21897017  0.10810335  0.30266833  0.09059734]
 [ 0.4182898  -0.16537879 -0.17484739 -0.12993218]
 [-0.15686802 -0.29751427  0.15668181 -0.13050469]
 [-0.07108072  0.0428511   0.02775661 -0.23487761]
 [-0.19856735 -0.08263933 -0.13156136  0.31982584]
 [-0.12526991 -0.32165221  0.29280534  0.01233969]
 [ 0.25648475 -0.09710497  0.34305466  0.00514408]
 [-0.010392   -0.34941521  0.25293785  0.03228238]]
Singular Values 
[9.06047784 7.88091924 6.73522397 6.01170223]
Singular Vector V (transpose) 
[[ 0.32012059  0.73643671  0.40888865 -0.43358258]
 [-0.74204057  0.06007562 -0.2020393  -0.63635433]
 [ 0.25065297  0.39623617 -0.88290578  0.02544358]
 [-0.53298376  0.54502182  0.11165834  0.63750447]]

Kinase AKT1
Singular Vector U 
[[ 0.20426706 -0.11871984 -0.16210777 -0.21074583  0.40808052 -0.02147313
   0.39526567 -0.04901615  0.16860256 -0.04434492  0.01356035 -0.19430291
   0.18190365 -0.04775595  0.20731201 -0.09777751  0.27792803 -0.17597386
   0.0705752  -0.0403834   0.02226816  0.48879627  0.1933398 ]
 [ 0.24315141  0.11509328 -0.07010785  0.24818861 -0.26681198  0.05785698
   0.12687179 -0.17834005 -0.03696241 -0.18735735 -0.15146953 -0.40150935
   0.25527233 -0.08272753 -0.13810474  0.00377983 -0.15779599  0.0628274
  -0.24985365  0.12116427 -0.4738597   0.1890103  -0.24645764]
 [ 0.17355198 -0.41355851  0.01928916  0.04621525  0.23743777 -0.10483326
  -0.38110381 -0.23598354 -0.05290785 -0.0468006   0.27879573 -0.25134358
  -0.33786532  0.32456291  0.12687091 -0.24284672 -0.16619779 -0.13924944
  -0.11668882  0.07415302 -0.13047782 -0.00395933 -0.06651228]
 [-0.26861952  0.03693931  0.14219304  0.32069476 -0.15223924 -0.00589326
   0.27104446 -0.12036167  0.33005651  0.02062066  0.1859727  -0.05747561
  -0.25265423 -0.01326445  0.11999655 -0.06929464  0.2135489  -0.14807901
   0.42547896  0.23830595 -0.3548313  -0.14727256  0.09402993]
 [ 0.36955543  0.01063113  0.40200288  0.14758626 -0.0899171  -0.0212205
   0.11653211  0.21620854  0.17335598  0.06319345  0.02964583 -0.07851552
  -0.11213711 -0.01722239 -0.14211681 -0.130734    0.45370253 -0.21261173
  -0.40125785 -0.05935109  0.2127484  -0.20478604 -0.13052951]
 [ 0.03532095  0.08026983  0.06841227 -0.06055844 -0.07128332 -0.057924
  -0.31686951  0.20170212 -0.2367012   0.11843175 -0.36685217 -0.0496179
  -0.28807262 -0.21749317  0.16807718 -0.12787711  0.26730576  0.16641169
  -0.07660817  0.38843498 -0.1754304   0.23393364  0.33324309]
 [ 0.139467   -0.06972085  0.19177415  0.13635178 -0.22314772  0.04342673
   0.14631727 -0.14865871 -0.38917945  0.07509736  0.19451261  0.29590564
  -0.17763855 -0.04443    -0.14099753  0.21401566 -0.10509116 -0.32295485
   0.1136807   0.18561778  0.18622142  0.48826537 -0.08728741]
 [ 0.12505544  0.04350487  0.32794297 -0.45735328  0.16584887 -0.09824537
  -0.08992876 -0.11171728 -0.20818479  0.02313499  0.17780453  0.19843843
   0.29920162  0.06371019 -0.19040221  0.03066019  0.27351654  0.05408636
   0.18657094  0.13870104 -0.42052098 -0.14146306 -0.18370862]
 [ 0.07971193 -0.44531078  0.17784136 -0.10642862  0.06478252  0.3446771
   0.42178636  0.30997374 -0.09994933  0.04789866 -0.12576667  0.05779361
  -0.16180741  0.10919525 -0.10375508  0.11201177 -0.27143922  0.13938222
  -0.09030432 -0.0236856  -0.27911745 -0.14478747  0.24870101]
 [-0.0944163  -0.08203781  0.17544063 -0.32632166 -0.19620868 -0.0214235
   0.06334232 -0.15606509  0.35398181 -0.32719317 -0.18060111  0.37775144
   0.01231456 -0.01551437  0.36112672 -0.12713029 -0.19185973 -0.10926159
  -0.28953423  0.26357493  0.02189462  0.04122743 -0.14455875]
 [ 0.10285038  0.0786244   0.10057722  0.12127108  0.30109634  0.22358305
  -0.1308608   0.29746516 -0.08219195 -0.41174287  0.21505824 -0.06935231
   0.13193796 -0.49227945  0.0412843  -0.09569408 -0.23240855 -0.1963054
   0.14953731  0.24671929  0.09109579 -0.17238698  0.02015194]
 [ 0.08303142  0.24524428  0.48240345 -0.18389236  0.07704443  0.01439719
  -0.07145137 -0.3361579   0.28482247  0.18151375  0.04762456 -0.21359133
  -0.16405467 -0.27619232 -0.12901874  0.07194533 -0.32019631  0.16933911
   0.02066004 -0.21000623  0.05510882  0.123463    0.24736911]
 [-0.05986964 -0.16883421  0.4051638   0.22020847 -0.20915765 -0.11965546
  -0.03719863  0.07858701 -0.19088645  0.18737517 -0.01945015 -0.07246037
   0.53028693  0.10934823  0.38199445 -0.28441336 -0.12653688 -0.01073184
   0.1222057  -0.15636889  0.06638675  0.03405621  0.17722874]
 [ 0.29045406  0.26959876 -0.01563711 -0.06198493 -0.12036196  0.10836015
  -0.05919423  0.13095397 -0.08137226 -0.23808148 -0.16888346  0.18339308
  -0.27103753  0.07820527  0.14972638 -0.25935217 -0.03638998 -0.1705199
   0.28734132 -0.56067037 -0.2427266   0.0693632  -0.07887732]
 [ 0.1501214   0.28389913  0.10259713  0.31063911  0.469553   -0.29165454
   0.15577963  0.05111758 -0.05710558  0.18629345 -0.12775255  0.18471346
  -0.08078475  0.08075836  0.3866063   0.31044142 -0.16842503  0.07197568
  -0.11300496  0.05661448 -0.12270773 -0.07447158 -0.20000212]
 [ 0.14780863 -0.17399075  0.14188731  0.37551671  0.14914674  0.30005418
  -0.27055562 -0.27465843  0.15991022 -0.33414035 -0.22533779  0.24048481
   0.14532813  0.15967412 -0.05561793  0.25997377  0.25683548  0.20179869
   0.0990184  -0.04919903  0.05470849  0.06901003  0.18980379]
 [ 0.06962448 -0.03070337  0.07336388 -0.20365057 -0.04705768  0.12728994
   0.14489166 -0.30239973 -0.28433162 -0.06774473 -0.40143209 -0.39667513
  -0.09857798  0.03807185  0.21192239  0.18125336  0.07046798 -0.13035941
   0.26191007  0.10079026  0.29004169 -0.33947936 -0.1534556 ]
 [ 0.33495539  0.15755382 -0.2323141  -0.08367745 -0.26968887 -0.04769681
   0.01336997 -0.16049118 -0.09589996 -0.05957766  0.33914297  0.06587127
   0.0702501   0.01397028  0.25435129  0.27033949  0.02454062 -0.1078441
  -0.19078661 -0.0008484  -0.07544589 -0.28736737  0.53772688]
 [ 0.2006581   0.08436311  0.03082302 -0.13558106 -0.20009477  0.32043454
  -0.10175616  0.31203893  0.20176056  0.07555359  0.31702113 -0.17276076
  -0.02243822  0.22026092  0.31333999  0.20815126  0.02723322  0.37507233
   0.17270979  0.14607014  0.11752824  0.18980134 -0.27043115]
 [ 0.08599436  0.30415492  0.08076402 -0.04811769  0.01643673 -0.22871614
   0.01665179  0.22208776  0.12626137 -0.19283802 -0.15464689 -0.1093019
   0.06771953  0.56961936 -0.31590918 -0.02643076 -0.21463373 -0.15759827
   0.15094861  0.29685336  0.12941624  0.04551477  0.26439055]
 [-0.06665092 -0.31372867  0.12235859 -0.06072806 -0.1511992  -0.55750138
  -0.07495675  0.25528467  0.06021122 -0.35692715  0.00271935 -0.17391808
  -0.07286882 -0.16558086  0.01231752  0.45726375  0.04887791  0.01126268
   0.10156583 -0.2143821  -0.06080681  0.08657161 -0.02802419]
 [ 0.25916234 -0.20312055 -0.16751006 -0.03580376 -0.06296537  0.05217529
  -0.29710976  0.10191046  0.3570683   0.45558086 -0.25538813  0.06244919
   0.16528321 -0.13195829 -0.04700085  0.19507332 -0.13568575 -0.43195189
   0.18815426  0.06692091 -0.12586866 -0.05974542 -0.05859783]
 [ 0.47178965 -0.19610897 -0.16568673  0.07397732 -0.09966156 -0.33498343
   0.18243794 -0.10418227  0.06864158  0.0126471  -0.02978335  0.18455744
  -0.04224882 -0.17718204 -0.11181481 -0.30691993 -0.09800394  0.43488414
   0.29182108  0.15431744  0.18293255 -0.13297284 -0.03460847]]
Singular Values 
[13.98245262 12.85177653 11.674949   10.4823729   9.92342332  9.17293884
  8.72578024  8.22897921  7.56077553  7.42063021  7.12683703  6.92773198
  5.39798881  5.13904998  4.69930778  4.24171554  3.84246444  3.69729766
  2.85827585  2.23544968  1.82998495  1.55430076  0.92749495]
Singular Vector V (transpose) 
[[ 0.25201298  0.12312152  0.05133009  0.22999319  0.12731768  0.28884849
   0.14561622  0.273469   -0.15283059  0.25092459  0.05339541  0.11946507
   0.24582105 -0.10576546 -0.02941369 -0.17023938  0.24807624  0.39687955
   0.10910922  0.22700598  0.23730846  0.07438778  0.28160166  0.17940597
   0.08148735 -0.05287045]
 [-0.22217289 -0.29967336  0.19139663  0.02627589 -0.0009841  -0.03502974
  -0.4288512  -0.21244956 -0.18577122  0.17139713 -0.08207179  0.18652351
  -0.29215623  0.10045222 -0.06073429 -0.22388     0.16137749  0.10919495
  -0.1087897  -0.1605467   0.31410917  0.01241485  0.31303767 -0.07683504
  -0.20174949  0.1398921 ]
 [ 0.00183526 -0.02084608  0.00942981  0.09706663 -0.2232509   0.01824246
   0.03552266  0.07216947  0.26036454  0.17617392  0.37568774  0.04409567
  -0.15575326  0.10649695  0.058101    0.49222141  0.16368854  0.03226437
   0.26180583 -0.15863003 -0.01697354  0.28711032  0.23752748 -0.27116587
   0.1612709   0.22364375]
 [-0.29686003 -0.12593836 -0.24318376  0.16070563 -0.08671434 -0.12568949
  -0.03778573 -0.07127503  0.20997948 -0.02053085  0.28081812 -0.29012064
   0.19803949 -0.01136835 -0.45882839 -0.27295015  0.29327439  0.00185251
   0.03418887  0.02949121  0.04756004 -0.26648163 -0.04376624  0.02606976
   0.27639461  0.0948294 ]
 [ 0.02631782 -0.12881994 -0.17032516  0.34692123 -0.39552213 -0.08775686
  -0.09143389  0.04840368  0.0579768   0.00897201  0.10287455  0.24772599
   0.26833697  0.35224639  0.14825495 -0.16283644  0.04445636 -0.10698767
  -0.21528237  0.04235891  0.02077107  0.36504934 -0.23693316  0.08566715
  -0.17069324 -0.22509273]
 [ 0.10823438 -0.12078011  0.11173844 -0.1800166  -0.02670043  0.26695618
  -0.1440016   0.08805945  0.41989115  0.09187971 -0.3070641   0.12889791
   0.04480771  0.00061608 -0.29054805 -0.11859762 -0.07296145  0.25003149
   0.04629716 -0.22089346 -0.02456138  0.08512076 -0.20437197 -0.3473218
   0.17855259 -0.33359373]
 [ 0.0707175   0.25231204 -0.0778239  -0.27702462  0.02130782  0.16948478
  -0.01953811 -0.32856376  0.01381785 -0.50526868  0.01480433 -0.0191754
   0.02711696  0.18924273  0.06188208  0.10928572  0.28169821  0.04665541
  -0.14506998  0.03778049  0.46315035  0.17703185 -0.00684581  0.00245879
   0.22119405 -0.06161831]
 [ 0.10024081 -0.07245599 -0.16693551 -0.15080272  0.06917191  0.04953477
   0.19354981  0.42263673 -0.13362798  0.06932651 -0.06951384 -0.35159509
  -0.05421908  0.3085664  -0.01232442  0.03061056  0.29465281 -0.08621493
  -0.39457736 -0.09916549 -0.0098522  -0.1113435   0.11935906 -0.34813949
  -0.2223609  -0.05701412]
 [ 0.08477     0.09177733 -0.29474966 -0.14977713 -0.48147124 -0.08006478
   0.09244414  0.03544849 -0.02058347  0.06133224  0.16079303  0.1087758
  -0.19963081 -0.18619804  0.15329633 -0.03223011 -0.22051146  0.460272
  -0.21471532 -0.09385584  0.1920938  -0.34556282 -0.09737358 -0.02843238
  -0.00933869  0.06357864]
 [ 0.2960631  -0.31617945 -0.20081426 -0.06745295  0.06636106 -0.19511237
   0.06022821 -0.27730189 -0.07647957  0.26124238  0.06479853 -0.27949211
  -0.04233508  0.00727839 -0.16355851  0.10170877 -0.37004998 -0.04634797
  -0.11036684  0.15570628  0.16704481  0.21767425  0.2510707   0.05425886
   0.19440572 -0.30754069]
 [ 0.3027386   0.16298129 -0.00365437  0.00717695 -0.13303977  0.24290701
  -0.23804747 -0.07136693  0.22138863 -0.02190126  0.17464134 -0.31905088
  -0.27798576  0.18076105 -0.04063394 -0.18519855 -0.05182862 -0.06481815
   0.36058234  0.25581669  0.04176525 -0.11678429 -0.02903201  0.03483747
  -0.43749048 -0.0662246 ]
 [-0.08100944  0.03738255  0.06335414  0.03878826 -0.03096886  0.32464314
   0.16236796 -0.50594089 -0.20135254  0.07725856  0.26608237  0.14484641
   0.06310626 -0.10271414 -0.08645485  0.03600821  0.11418995  0.07585936
  -0.20373935  0.19968682 -0.39458934 -0.07516531  0.0212477  -0.34480551
  -0.14777908 -0.18309626]
 [ 0.2055292  -0.15412401  0.23591734 -0.35367444 -0.23608796 -0.10327234
   0.14265767 -0.01795934  0.18754208  0.08410955 -0.04434823  0.29104118
  -0.1065368   0.24789698 -0.02064249 -0.03508485  0.26776454 -0.15394371
  -0.06105591  0.18925264 -0.23574052 -0.27132865  0.19580584  0.34958441
   0.18838799 -0.05131562]
 [-0.24636597  0.00179355  0.20766891 -0.31553874 -0.2698314   0.12514448
  -0.08263313  0.01547022 -0.04275942  0.29357929  0.04412901 -0.37365566
   0.13098922 -0.2590826   0.46203145 -0.23471109  0.11768611 -0.15337439
   0.03606357  0.04211392  0.03925158  0.17387457 -0.04999052 -0.02404073
   0.17591909 -0.11135053]
 [-0.30353788  0.46954275 -0.16716393 -0.23329021  0.04734737  0.00199102
  -0.03204182 -0.09624745  0.10806113  0.50468579 -0.18185923  0.04123876
   0.1049882   0.27801168 -0.21227371  0.1270869  -0.10837685  0.04431147
  -0.11241886  0.16325099  0.02993848  0.11988683 -0.05842953  0.1318752
  -0.11285256  0.19999951]
 [-0.01759374 -0.27981609  0.10919194 -0.33897046  0.26104262 -0.26815564
   0.01433403 -0.00234321 -0.11418948  0.10324498  0.30243182  0.05170692
   0.21453861  0.11956877  0.04311888  0.19030898  0.15409573  0.26885524
   0.26872274  0.02518678  0.13822919 -0.0668665  -0.40762257  0.0179104
  -0.2540661  -0.12079073]
 [-0.2416543   0.28588187 -0.05910605  0.02935521  0.12254558 -0.13364685
  -0.10392904  0.24296852  0.0349946   0.06392165  0.22219184  0.26706674
  -0.25781378 -0.18850716 -0.06137671  0.08921001  0.05940518 -0.29264474
  -0.00696658  0.06675571  0.20316651 -0.13118297  0.06962989 -0.04248658
   0.01410082 -0.59502952]
 [-0.10806519  0.10044012  0.1534633   0.12383942 -0.14214766  0.06894292
   0.15209105 -0.18910905  0.07461498  0.01418002 -0.07094154 -0.22044713
   0.21861154  0.04869959 -0.01832771  0.21200606  0.01615481  0.08698324
   0.03940039 -0.56595475  0.02164126 -0.16558867  0.22889565  0.34893085
  -0.24927783 -0.32679152]
 [ 0.07726923  0.23258974  0.40002751 -0.05999233 -0.06239126 -0.49481878
  -0.05181586  0.05925113  0.25701922 -0.19274317  0.09130051 -0.10556786
   0.18519771 -0.19811943 -0.12747733 -0.08354909 -0.03096636  0.19449305
  -0.25165104  0.16183749 -0.05075051  0.19158507  0.2357483  -0.16141188
  -0.22757512  0.02998159]
 [-0.2216365  -0.06618095 -0.35752428 -0.08211704 -0.13154403 -0.11486979
  -0.2732516   0.07768501 -0.13395656 -0.21346633 -0.29282878 -0.09037959
  -0.04251032 -0.01371698  0.06117947  0.16798399  0.17235135  0.35425925
   0.2255344   0.22907369 -0.35971789  0.11065261  0.22700368  0.06290514
  -0.01974889 -0.23082496]
 [-0.31296146 -0.14758721 -0.01961099  0.02708559  0.02610923  0.00716991
   0.31186207 -0.03277083  0.23032789 -0.11230932 -0.12553527  0.10841012
   0.22592409  0.24178136  0.27463711 -0.10135389 -0.28667495 -0.01577903
   0.22389032  0.24835476  0.2295906  -0.23766907  0.30358996 -0.30261753
  -0.06101172 -0.02849789]
 [ 0.02879987  0.29548164  0.12128643  0.21424943  0.09200965 -0.35873354
   0.2368218  -0.17714909 -0.13747741  0.11070646 -0.07742736 -0.10651604
  -0.31708331  0.33454837  0.14910192 -0.30607916  0.09465125  0.2152308
   0.18274221 -0.13206271 -0.12020882  0.04028073 -0.12720697 -0.14610061
   0.26001483 -0.14974422]
 [-0.08715878 -0.17789704 -0.23239902  0.04298139  0.25693199  0.00129635
   0.34061553 -0.14514648  0.47746917  0.05729332 -0.089444    0.00794668
  -0.30568726 -0.28948873  0.18112439 -0.10330849  0.26018517  0.07979131
  -0.12932912  0.01907009  0.00672239  0.22741955 -0.06737605  0.1823863
  -0.24628724  0.01918574]]

Kinase PRKCI
Singular Vector U 
[[-6.32049865e-02  4.01090909e-01 -2.32066889e-01]
 [ 3.62384832e-01  6.99512205e-02  7.87388337e-02]
 [-1.58778628e-01 -2.15207252e-01 -1.42573876e-02]
 [ 1.08728988e-01 -3.80376142e-01 -2.12886165e-01]
 [ 5.78534489e-02 -1.74408633e-01 -1.56498309e-01]
 [ 1.32767801e-01 -3.61709640e-01 -3.67090691e-02]
 [ 4.20510420e-01  3.81492093e-02 -7.09704199e-04]
 [-1.97442179e-02  2.13476109e-02  4.83202670e-01]
 [ 2.13419727e-01  4.87503894e-02  3.00946626e-01]
 [-2.02891220e-03 -2.91683054e-01 -1.30501558e-02]
 [ 2.91489383e-01  1.12431438e-01  4.04158180e-05]
 [ 1.62450106e-01 -2.58849116e-01  2.18581248e-01]
 [ 2.68556541e-02  2.57568026e-01  2.21162606e-02]
 [-2.39382031e-01 -1.06091913e-02  1.89838990e-01]
 [-5.54516235e-02 -2.58366875e-01  2.99668642e-01]
 [ 1.29307533e-01  1.33019631e-01  4.51186640e-01]
 [ 2.68703262e-01  1.21156514e-01 -2.65016565e-01]
 [-1.21117327e-01 -6.02454735e-02  8.77705783e-03]
 [ 1.88693993e-01 -3.21893626e-01 -2.13931563e-01]
 [-2.40771840e-01  2.93424416e-02  5.07789896e-02]
 [ 3.51947801e-01  8.17608026e-02  3.88964659e-02]
 [ 2.82645599e-01  8.04498633e-02 -2.13683386e-02]
 [-1.02591042e-01  1.61637564e-01 -2.14605669e-01]]
Singular Values 
[8.60050886 6.98985354 5.95024394]
Singular Vector V (transpose) 
[[ 0.84916837 -0.11043057  0.51644765]
 [-0.5280087  -0.15724879  0.83455355]
 [ 0.01094946  0.98136533  0.191839  ]]

Kinase AURKB
Singular Vector U 
[[-0.32590113 -0.04692226 -0.03796044 -0.12210498 -0.00896437 -0.35647749
   0.04684582  0.23873853 -0.09124291  0.05724429]
 [-0.15985873 -0.14207895  0.34963325  0.17288763 -0.06627422  0.15761912
  -0.04215464 -0.30382097  0.09951922 -0.13308518]
 [-0.13760061 -0.09435964  0.39394838 -0.02644001 -0.24972461 -0.05350636
  -0.0831865  -0.48540155  0.06635929 -0.25310685]
 [ 0.14407945  0.06755693 -0.25823151 -0.01771012 -0.03983383  0.0157727
  -0.12222705 -0.43681062  0.01297015  0.38938421]
 [ 0.16313445 -0.20951161 -0.02174939 -0.16140255 -0.24579759  0.13727554
   0.09896394  0.03548498  0.09862632  0.18374893]
 [-0.15431562  0.28885255 -0.14836687  0.12847836 -0.20564228  0.33177285
   0.25475419 -0.21888212  0.04748488  0.01672712]
 [-0.06036387 -0.2120572   0.00534295 -0.21921176  0.0330499   0.10296936
  -0.13511123 -0.27032361 -0.5095974   0.2606695 ]
 [ 0.04599831 -0.24907528 -0.08831751 -0.20075099 -0.1381881   0.16082738
  -0.25424558  0.1424647   0.08122246 -0.21305102]
 [-0.26637845  0.145719   -0.01425124 -0.26435309 -0.06458988 -0.19337956
  -0.28762672  0.08272658  0.29341124  0.23536365]
 [ 0.04751684  0.30676966 -0.22538812  0.19561088  0.33092393  0.25057863
  -0.08095136 -0.08977518  0.18997599 -0.2397024 ]
 [-0.3857571   0.18586175 -0.18170635 -0.38403046 -0.2741738  -0.01160722
   0.11006964 -0.0272607   0.01057896 -0.39300473]
 [-0.06122647 -0.31934399  0.09150795 -0.00172071  0.24728547 -0.16531392
   0.50305797 -0.05607578  0.26540653  0.07346119]
 [-0.13236946  0.24475985  0.56731833 -0.14073469  0.22108813  0.17552839
   0.06603347  0.21641975 -0.19748309 -0.05063108]
 [-0.19362915  0.40514682  0.06078542  0.13944863 -0.01711309 -0.0542982
   0.26519263 -0.09905945 -0.2798927   0.23912668]
 [ 0.14726511 -0.03275063 -0.14856213 -0.03061004 -0.25854859  0.18547339
   0.49209189  0.16541198 -0.04343557 -0.09030134]
 [-0.42805573 -0.24985986 -0.24341164  0.02713815  0.17448794  0.01217389
   0.18184448 -0.0305919  -0.09295033  0.05813703]
 [-0.20127944  0.03866333 -0.14209069 -0.08096627  0.22449458  0.36452651
  -0.24043508  0.14920464 -0.21810642 -0.00552998]
 [-0.26635052 -0.21494403 -0.15653806  0.18110359 -0.31134622  0.12640815
  -0.04825042  0.00341915 -0.16688406  0.00682109]
 [-0.13239052 -0.08898866  0.25398571  0.00943998 -0.15807106  0.48259399
   0.00956192  0.26740277  0.26093933  0.43771905]
 [ 0.13527079  0.35434763  0.06617287 -0.29722534 -0.24101541 -0.16665182
   0.0422882  -0.03133556  0.0975441   0.21586064]
 [ 0.03196125  0.00955167 -0.08201572 -0.48313986  0.20643464  0.26220369
   0.07439687 -0.16996824  0.25099932 -0.06170973]
 [-0.32454601 -0.02747545 -0.04626204  0.03727937  0.27401361 -0.04299033
  -0.00270631 -0.16440999  0.33029229  0.17182324]
 [-0.18170508  0.09144768 -0.04914778  0.40511873 -0.25319322 -0.05915425
  -0.21129655  0.16529077  0.23067789  0.01901081]]
Singular Values 
[12.0523948  10.25883618  9.32824256  8.59705406  7.11966204  6.14241767
  5.9088455   5.25498143  4.49258076  3.14797973]
Singular Vector V (transpose) 
[[-0.41856652 -0.36583073 -0.33362469 -0.26849416 -0.09491245 -0.26033433
  -0.24752511 -0.12450068 -0.36485323 -0.47000648]
 [ 0.18945282 -0.08237314  0.24841156 -0.40348978  0.42092993 -0.08876614
   0.5161494  -0.34682145 -0.39895321  0.04346909]
 [-0.27965347  0.2084284   0.44195801  0.15737783  0.09694357 -0.23046881
   0.05870745 -0.38626189  0.4522743  -0.4884118 ]
 [ 0.38334827  0.22307115 -0.04642908  0.40660599 -0.31673387 -0.42676269
  -0.16181667 -0.42626628 -0.37405134  0.07450209]
 [-0.13558808  0.56704672 -0.25308223 -0.49340352 -0.49434658 -0.02122282
   0.30008263 -0.07723857  0.10234953  0.03544706]
 [ 0.12320646 -0.13916548 -0.66819055  0.12310427  0.32039712 -0.33156217
   0.26422497 -0.14913284  0.43883965  0.08121825]
 [-0.1066055   0.38019356 -0.17863084  0.40744144  0.20762866  0.05080143
   0.37437791  0.40990593 -0.36054575 -0.40287126]
 [-0.36960971  0.33369399  0.10376674 -0.110733    0.36689235 -0.51710259
  -0.28498325  0.23169157 -0.0890116   0.42916554]
 [-0.61802475 -0.1407718  -0.04263558  0.36625466 -0.11946329  0.24061945
   0.28061928 -0.34413004 -0.13314475  0.41856786]
 [ 0.01591004  0.38672326 -0.27291058 -0.06321534  0.40628467  0.50084614
  -0.42743893 -0.40617427 -0.06747241 -0.05972803]]

Kinase ROCK1
Singular Vector U 
[[ 0.17874108  0.16099689  0.1735273  -0.04921347]
 [ 0.21209897 -0.25830075  0.0888899   0.14240601]
 [ 0.31235694 -0.23896907  0.05215327  0.11839616]
 [-0.03109767 -0.30513416  0.33014786 -0.1698001 ]
 [ 0.0091603  -0.06996044 -0.23409622  0.12769022]
 [ 0.28361531 -0.20884375  0.04389116 -0.1381242 ]
 [ 0.26002764  0.23828117 -0.14489394 -0.02569226]
 [ 0.32388854  0.14530338  0.04621266 -0.23733621]
 [-0.08768018  0.04804623  0.24534246  0.4599994 ]
 [ 0.29528131  0.09624264  0.22960461  0.3376908 ]
 [-0.21511061 -0.36577466 -0.33971639 -0.29270712]
 [ 0.23602362 -0.14279207 -0.19058517 -0.10670381]
 [ 0.03030199  0.01274299 -0.34049126  0.39653985]
 [-0.12465328 -0.32872674  0.03322366  0.29827336]
 [ 0.26734245 -0.14402873 -0.24846071  0.06274947]
 [-0.12522383 -0.22653936  0.26107954  0.02849066]
 [-0.07486152  0.07848672 -0.39710034  0.18978595]
 [ 0.14273796 -0.35064813 -0.17679827 -0.08861109]
 [ 0.24530746 -0.16995385  0.15275201  0.01871911]
 [ 0.18852084  0.34880531 -0.07564496 -0.18233814]
 [ 0.25136592 -0.05659184 -0.03222716  0.17731243]
 [-0.14681086  0.02875366 -0.11698362  0.23238121]
 [ 0.25414818 -0.03183684 -0.16159227  0.07423258]]
Singular Values 
[9.47942199 7.61731487 6.76753627 5.84763383]
Singular Vector V (transpose) 
[[ 0.21876677 -0.29529124 -0.00341661  0.93001748]
 [-0.88648332 -0.30742924 -0.32802217  0.10970891]
 [ 0.11007758 -0.85709289  0.40662126 -0.29653644]
 [-0.3926466   0.28927864  0.85267164  0.18734349]]

Kinase PAK1
Singular Vector U 
[[-0.09391714 -0.3112941   0.30964685  0.00505957 -0.19604654  0.1078706
   0.32153809]
 [ 0.06463826 -0.05916229  0.11030653  0.5387702  -0.13091039 -0.39615012
  -0.04061485]
 [ 0.10990018 -0.04182673  0.49197507  0.10679716  0.06086214  0.25751088
  -0.18623611]
 [ 0.23799697  0.02180556  0.09250809  0.35913063  0.1615408   0.28502449
  -0.03533652]
 [ 0.29642953 -0.17769675  0.12993335 -0.0265589  -0.20687175  0.16523246
   0.22886351]
 [ 0.29726869  0.1500602  -0.06882348  0.04290068  0.09551051  0.13430698
  -0.1372054 ]
 [ 0.18787858 -0.1954624  -0.32043877  0.26744066 -0.10958418  0.07465585
  -0.1863196 ]
 [ 0.14273266 -0.39234985 -0.17652378  0.08059019  0.2937542   0.05583044
   0.14727766]
 [ 0.16717287  0.12879078  0.1387893   0.31194379  0.23879565 -0.33135947
   0.16228786]
 [ 0.14797792  0.32435433  0.00163247 -0.06299818  0.16305426  0.00825582
  -0.07234997]
 [-0.01289628  0.31684797 -0.05717384  0.21870257 -0.02913887  0.01062324
   0.05239022]
 [-0.00376785  0.17583331 -0.29653891  0.07985137 -0.30583184 -0.20985758
   0.09527649]
 [ 0.01218712 -0.118695   -0.0091486  -0.27519207 -0.16808061 -0.29402153
  -0.09542642]
 [-0.05486667 -0.24278397 -0.17988049 -0.05935648  0.45442397 -0.32121948
  -0.00132041]
 [ 0.21581865  0.15749606 -0.01208168 -0.22352368  0.17403082 -0.26051555
  -0.19645634]
 [ 0.09018513 -0.36538235 -0.14896354  0.03797002 -0.17267609 -0.08549428
   0.11016479]
 [ 0.45767581  0.05321069  0.09021862 -0.1193358   0.10148697 -0.07997306
   0.29739214]
 [ 0.24159483 -0.11382457  0.19557358 -0.37310678 -0.08217575 -0.17485669
  -0.01191499]
 [ 0.36517343  0.17679097  0.07697451 -0.0263284  -0.2542029  -0.20057305
   0.26088739]
 [-0.1707776   0.13324334 -0.13444579 -0.04135967  0.33071807  0.11751456
   0.64638977]
 [ 0.30110013  0.09841716 -0.34069293 -0.18520805 -0.04362653  0.33839747
  -0.04523981]
 [ 0.22217984 -0.25156323 -0.28566559  0.07783661  0.01596866  0.03679075
  -0.08411543]
 [ 0.08999488 -0.17006423  0.22930617 -0.07998908  0.31362027 -0.06436467
  -0.21118714]]
Singular Values 
[10.34322971  8.2214307   7.98557198  6.8849278   6.38893432  5.06269668
  4.67391873]
Singular Vector V (transpose) 
[[ 0.54905916  0.5261994   0.36928638  0.25098631  0.40565556  0.13315185
  -0.19998956]
 [ 0.29434177 -0.16582168  0.17927732 -0.76836088 -0.10414163 -0.04211074
  -0.50072797]
 [-0.3371116  -0.114817    0.80378288  0.22418753 -0.22896404 -0.32307238
  -0.14158238]
 [ 0.56399923 -0.3229439   0.03612041  0.32393328 -0.63190021  0.26077197
   0.06383378]
 [-0.36977353  0.55176503 -0.05824087 -0.03086045 -0.46117142  0.49001612
  -0.31887873]
 [-0.01283517 -0.12261845 -0.39709744  0.41985297  0.02949943 -0.34023785
  -0.73089334]
 [-0.20799133 -0.50858797  0.15178022  0.11918781  0.3991571   0.67248933
  -0.22196088]]

Kinase CHEK1
Singular Vector U 
[[-0.18501447  0.09180916 -0.51673494 -0.0347162  -0.01094419 -0.21212657
   0.1570081   0.04429202  0.13534122 -0.16082969  0.20275402  0.05991965
  -0.11426691 -0.02996883 -0.43016284  0.12909999 -0.11110868 -0.160049
   0.13190578]
 [-0.20918192  0.26316536  0.3247076   0.00651849 -0.04833387 -0.07084089
  -0.28319223 -0.12305377 -0.02194948  0.0142287  -0.33754369 -0.04340582
  -0.00985573 -0.37152749 -0.51537026 -0.2073195  -0.05566326  0.04983127
   0.17157554]
 [-0.38556912 -0.41379659 -0.09818667 -0.14625089 -0.13120619  0.13695094
  -0.19906196 -0.05554272  0.34099703  0.20172867 -0.15139358  0.07088837
   0.31713609  0.13353656 -0.14311594 -0.12702154  0.31156044  0.02306353
  -0.30096783]
 [-0.06133237  0.05239032 -0.14455218  0.42996036 -0.20868479  0.29408759
   0.0685608   0.20719907 -0.24619559  0.25172472 -0.00625888  0.05950976
  -0.1971586   0.26768451 -0.02811437 -0.35109299 -0.0369459   0.15349093
  -0.10269302]
 [-0.3184074  -0.13553023  0.0880245   0.06844817  0.38421629 -0.11297995
   0.12155803 -0.11079906  0.05817707 -0.30516115 -0.11169831 -0.2087783
   0.05922908  0.03467615  0.14075008 -0.22224888 -0.42104938  0.10881645
  -0.09054449]
 [-0.07214194 -0.12201585  0.21988266  0.19538587 -0.00676079 -0.39806595
  -0.07311376  0.23906027  0.30145309  0.20836459  0.12817686 -0.43925727
  -0.20723763  0.0384683  -0.0074348   0.23205684  0.13635938  0.32465726
  -0.03328295]
 [-0.26284551  0.34215952  0.01386109 -0.15746983 -0.2180649   0.22117789
  -0.0812593  -0.11892294  0.37249956  0.05351386  0.20288596  0.0785241
  -0.08790432 -0.2845495   0.51244845 -0.16749258 -0.10383175  0.09601801
   0.0950339 ]
 [-0.09975619  0.02181098 -0.16848378 -0.14177889 -0.50971245 -0.21876671
