Method Singular Value Decomposition(One of the PCA methods)
X = U(SIG)V*

X shape (nxm)

U shape (nxn)

(SIG) shape (nx1)

V shape (nxm)

Kinase MAP2K4
Singular Vector U 
[[ 0.00142164 -0.174123    0.66824994  0.19617307]
 [-0.25240962 -0.17308542 -0.14135052 -0.00706895]
 [ 0.18439397  0.37748876 -0.20053645 -0.07617935]
 [ 0.12330191  0.09108683 -0.06413918  0.36491408]
 [-0.08396726  0.33681613 -0.19555417  0.00615611]
 [-0.27696823  0.36336073  0.24604205  0.03789576]
 [ 0.18278526  0.31889259 -0.04238368  0.02085604]
 [-0.0998711  -0.09623749  0.04597692  0.21147499]
 [ 0.09744614  0.06557657  0.2321596  -0.32487902]
 [ 0.10195149  0.08466149  0.02167959  0.21852415]
 [-0.24529739  0.02520251  0.21348019  0.30576132]
 [ 0.05140472  0.38172778  0.17803894 -0.25600469]
 [-0.18141043 -0.04067287 -0.17753924  0.05821315]
 [ 0.09402779 -0.05324529 -0.06342889  0.08227558]
 [-0.2847888   0.30424964  0.1887947  -0.28343396]
 [-0.28229966 -0.01322315  0.2241885  -0.0988304 ]
 [-0.26376594  0.19191816 -0.17631237  0.19385944]
 [ 0.14740045  0.2342655  -0.00340004  0.3103752 ]
 [-0.30137461 -0.07608696 -0.21261174 -0.09236235]
 [ 0.13918769 -0.03762545 -0.08485369  0.23074683]
 [-0.34340373 -0.02513388 -0.04120374  0.14721402]
 [-0.37181108  0.14190563 -0.12179076  0.16626436]
 [ 0.1304439   0.24033289  0.18255316  0.34391442]]
Singular Values 
[10.2558542   7.31159655  5.28954217  4.19213598]
Singular Vector V (transpose) 
[[-0.04261838 -0.68152435 -0.71528823  0.14856306]
 [-0.08733291  0.07638148  0.13675679  0.98378677]
 [ 0.8716821   0.33139612 -0.34694497  0.09988047]
 [-0.48034045  0.64797148 -0.59100721 -0.0107933 ]]

Kinase CDK6
Singular Vector U 
[[ 1.67672777e-01  2.66203017e-01 -2.14620496e-01  1.86294427e-01
   8.34653980e-02]
 [ 9.27365204e-02 -2.69665451e-01 -5.54820280e-02  1.91250651e-01
   1.98252260e-01]
 [ 3.18132117e-01  2.39505969e-01  1.24039049e-01 -3.58424214e-01
   1.68494419e-01]
 [ 9.53583499e-02  1.11818257e-01 -2.25934063e-02  2.10237493e-01
  -6.17267192e-01]
 [ 6.24873237e-03 -2.25278771e-01  1.56837635e-01  1.43783801e-02
   1.68000568e-01]
 [-6.85921629e-02 -4.92619858e-02  1.40415106e-02 -5.73886522e-01
  -2.66707292e-01]
 [ 3.50434570e-01 -4.46099741e-02 -4.05539830e-01 -3.70030500e-02
   1.57907173e-01]
 [ 7.57667093e-02 -1.66900926e-01  1.01917401e-01  4.08252875e-03
   8.06151711e-02]
 [ 3.90528322e-01 -8.45943511e-02  2.23629171e-01 -1.20002633e-01
  -3.98962587e-01]
 [-2.62061775e-01  1.34489366e-01 -6.76710054e-02 -2.09213334e-01
   9.71970093e-02]
 [ 8.30830746e-03 -3.52983237e-01 -3.84460120e-01 -2.85732127e-01
  -1.13980723e-01]
 [-1.34175956e-01  8.51438565e-02  1.20310090e-01  1.30498032e-01
  -1.14530721e-01]
 [ 7.97582534e-02  3.12059978e-01  2.50131542e-01  1.74771591e-01
   2.12217577e-01]
 [-9.24967166e-02  1.39728391e-01 -1.71728065e-02 -1.63643979e-02
  -1.03081157e-01]
 [ 6.26933970e-02  3.36323023e-01 -2.61675361e-01 -2.98387648e-01
   4.84597661e-02]
 [-1.50466166e-01 -1.33951524e-02 -1.95538224e-01  1.64675136e-01
   5.77018631e-02]
 [ 8.70422340e-02 -4.21736587e-01  6.92931542e-03  1.69270143e-01
  -1.63499726e-05]
 [-2.41443044e-01  4.77345567e-02 -1.47555191e-01 -1.89024735e-02
   6.71601484e-03]
 [-6.51396534e-02  2.81779092e-01 -4.02895343e-01  1.70292885e-01
  -4.06674814e-02]
 [ 6.87419305e-02 -1.59719549e-01 -1.79890802e-01 -8.22107598e-02
   2.31233786e-01]
 [ 4.80506904e-01 -3.27880543e-02 -2.35716549e-01  1.18050530e-01
  -5.21729967e-02]
 [ 2.86273651e-01  1.61116365e-01  7.13919915e-02  1.25627067e-01
  -7.98073911e-02]
 [-2.26424129e-01 -6.44582574e-02 -2.67787879e-01  1.63755943e-01
  -3.05292537e-01]]
Singular Values 
[9.16393345 7.7756257  7.31402331 5.83673829 4.20350317]
Singular Vector V (transpose) 
[[-0.42422283  0.62955911  0.02782291  0.60931539  0.22726848]
 [ 0.18572641  0.58828185 -0.09481892 -0.64087687  0.44689639]
 [-0.29733978  0.0417941  -0.90695647 -0.10592344 -0.27577617]
 [-0.66508439  0.11742274  0.40532929 -0.4432903  -0.42787444]
 [-0.50476976 -0.49198064 -0.05808081 -0.10141763  0.69964536]]

Kinase ATM
Singular Vector U 
[[ 7.13007534e-02 -2.03656846e-01 -9.83864042e-02  2.46911704e-02
   2.80365168e-01  3.73284454e-02 -1.53347019e-01 -2.13979260e-01
   5.61289485e-02 -5.00909130e-02  2.24519787e-02 -1.67808966e-01
   3.61366163e-01 -4.24980161e-01 -1.55799920e-01 -3.27000519e-01
  -1.30949343e-02  1.23671827e-01  4.32357889e-01  7.40461324e-02
   1.98860065e-01]
 [ 1.86546131e-01 -3.19054256e-01  3.15124441e-02 -2.81508464e-01
   2.07238367e-02  2.45586315e-01 -1.18244254e-01  1.32039448e-01
  -2.32804364e-01  4.17096751e-03  1.53587537e-01  2.40878864e-01
   3.12370630e-01  2.95101727e-01 -2.01139879e-01  4.06643762e-02
   1.10037270e-01  2.05374142e-01 -4.37307326e-02 -3.51468542e-01
   2.80419970e-01]
 [-1.84723188e-01  4.02263844e-02 -3.01713920e-01 -3.71293715e-01
   9.45732719e-02  1.13613919e-02  1.88422076e-02 -3.58474524e-02
   2.01727071e-01  4.18732747e-01 -7.22603595e-03 -2.51089538e-01
  -8.33794185e-02  9.40315580e-02 -7.19759450e-02 -3.55708376e-02
  -2.06055706e-01 -4.33734527e-01  1.48837352e-01 -2.21405176e-01
   2.09427271e-01]
 [ 1.39111255e-01  5.98179879e-02 -1.60408471e-01 -3.46110199e-02
   3.18909637e-01  3.62066406e-01  2.43848400e-02  8.87063959e-02
   3.83716831e-01 -6.48435012e-02 -5.39890111e-01  7.81167891e-02
   1.05624133e-01  1.48379779e-01 -4.92804227e-02 -7.92426179e-03
  -1.79747890e-01  1.82611806e-01 -9.64860216e-02 -1.36089086e-01
  -3.53710793e-01]
 [ 1.93619543e-01  2.77270924e-02 -3.13758742e-01 -8.37049435e-02
  -1.72101721e-01  1.66502156e-01 -1.79942158e-01  1.75583605e-01
   5.43996220e-02 -3.34495101e-01  2.26896937e-01  4.06334442e-02
  -4.39222908e-01  1.49327738e-02 -6.59951020e-02 -3.12269970e-01
   7.38043733e-03  1.07571315e-02  3.66820350e-01  5.83017761e-02
  -2.27419775e-01]
 [ 6.76723562e-02  3.92230732e-02  1.07242301e-02  3.84900646e-01
   1.85180228e-01 -1.98098445e-01  4.49305226e-02  6.87710389e-01
   1.52701303e-01 -6.53652095e-02 -5.02617369e-04 -1.31108525e-01
   2.78059653e-02 -1.72312391e-02 -2.65384583e-01 -1.98485448e-01
   1.16783868e-01 -1.20026208e-01 -1.56281382e-01 -5.30558323e-02
   2.56434583e-01]
 [ 1.57452364e-01  3.71676810e-01  8.86931696e-02 -2.85237161e-01
  -1.36927059e-01 -3.20685168e-01 -2.31933503e-01 -1.58567478e-02
   2.34081768e-01 -2.28046124e-01 -1.62371789e-01  1.31580944e-01
  -7.95733107e-04 -1.53233136e-01 -2.46886497e-01  3.01403253e-01
   1.98647659e-01 -1.36175450e-01  1.24339273e-01 -2.80584314e-01
   1.12168455e-01]
 [ 2.92443810e-01 -1.64048020e-01  1.65904433e-01 -1.95794019e-01
   3.51764215e-01 -2.12742097e-01  2.00219110e-01 -1.24745997e-01
   2.83902773e-01  2.78395229e-01  3.13684266e-01  7.50989690e-02
  -1.90125904e-01 -2.24575589e-01 -1.84490578e-01  3.08621591e-02
   2.19378700e-01  1.31868006e-01 -1.70135430e-01  6.36364052e-02
  -2.79430093e-01]
 [ 8.73761987e-02 -1.38824837e-02  8.17610423e-02  2.05581781e-01
   1.94010998e-02  6.97456352e-04 -1.65525391e-01  1.82873460e-01
   2.74823430e-01  3.09357879e-01  1.79462379e-01 -1.61772946e-01
  -1.91463918e-02  3.17912599e-01  9.53757697e-02  4.37785052e-01
  -1.10822419e-01  2.62649465e-01  4.26886436e-01  1.91154289e-01
   7.63975115e-02]
 [ 3.01628128e-01 -2.76921809e-01 -8.53390921e-02  6.68731044e-02
  -2.19516117e-01  1.33079152e-01  2.84168617e-01 -1.81922080e-01
   5.86975964e-02 -1.54915632e-01 -7.95068204e-02 -2.17685329e-01
  -1.16919407e-01  2.25867241e-02 -4.11712969e-01  1.71291636e-01
  -2.76535684e-01 -1.98200379e-01 -2.06461232e-01  2.43840759e-01
   2.15420054e-01]
 [ 4.06173470e-01 -1.82633915e-01 -2.34241437e-01 -1.06488332e-03
  -1.09698269e-01 -3.13934365e-01 -4.41880697e-01  2.52408249e-02
  -5.13384571e-02  2.31963525e-01 -3.37281939e-01  1.08503923e-01
   6.53957979e-02 -1.01839111e-01  2.96405300e-01 -5.29041582e-02
  -5.55247792e-02 -5.06073421e-02 -1.82382570e-01  2.47606822e-01
   7.90850511e-02]
 [-6.21844730e-02  1.04275428e-01 -2.36117524e-01 -3.58637256e-01
   9.75827827e-02 -1.72695321e-01  1.79934880e-01  8.82382343e-02
   2.10267948e-01 -2.59886987e-01  2.25883012e-01 -1.30727085e-01
   3.63068702e-01  2.79384447e-01  2.83679302e-01 -1.38344379e-01
   1.22163798e-01 -3.19821413e-02 -1.78891892e-01  3.25025372e-01
   2.67542117e-02]
 [ 3.33094250e-01 -8.58652876e-02 -1.61726743e-01 -8.29665115e-02
  -3.10467115e-01  1.73977826e-01  1.26768049e-01  8.28266362e-02
   3.41584914e-02  1.25425872e-01  3.41711897e-02 -3.72860067e-01
  -1.20068121e-01 -5.82984251e-02  2.65230294e-01 -1.51721069e-02
   3.64853746e-01  1.50263981e-01 -1.00337187e-01 -2.79677103e-01
   2.62764464e-02]
 [ 5.69097893e-02  8.46486229e-02 -3.80096324e-01 -1.25433331e-01
   3.09716711e-01 -4.01253830e-02  9.56073864e-02  1.71680649e-01
  -4.75354008e-01  1.75556552e-01 -2.27116052e-02  2.82726779e-01
  -1.95218781e-01  8.25889828e-02 -1.90879808e-01  1.45367885e-01
   7.53713246e-02 -5.23120310e-02  7.62262731e-02  2.23572624e-01
  -2.26251079e-02]
 [ 2.62091450e-01  3.26738408e-01  6.35118794e-02  5.73529394e-03
  -1.97472870e-01  4.17904844e-01  1.58557559e-01  1.40156425e-01
   1.33402247e-01  1.53248015e-01  2.06120325e-01  3.70315659e-01
   3.03030561e-01 -2.82727540e-01  8.74984435e-02  6.52714001e-02
  -7.00297846e-02 -2.50391712e-01  5.37388374e-02  2.27000201e-01
   6.80742556e-02]
 [ 1.62653727e-01  3.92645357e-01 -5.10387099e-02  2.60617292e-01
   1.24707954e-01  7.27497623e-02 -1.82647237e-01 -2.36537687e-01
  -2.09604468e-02  2.42109522e-01  2.63995952e-01  2.98304570e-02
  -9.15708417e-02  1.17265118e-01  2.12375094e-02 -3.39964020e-01
  -1.79654085e-01  1.16213085e-02 -2.84236289e-01 -2.61598568e-01
   1.02436104e-01]
 [ 9.01228662e-02  1.08667595e-01  3.01567071e-01 -3.22755294e-01
   1.62675756e-01  1.28067063e-01 -1.31450010e-01  3.50700533e-01
  -3.46965880e-01 -1.80727208e-02  2.26471366e-02 -4.27792327e-01
   1.66325980e-03 -3.02290566e-01  1.01289843e-01  9.92787569e-02
  -3.17790089e-01 -2.37132219e-02 -8.55156505e-02 -4.93542589e-03
  -1.77650167e-01]
 [ 1.18953103e-01 -1.32754848e-01  1.52333043e-01  1.40651279e-01
   3.66268916e-01  2.78724238e-01 -3.47555375e-01 -1.68241194e-01
   3.36901342e-03 -2.14630697e-01  8.16570475e-02 -1.02891825e-01
  -6.19346835e-02  1.77993253e-01  1.41075829e-01  1.72017732e-01
   3.32938522e-01 -5.36873894e-01 -4.27070611e-02  6.57374400e-02
  -2.92984321e-02]
 [ 2.36550858e-01  2.62848072e-01  2.41503797e-01 -7.00590540e-02
  -1.80558273e-01 -1.04408533e-01 -8.53256989e-02 -1.27027498e-01
  -1.69944227e-01  1.29492131e-01 -8.10461196e-02 -2.48338189e-01
   2.27508698e-01  3.99774355e-01 -3.79313530e-01 -2.53712508e-01
   7.62459332e-02 -1.00348615e-02  9.80672145e-02  2.14337372e-01
  -2.63760223e-01]
 [ 3.91508779e-01  9.25220960e-02  1.32759945e-01  9.96824950e-02
   2.12816139e-01 -1.87460147e-01  5.04974731e-01 -8.78449611e-02
  -1.90775609e-01 -1.01215894e-01 -1.98493381e-01  9.13915259e-03
  -2.11198311e-02  1.25903607e-01  3.22806669e-01 -6.10311523e-02
  -3.36636319e-02 -1.18982583e-01  3.79449431e-01 -2.01664083e-01
   1.19945324e-01]
 [ 1.20276241e-01 -3.46463970e-01  1.41250672e-01 -3.76183631e-02
  -8.86906640e-02 -2.67358742e-01 -4.94775706e-02  1.13290947e-01
   1.04857785e-01 -1.02362177e-01  2.46758842e-01  2.30731081e-01
   6.37398411e-02  1.40466531e-01  8.53685240e-02 -9.39183682e-02
  -4.66153400e-01 -2.36687693e-01  3.44937314e-02 -2.16807137e-01
  -2.48104540e-01]
 [ 1.64233162e-01  2.33410768e-01 -4.92731895e-02 -9.53343039e-02
   2.01399086e-01 -5.04411876e-02 -1.02998344e-01 -1.61075832e-01
   1.61453406e-02 -3.32220853e-01  1.57355583e-01 -4.71668870e-02
  -1.60810874e-01  4.19691208e-02  4.98017860e-02  1.63047032e-01
  -3.02423772e-01  3.31528519e-01 -1.48965071e-01  7.57153977e-02
   3.47641253e-01]
 [ 6.72052258e-02  7.74334282e-02 -4.73584237e-01  3.01669514e-01
  -1.72368414e-03 -1.41239130e-01  1.91594772e-02 -8.49566822e-02
  -1.57901888e-01 -9.11342342e-02  2.28375817e-01 -1.80728577e-01
   3.67494968e-01 -1.13481656e-01 -8.97200862e-02  3.66476310e-01
  -3.72472969e-02 -4.01803188e-02 -2.25482764e-02 -2.44226796e-01
  -3.61081681e-01]]
Singular Values 
[14.90545366 11.58608783 10.94821501  9.76492028  8.84892791  8.48593338
  7.7967528   7.34004372  7.19800781  6.91922791  5.93043749  5.66511679
  5.52367066  4.58599763  4.501617    3.08999443  2.68959924  2.11055354
  1.82045131  1.35750504  0.92370452]
Singular Vector V (transpose) 
[[ 1.03383186e-01  3.18062664e-01  1.61232701e-01  6.51554412e-02
   2.11128369e-01  6.64555269e-02  2.51910821e-01 -3.90278848e-02
   3.68174795e-01  2.77238466e-01  1.42599919e-01 -5.23210138e-02
  -9.28378736e-02  2.12108346e-02  1.24572469e-01  2.58006495e-01
   3.82132622e-01  2.27455770e-01  4.30464046e-01  2.04345831e-02
   1.83886516e-01]
 [ 1.60805273e-01 -5.57720911e-02 -1.13741035e-02  3.33900258e-01
   1.20304865e-01  4.92960626e-01 -8.51656887e-02 -2.92653849e-02
   3.68872882e-02 -2.01221399e-01 -2.36525382e-02  1.82606898e-01
   1.44788350e-01  3.03494308e-02  1.14873706e-01  1.84503551e-01
  -1.30407622e-01 -4.57040998e-01  9.56040342e-02 -2.79823877e-01
   3.68249109e-01]
 [ 1.33457215e-01  2.86422508e-01  1.35118407e-01  3.40164600e-01
  -1.23689901e-02 -8.79457818e-03  4.14102842e-03 -4.50529407e-01
   2.02370127e-02  8.55477513e-02  3.29425706e-02 -7.44838030e-02
  -2.52090706e-01 -8.50645436e-02  1.79726739e-01 -3.94503046e-01
  -1.27353281e-01  7.63440128e-02 -1.40321123e-01 -4.31654337e-01
  -2.48624893e-01]
 [-1.95224756e-01 -1.24550724e-01 -2.23722598e-02  7.89586639e-02
  -2.93861336e-01  2.75844642e-01  3.58714800e-01 -2.52118975e-03
  -3.24612012e-01  4.16023418e-01 -1.47082736e-01  2.34364518e-01
  -1.08490958e-01 -6.40663887e-02 -1.34664279e-01  3.63028815e-01
  -4.53054512e-02  5.62828793e-02  5.24487462e-02 -2.10964442e-01
  -2.74275616e-01]
 [ 2.31539235e-01  1.40609122e-01  4.71645248e-01  4.68160419e-02
   5.56106487e-02 -8.85345792e-02  2.58259372e-01  8.46814947e-02
   6.36594028e-02  2.62061291e-01 -3.58350319e-01 -4.08603680e-02
   5.06845752e-01  4.15776557e-02 -1.69974630e-01 -1.41038595e-01
  -5.69889898e-02 -2.36094733e-01 -1.72084611e-01  1.19767088e-01
  -6.33594978e-02]
 [-2.35136094e-01  8.48211233e-02  2.93363964e-01 -2.12597988e-01
   3.91784509e-01 -5.94163520e-02 -4.31369731e-02 -1.90997124e-01
  -1.77706953e-01 -1.22437061e-01 -2.55330796e-01 -2.44623730e-02
  -2.22714011e-01  2.94767052e-01 -8.06158618e-02  3.15487301e-01
   7.11402945e-02  1.09868655e-01 -3.81806392e-01 -2.07353596e-01
   2.23837342e-01]
 [ 7.15460113e-02 -2.51067220e-01  1.60117123e-01  5.25562973e-02
   1.77688926e-01  2.16644402e-01 -2.45016613e-01 -2.25414102e-01
  -1.17303498e-01 -3.12181301e-02  1.47176704e-01 -4.27928397e-01
   9.61271516e-02  1.54683629e-01  1.67493022e-02  2.14398706e-01
   2.37740552e-01 -1.80291933e-01  1.11100464e-01  1.42203573e-01
  -5.41820870e-01]
 [-1.38547175e-01 -2.13864839e-01  1.76364342e-01  3.57583733e-01
  -9.38099311e-02 -8.63887436e-02  1.14866857e-01  3.95447343e-01
  -5.39669926e-02  1.15709289e-02 -8.36262916e-02 -5.99053129e-03
  -3.62848314e-01  5.10169566e-01  1.75711722e-01 -2.86074973e-01
   2.07731803e-01 -1.53935839e-01  6.55934816e-02  6.15943544e-02
   2.43644156e-02]
 [-9.71635142e-02 -7.43719121e-02 -1.13168573e-01 -1.37275143e-01
   4.33896976e-01 -9.90110191e-02  1.88591920e-02  3.55065480e-02
  -2.94158339e-01  1.04369214e-01 -4.92465101e-02  3.92967636e-01
   2.53903254e-01 -1.40444648e-01  5.28984805e-01 -1.86094626e-01
   2.59878889e-01 -3.34993927e-02  5.89119694e-02 -8.15795988e-02
  -1.48279103e-01]
 [-1.05593288e-01 -1.27150167e-01 -1.57338658e-01 -1.11423559e-01
  -2.41454856e-01 -3.39183220e-02  3.95512644e-01 -2.50997411e-01
  -1.13090639e-01 -6.97224908e-02 -1.62348486e-01 -5.26574236e-01
   1.95452448e-01  7.30901472e-02  4.60981357e-01  1.89610910e-02
  -8.18149901e-02  8.89717872e-03  4.55937332e-02 -1.65791936e-02
   2.64214929e-01]
 [ 4.79943707e-01 -4.33522743e-01 -5.29951314e-02 -1.07009153e-02
   1.85463773e-01  1.75263760e-01  2.38360794e-01 -3.06850109e-01
  -9.24488996e-03 -8.47758630e-02 -2.09054797e-01  2.12232017e-01
  -2.03232616e-01  5.69373140e-02 -9.61354342e-02 -1.55561111e-01
  -4.70697040e-02  2.91501642e-01  1.86325026e-02  3.11469945e-01
   6.43985513e-02]
 [-2.26171923e-02 -1.11820112e-02  2.12096298e-01  7.52502874e-02
  -2.71240924e-01 -2.21702823e-02  2.84988285e-01 -7.53057210e-02
  -1.46514691e-02 -5.19491965e-01  6.99858710e-02  1.21952285e-01
  -9.40362084e-05 -3.61095321e-01 -7.18433406e-02  2.60163331e-02
   5.61984614e-01 -8.28730126e-02 -1.95342571e-01 -1.42110938e-03
  -2.86889970e-02]
 [ 5.01507598e-02  1.83368576e-01  1.43370698e-01 -1.25835899e-01
   2.03281263e-01  2.71781634e-01  3.49140733e-01  2.48303433e-01
  -4.10035856e-01 -2.02166807e-01  4.94567081e-01 -1.26676711e-01
   7.98068404e-02  1.00913417e-01 -1.52705128e-01 -2.12730411e-01
  -1.95842521e-01  1.67091744e-01  6.37042919e-02 -5.92372886e-02
   1.08297407e-02]
 [-1.03752696e-01  2.10458397e-01 -4.65841127e-01 -5.18036226e-02
   3.89706363e-02 -5.37658020e-02  3.00091681e-01 -2.70274426e-01
   2.21218995e-01 -9.67069101e-02  1.16364203e-01  2.10336285e-01
   1.53376203e-01  5.12288824e-01 -2.00828591e-01 -3.65993758e-02
   9.74471202e-02 -2.33924400e-01 -8.65127616e-02  5.43422651e-03
  -2.05669576e-01]
 [ 2.81300965e-01 -3.35461753e-01  1.36492059e-01  4.76166503e-02
  -8.39883507e-02 -3.54652941e-01  7.67409700e-02 -9.61987901e-03
   8.19269100e-02  1.84866758e-01  5.52010450e-01  1.33029332e-01
   8.77578352e-02  1.22620184e-01  1.83303338e-01  2.85665230e-01
  -9.64898100e-02  2.94763735e-03 -3.36056199e-01 -1.40037616e-01
   7.42835431e-02]
 [ 1.69814677e-01  2.28231103e-01  2.10760385e-01 -3.41215374e-01
  -4.41164082e-01  3.52630131e-01 -2.38117741e-01  1.88193775e-02
   5.71664277e-02 -8.41264365e-02 -3.74428746e-02  2.46043995e-01
   8.75423738e-02  3.30597005e-01  3.52422697e-01  1.23726082e-03
   3.09520671e-02  2.11705971e-01 -8.43609015e-02  7.04368616e-02
  -1.04383488e-01]
 [-1.33160523e-02 -2.62664407e-01  2.28242897e-01 -6.04086708e-01
  -3.51384411e-02 -1.50607886e-02  9.03440440e-02 -6.42490119e-02
   2.30916207e-01  3.87783065e-02  3.83543340e-02  2.22601672e-02
  -2.14983178e-01 -4.84546536e-02 -9.37358223e-02 -2.11132592e-01
  -3.76696468e-02 -3.66860353e-01  2.95344184e-01 -3.42791261e-01
  -2.45321846e-02]
 [-5.84602695e-03 -2.45244833e-01 -1.53885892e-03  1.24835298e-01
   2.87621874e-02 -1.09503998e-01 -1.51065416e-02  1.90757779e-01
   2.28805472e-01 -3.01012110e-01 -1.96826306e-01 -1.93223238e-02
   3.41490360e-01  1.40074166e-01 -1.06099742e-01  3.84028753e-02
  -1.84540142e-02  4.60840244e-01  2.06950739e-01 -5.01746210e-01
  -1.90957442e-01]
 [-9.65191006e-02  6.30295176e-02  2.67790342e-01  1.24369051e-01
  -1.72534446e-01 -3.68280268e-01 -1.35707629e-01 -3.82517050e-01
  -3.43213856e-01 -1.27804171e-01  6.16819998e-02  2.51527042e-01
   1.29869953e-01  1.46836422e-01 -1.11051119e-01  4.12715308e-02
  -1.27329388e-01 -1.29453227e-02  5.15660924e-01  1.27446579e-01
   1.31169690e-01]
 [-4.20152556e-01 -2.68182949e-01  9.11775225e-02  6.63707761e-02
  -5.79955549e-02  2.91861781e-01 -1.58624166e-01 -2.36202896e-01
   1.04465591e-01  2.93062370e-01  2.09359934e-01  1.59505872e-02
   2.78588200e-01  3.30227085e-02 -1.91236212e-01 -3.48326248e-01
   2.19842862e-01  1.95045075e-01 -1.37387229e-01  4.25792108e-03
   2.94236787e-01]
 [-4.64290563e-01 -7.13991045e-02  2.67903679e-01  9.83530662e-02
   1.52420215e-01  9.25337838e-02  1.93587177e-01 -4.39407273e-02
   3.79407770e-01 -1.97125173e-01  6.80981573e-02  1.53249403e-01
  -3.40944234e-02 -1.19164355e-01  2.39106356e-01  8.70958764e-02
  -4.40477649e-01  2.62040542e-02 -2.44514571e-02  3.02526339e-01
  -2.20931698e-01]]

Kinase CDK5
Singular Vector U 
[[-1.77909253e-01  3.65196056e-02 -1.00992721e-01 -5.72465593e-02
  -1.85941202e-01 -5.05742252e-02 -1.23315753e-01 -4.74059194e-01
   2.42852132e-01 -1.12369220e-01 -1.32891977e-01]
 [-1.39737242e-01  3.74955907e-01 -1.09001796e-01  5.47014778e-02
  -2.37065335e-01 -2.33482865e-02 -1.42365918e-01  7.26832591e-02
  -1.38649607e-01  2.61134682e-01 -1.45539571e-01]
 [-1.71814352e-01  2.46945749e-02  3.02813462e-01  5.57097544e-02
   3.40036286e-01 -3.04472316e-01  2.13922387e-01 -1.47346310e-01
  -2.63550462e-01  4.91843752e-02 -1.88128788e-02]
 [-1.90251182e-01 -1.23663136e-01 -3.76308980e-02 -4.93925753e-01
  -1.79475424e-01  9.79883507e-02  1.02293221e-01 -1.19561038e-01
  -3.15660549e-01 -8.06296366e-02 -4.38688973e-02]
 [-1.91188280e-01 -5.52021751e-02  4.74748653e-01  1.00611265e-01
  -3.46618544e-02  1.87780597e-02 -1.56247495e-01  1.35566837e-02
  -1.33257619e-01 -7.70870370e-02 -5.55283445e-02]
 [ 6.93038842e-02 -1.27653976e-01 -3.78813988e-01  9.19968636e-02
   4.24331979e-01  2.21647211e-01 -3.08722935e-02 -3.79087036e-03
  -1.62708432e-01 -1.39602895e-02 -1.47631195e-01]
 [-3.80924648e-01  2.02738600e-01 -7.33370872e-02  1.49553771e-02
   2.88937791e-01 -8.08525786e-02  7.67970262e-02  3.40288813e-02
   2.76406859e-02 -2.57637230e-02 -5.31951072e-01]
 [-1.87930341e-01  2.58145364e-01 -2.18558181e-01  6.73988924e-02
   2.41038751e-02  2.63694627e-01 -9.15508507e-02 -1.31906986e-01
  -1.72186592e-01 -1.11153089e-01  3.74247283e-02]
 [-4.44649374e-02  4.45241065e-02 -2.16532833e-01  7.51683256e-02
   7.14311562e-02 -2.16700659e-01  2.00979953e-01  1.63571367e-01
   7.99092210e-02 -4.71448407e-01 -1.25636194e-01]
 [-1.05445526e-01 -4.17220453e-01 -2.24860998e-01  6.24308750e-02
  -1.17095579e-01 -1.76849810e-01 -1.60721470e-02 -4.63501679e-01
   1.26785070e-02  1.68981020e-01  1.55147148e-01]
 [-2.69385630e-01  6.74023784e-02 -4.90618632e-02  2.53526402e-01
  -2.05324840e-01 -3.14223619e-01 -3.70789473e-01  2.69759127e-01
   2.41423154e-01  1.16297580e-01 -4.39962404e-02]
 [ 1.32000549e-01  2.12063863e-01 -2.18312814e-01 -4.99090193e-02
  -2.30232308e-01  8.93104861e-03  2.67741989e-01 -1.07465050e-02
   2.41521321e-01  1.82217176e-01  1.87208110e-03]
 [-2.14833576e-01 -2.30844882e-01 -3.38809869e-01  2.00163840e-01
  -4.57256593e-02  8.98382822e-02 -2.19417074e-01  3.43942928e-01
  -2.58331988e-01 -1.54861039e-01  1.91258492e-01]
 [-5.40712086e-02 -9.54549709e-02  2.06078989e-01  2.79068186e-01
  -5.16393119e-02  4.50512174e-01 -7.66869924e-02 -1.59676732e-01
  -1.82710300e-01 -4.45684696e-02 -1.80631739e-01]
 [-9.13596090e-02 -2.56341916e-01 -1.28123879e-01 -1.09240738e-01
  -7.03854182e-02 -1.57914981e-02  1.66985745e-02  5.35839727e-02
  -1.40144260e-01  5.63018425e-01 -4.33893156e-01]
 [-1.64352661e-01 -1.72890087e-01  1.04268989e-01 -3.94267829e-01
  -1.97062937e-01 -1.52114409e-01  1.81064716e-01  3.95363991e-01
  -1.64766672e-01 -6.54670816e-02  1.88235507e-02]
 [ 3.92978035e-02  2.84244489e-01  1.64265770e-01  1.98274743e-01
   6.37550883e-02 -2.08777950e-01 -2.04446408e-02 -8.25630975e-02
  -2.90524392e-01  2.42458118e-01  2.20881838e-01]
 [-2.65464436e-01  1.01106234e-01  7.95755697e-02  3.24048246e-02
   9.55715341e-03  5.09398976e-01  3.05032129e-01  2.11593952e-01
   2.07268361e-01  2.94969910e-01  2.53103308e-01]
 [-3.07686408e-01  2.10291329e-01 -1.94724195e-01  7.92674641e-02
  -2.16408674e-01 -9.71196961e-02  1.63052876e-01 -1.64615926e-01
  -3.42296594e-01 -8.17553306e-02  3.04401357e-01]
 [-1.74205229e-01 -9.12181633e-02  1.86541327e-01  2.50684696e-01
  -3.86565516e-01  1.28981087e-01  2.84853639e-01 -6.92608876e-02
   1.28119076e-01 -2.69800367e-01 -2.49699542e-01]
 [-3.98959408e-01  1.13779343e-01 -3.80262207e-02 -2.21421547e-01
   3.35470658e-01 -1.11500815e-02  1.10173852e-01 -1.00239518e-01
   3.04400734e-01  3.28131667e-02  2.01599683e-01]
 [-2.76837837e-01 -1.23481183e-01  1.52423987e-01 -2.49111788e-01
   1.06886203e-01  1.09056427e-01 -4.85561861e-01 -2.03263830e-02
   1.94825570e-01 -4.09902961e-02  1.43465092e-01]
 [-2.02392374e-01 -3.99700679e-01 -2.79187940e-05  3.75631520e-01
   9.56736033e-02 -1.28088983e-01  2.87478452e-01  6.18564239e-02
   1.28144942e-01  1.35236315e-01  1.44652517e-01]]
Singular Values 
[11.36282964 10.05137116  9.2193398   7.97425415  7.73403241  5.96440311
  5.50650476  4.71515863  4.39703992  3.66229078  2.54334846]
Singular Vector V (transpose) 
[[-3.57958826e-01 -4.13349049e-01  1.27389270e-01 -3.30857895e-01
  -3.26317762e-01 -4.92107037e-01 -1.85718772e-01 -4.02624246e-01
  -1.69150537e-01  3.29137438e-02 -1.91699467e-02]
 [ 3.86230234e-01 -2.51505183e-01  9.08223109e-02 -2.75768903e-01
   5.87354740e-04  2.96884776e-01 -6.87359543e-01  1.31718022e-01
   2.29023803e-02  7.79522786e-03 -3.53178694e-01]
 [-4.72859712e-02 -4.22216691e-01 -3.38944428e-02  5.57916637e-01
  -3.01284276e-01  3.47179869e-01  1.67008068e-01 -6.29215976e-02
  -3.72524028e-01  2.26543756e-01 -2.71706039e-01]
 [ 1.58307167e-01  9.25681958e-02 -2.42665452e-01 -1.04320089e-01
  -1.53315063e-01 -4.73427064e-01  8.40532461e-02  5.56607521e-01
  -1.60001749e-01  5.04842213e-01 -2.27198092e-01]
 [-4.86545664e-01  2.74536118e-01 -2.35594106e-02  1.52691225e-01
   3.96094492e-01  9.26655863e-02 -4.70406496e-01 -5.46144625e-02
  -2.73559255e-01  4.32169376e-01  1.12631148e-01]
 [ 3.27359219e-01 -5.03184372e-01  2.63792959e-01  2.39731264e-01
   4.25053286e-01 -2.51109581e-01  1.34387609e-03  9.82205056e-03
   1.61276339e-01  2.81566288e-01  4.04313488e-01]
 [-2.59940172e-01  5.70058453e-02  2.22651545e-01  2.98769882e-01
  -2.41651399e-02 -1.49144948e-01 -5.14497965e-02 -3.86366176e-02
   7.07310322e-01  1.46770024e-01 -4.91474228e-01]
 [-7.07153445e-02 -1.83578168e-01 -7.00235394e-02 -3.30244961e-01
   6.22828389e-01  4.61157936e-02  3.95589506e-01 -1.54110073e-01
  -1.51601995e-01  1.55955256e-02 -5.03809627e-01]
 [ 4.07221694e-01  2.83331969e-01 -1.16938558e-01  3.95652461e-01
   1.22238345e-01 -4.31084334e-01 -1.93056196e-01 -4.00155654e-01
  -2.51657235e-01 -2.41420746e-01 -2.52767665e-01]
 [-2.68480279e-01 -1.06488746e-01  4.04476780e-01  1.85231512e-01
   1.43978131e-01 -1.90900309e-01 -7.28199787e-02  5.48798501e-01
  -2.68197270e-01 -5.22350959e-01 -1.01147590e-01]
 [-2.02541599e-01 -3.49170218e-01 -7.83321810e-01  1.49560896e-01
   1.32311888e-01 -8.20524361e-02 -1.87331503e-01  1.30945647e-01
   2.17052865e-01 -2.71475746e-01  6.16897177e-02]]

Kinase CDC2
Singular Vector U 
[[-4.16922157e-01  1.85888328e-01 -3.09738017e-02  2.13402949e-02
  -3.20252484e-02  1.11052189e-01 -2.35611856e-01  2.06760651e-01
  -8.70351187e-02  3.26473370e-01 -1.94441330e-02  1.35208272e-01
  -3.40735653e-01  9.42260597e-02 -9.12690455e-02 -2.05092065e-01
   1.63860836e-01 -1.41646311e-01  2.04605519e-01  4.03038307e-02
  -4.98052856e-01 -9.78687326e-02  1.49523523e-01]
 [-2.34938219e-01 -1.04865988e-01  1.41305996e-01 -3.54169274e-02
   3.67059886e-01  5.72828816e-02 -4.74915560e-02 -4.85651505e-01
   2.68242168e-03  9.96694827e-02 -3.79333675e-02  8.29421061e-02
   5.10029668e-02  2.15340971e-02  1.54119295e-01  2.51229015e-01
  -3.43783915e-01 -3.40514233e-01  4.14599741e-01 -8.85947536e-03
   8.13888572e-02 -7.91911675e-02  9.62331461e-02]
 [-2.68525016e-02  1.75836538e-01 -7.48604311e-02 -7.00665801e-02
   2.15573680e-01 -3.77688475e-01 -8.91637371e-02 -2.50852288e-01
   2.16234959e-01  9.99361748e-02 -8.21301280e-04 -1.53417725e-01
   1.84771176e-01 -6.11634353e-02 -2.29627947e-01  3.50883339e-01
   4.38282268e-01 -1.09758163e-01 -1.55461756e-01  4.45178881e-02
  -2.63258998e-01  3.21377180e-01  3.09916264e-02]
 [-6.70302812e-02 -3.51773995e-01 -1.34794788e-01 -4.77068236e-02
   2.66369421e-01 -2.26299615e-01 -1.23561426e-01  2.11690601e-01
  -2.14538366e-01 -1.09376556e-01  2.29192084e-01 -2.12696530e-02
   4.62221836e-01  1.54920704e-01 -2.21976501e-01 -1.47261031e-02
  -1.29021251e-01  2.33050756e-01  1.00870150e-01 -1.24398408e-01
  -2.91728745e-01 -2.98011918e-01  2.08571715e-02]
 [-1.73157691e-01  3.70122052e-01  1.02718209e-01  2.03173798e-01
   1.36881540e-01 -1.16132920e-01 -1.88249796e-01  4.55652991e-02
  -3.28755151e-01 -4.01787171e-01  9.40512719e-02  2.38391512e-01
  -2.50415754e-02  1.21505772e-01  2.32915271e-01  1.87029838e-01
   1.25485162e-01 -1.28358346e-01 -3.45462860e-01 -1.97151826e-01
   1.39589754e-01 -1.89688959e-01  1.60453708e-01]
 [-7.00195916e-02 -7.56166780e-02 -6.28214402e-01  2.13565824e-01
   2.08226458e-01 -9.88041413e-02  1.01579238e-01  4.46658393e-03
   5.52268319e-02  6.92564812e-02  7.94701317e-02  1.69757670e-02
  -3.64001499e-01  6.80667328e-03  1.73379346e-01  1.69793542e-01
  -1.45669659e-01  3.59193707e-01  7.33386719e-03 -5.76593457e-02
   8.30910156e-02  1.83002855e-01  2.92849357e-01]
 [-1.92003784e-01 -2.10631564e-01  2.75312055e-01  3.86464563e-01
  -8.24396394e-02 -1.05991980e-01  3.72906460e-02  1.00891313e-02
   1.28517819e-01  3.39815106e-01  1.08522035e-01  6.32530867e-02
   4.05357976e-02 -4.83881046e-01  2.76237772e-01  1.82758803e-01
   2.95290481e-02  1.91025761e-01 -1.94105461e-01 -8.17737625e-02
  -1.23993727e-01 -2.24212822e-01 -1.82922348e-01]
 [-2.24705867e-01 -1.76029163e-01  1.39126357e-01  6.09086368e-02
  -4.77141038e-02 -8.81685614e-02 -5.58498487e-02 -2.56333082e-01
  -4.65025260e-01  1.46718182e-01  2.08334369e-01  1.67295788e-01
  -6.50225614e-02 -4.43509423e-02 -3.50212814e-01 -1.32150786e-01
   6.82183611e-02  1.78424738e-01 -1.10430529e-01  4.01434388e-01
   3.17099351e-01  2.21279450e-01  4.18930668e-02]
 [-2.18156351e-01 -1.81630610e-01 -1.50427779e-01 -3.77215355e-01
  -6.25804182e-02  3.09533529e-01  7.38319707e-02  1.48208652e-01
  -3.25665748e-01  3.72579994e-02 -8.53617302e-02  7.42005513e-02
   1.17176292e-01  6.55797243e-02  3.32988493e-01  3.57498003e-01
   1.80197082e-02 -1.90857008e-02 -1.82039277e-01  8.48104604e-02
  -1.69383446e-01  3.00571762e-01 -3.00572553e-01]
 [-2.67400857e-01  6.35281311e-02  2.61516206e-01  4.69255752e-02
  -1.50168077e-01  4.13931499e-02 -1.26056385e-01  7.03144145e-03
   4.00809120e-01 -4.55017302e-01  3.85009423e-02  2.56341646e-01
   5.44906512e-02  9.38134680e-02  8.58160854e-03  9.02380683e-02
  -1.32137609e-01  4.02676652e-01  1.99716085e-01  1.88430600e-01
  -1.59167827e-01  2.80105268e-01  1.05796139e-03]
 [-2.09063779e-01 -1.72826303e-01  3.22120555e-01  1.37375488e-01
   2.40419279e-01 -2.07026624e-01  5.81442605e-01  2.15987874e-01
  -1.01748413e-01 -1.58602115e-01 -9.33021635e-02 -2.42603519e-01
  -7.53685708e-02  7.90786432e-02  1.29106027e-01 -2.22411335e-01
   7.35930274e-02 -1.35084849e-01  3.29859797e-02 -3.20754676e-02
  -1.00250412e-01  2.79691680e-01  1.52333569e-01]
 [-2.93188430e-01  1.56443471e-02 -1.35737029e-01 -2.35636889e-01
  -8.17208738e-02 -7.64252996e-03  1.97988525e-01  2.03743941e-02
   6.44270522e-03 -3.77069484e-01  2.38532885e-01 -1.72035857e-01
  -3.30106944e-01 -4.22485200e-01 -3.51831078e-01  1.74624680e-01
  -4.07710764e-02 -1.37930869e-01  7.55273952e-02 -1.00519401e-01
   2.57818969e-02 -1.99898882e-01 -2.14277435e-01]
 [-2.33979037e-01 -4.96957616e-02 -6.70631336e-02  8.76407055e-02
   8.73986473e-02  1.33340157e-01 -2.73484536e-01 -8.74672961e-02
   1.08579073e-01 -1.36509122e-01 -3.23028720e-02 -6.55771181e-01
  -1.09499294e-02  1.18887334e-01  2.03469608e-01 -1.01966778e-01
   1.27831145e-02  3.37676672e-02 -1.98194789e-01  4.49657041e-01
   3.69039907e-02 -2.24123717e-01 -2.86186989e-02]
 [-2.74217742e-01  2.14006279e-01 -3.50473090e-01  1.05548702e-01
   2.40218989e-01  1.80351146e-01  9.08755680e-02  5.52096365e-02
   1.35852124e-01 -4.20327450e-02 -6.42640356e-02  2.21864176e-01
   4.51692270e-01 -3.54049988e-01  2.30558529e-02 -4.18174147e-01
   5.08374820e-02 -1.24654532e-01 -1.45898509e-02  7.68210233e-02
   1.47242035e-01  9.46563926e-02 -1.01309678e-01]
 [-9.37617388e-02 -3.94471214e-01 -1.23556323e-01 -9.28520797e-02
  -2.16044830e-01 -1.75543173e-01  6.74613790e-02  1.60677060e-01
   2.55433412e-01 -6.75119020e-02 -2.76193379e-01  3.08477537e-01
   2.84018910e-02  1.96590426e-02 -6.80418855e-02  1.33637897e-01
   3.51328412e-02 -3.18849911e-01 -2.13201514e-01  3.05694063e-01
   8.74405293e-02 -2.35660576e-01  3.65981317e-01]
 [-1.90432005e-01  8.89510164e-02 -1.83157427e-01  2.56574711e-01
  -4.09093966e-01 -3.31317311e-01  1.99039216e-02  1.10164675e-01
   8.10169508e-02  1.37118084e-01  3.25601555e-01 -8.27063674e-02
   1.37730072e-01  3.40824659e-01  5.30401000e-02  2.97222442e-02
  -2.16016717e-01 -3.33317583e-01  9.31852245e-02 -1.72407474e-02
   1.38089056e-01  1.49460044e-01 -2.85628635e-01]
 [-9.69874731e-02 -2.39682761e-01 -1.29589355e-01  1.23820850e-01
  -4.27980405e-01  1.52298640e-01 -6.77731296e-02 -2.38317645e-01
  -1.44052721e-01 -1.68407024e-01  2.30764901e-03 -1.58350698e-01
   1.94213128e-01 -8.54808788e-02  1.47204261e-01 -2.37518984e-02
   4.57017614e-01  4.91541758e-03  3.33546440e-01 -2.89982964e-01
   4.51175897e-02  4.70276773e-02  2.88684682e-01]
 [-3.08007257e-01 -8.60843554e-02  2.82923745e-02  2.40220414e-02
   1.26693347e-01  2.34259940e-01  2.09156339e-01 -9.37463155e-02
   2.55323011e-01  1.47133586e-01 -1.20786471e-01  6.41047417e-02
  -3.07193620e-02  4.68234509e-01 -2.41303450e-01  5.82548510e-02
   2.83074180e-01  1.87723080e-01 -1.17971846e-01 -3.00330812e-01
   2.73114439e-01 -1.99916477e-01 -2.26913410e-01]
 [-1.09739397e-01  2.78395869e-01 -7.93805116e-04 -2.17971852e-01
  -3.79492026e-02 -4.08575536e-01  6.55865213e-02  1.84560845e-01
  -1.45228663e-01  1.07213634e-01 -3.51281961e-01 -4.26969714e-02
   5.89630320e-02 -5.19198841e-02  1.67323937e-01  1.19739353e-01
   1.61367107e-01  2.82663600e-01  4.13515065e-01  1.82607964e-01
   2.79587095e-01 -2.22805849e-01 -1.08614533e-01]
 [-1.41529246e-01  2.75350376e-01 -5.87215690e-02  1.84686273e-01
  -2.84964785e-01  6.27387830e-02  2.44583302e-01 -2.16765795e-01
  -2.04839089e-01  3.50060532e-02 -4.31713439e-01 -1.54669801e-01
   2.01017619e-01 -5.03665988e-03 -2.73862439e-01  1.12038224e-01
  -3.92801235e-01  1.30306544e-01 -1.87072899e-01 -6.72322963e-02
  -2.29837169e-01 -5.96971651e-02  1.61234664e-01]
 [-1.77202533e-01  2.16728427e-01  1.64458728e-01 -4.50187984e-01
  -9.04579758e-02  8.85832180e-02  1.01359057e-01  1.09495094e-01
   1.57848819e-01  2.65049787e-01  4.02015159e-01 -1.50148922e-01
   1.94053156e-01 -3.44427580e-02  8.78198033e-02  3.32414337e-03
  -1.13871819e-01  1.09850839e-01 -1.41681299e-01 -1.06251277e-01
   1.68833457e-01 -3.36279832e-03  4.92759474e-01]
 [-1.99120815e-01 -1.81169363e-01  9.77492098e-02 -7.13673530e-02
   3.63228995e-02 -1.30789704e-01 -5.09096690e-01  2.33103088e-01
   2.96104821e-02  3.67043896e-02 -3.54299184e-01 -1.62452899e-01
  -5.94457436e-02 -1.56050849e-01 -1.29629491e-01 -6.73734799e-02
  -2.04999342e-01 -3.23893103e-02 -9.71217341e-02 -4.01891448e-01
   2.54891474e-01  3.13965283e-01 -1.89207966e-04]
 [-1.11191198e-01 -6.94532092e-02 -8.91677975e-02 -3.65642789e-01
  -1.18152783e-01 -3.78203244e-01  1.47286620e-02 -4.63740380e-01
   4.24041227e-02 -6.66864838e-02 -4.41920053e-02  1.30187456e-01
  -1.24511448e-01  5.75010945e-02  2.72864499e-01 -4.48881821e-01
  -6.24827886e-02  9.65157274e-02 -2.20256254e-01 -1.73720445e-01
  -1.81659766e-01 -7.29616960e-02 -1.36953996e-01]]
Singular Values 
[18.14665488 15.21873147 13.62773038 12.28384832 12.09980199 11.60391413
 10.77731144 10.74648     9.69492384  9.58480114  9.00489831  8.48745556
  8.01993801  7.87228101  7.11796178  6.64969356  6.50463209  6.10126024
  5.25832008  5.16931902  4.10946528  4.02291731  3.62482388]
Singular Vector V (transpose) 
[[-2.37340664e-01 -1.45401378e-01 -2.91861768e-01  1.61248331e-02
  -9.41578986e-02 -1.15639675e-02 -8.06924072e-02  5.47648577e-03
  -3.32426108e-02 -1.73616060e-01 -9.45482790e-02 -3.61128719e-01
  -6.24118391e-02 -1.79357227e-01  1.10562519e-02 -1.32586663e-01
  -6.31398800e-02 -1.99929635e-01 -2.31328867e-01 -4.58957731e-02
  -1.19625064e-02 -1.55694073e-01 -2.59867825e-01 -2.95372087e-01
  -2.61048999e-01 -3.51530036e-02 -1.32328738e-01 -9.45789920e-02
  -5.32018840e-02 -4.05849915e-03 -9.48679310e-02 -1.67586204e-01
   8.10525862e-02 -8.68128366e-02 -4.74124753e-02 -1.49129940e-01
  -2.13246470e-01 -1.70522736e-01  9.69363920e-03 -5.54016763e-02
  -2.22776933e-01 -1.04237102e-01 -7.65844875e-02]
 [ 5.06233053e-02  2.59161868e-02 -1.29285882e-04 -4.09830803e-02
   1.34113544e-01 -1.56302942e-01  2.13437336e-01 -1.14570556e-02
   4.25867265e-02  2.44644895e-01  5.24450818e-02  1.45928380e-01
   3.37119822e-01  1.10777775e-01  1.47420572e-01 -7.81153980e-02
  -7.59833038e-02 -1.34771511e-01 -1.55196425e-02 -1.60296732e-01
   1.28082311e-02 -1.31981062e-01  8.61515051e-02 -4.44674804e-02
  -1.30827635e-01  3.78917362e-01  1.31299098e-01 -7.19650474e-02
  -5.49378468e-03 -1.23330296e-01 -7.27354292e-02  5.99702389e-02
   5.50540580e-02  7.84181005e-02 -4.73452575e-02  2.45824423e-01
  -3.25455076e-01 -1.99012053e-01  2.45610369e-01 -9.30232109e-02
  -2.57849500e-01  1.74861393e-01  1.10601543e-03]
 [ 2.61285772e-01 -3.86384054e-01 -5.36250442e-02 -1.59963031e-01
  -2.63010652e-01 -4.41922821e-02 -1.56832671e-01  1.17702745e-01
  -1.37777627e-02  1.54492196e-01 -1.47909606e-01  1.27394626e-01
  -9.67104367e-02  5.96171509e-02 -1.18646973e-01  5.35620035e-02
  -7.00212418e-02 -1.21910062e-01  1.10989075e-01 -1.23907908e-01
   1.19347453e-01 -2.24148499e-02 -1.05434190e-01 -5.42147629e-02
   2.08517382e-01  1.18708824e-01 -2.01020893e-01 -1.91131315e-01
   1.69520017e-01 -6.77441694e-02  1.08848751e-01 -6.29891909e-02
   1.31083069e-01 -7.68476798e-02 -2.59901256e-01  9.40021908e-02
   1.52515708e-01 -1.04957774e-01 -1.83237448e-01 -2.72788720e-01
  -2.64578254e-02  1.10292028e-01  1.94629958e-01]
 [ 5.02168541e-02  1.69785854e-02  2.46312372e-01  4.07014193e-02
  -2.15667200e-02  1.40026791e-02 -3.46771479e-02 -2.16191128e-01
  -3.44269338e-01 -5.03005816e-02 -8.38642276e-02  6.99788652e-03
  -1.65968605e-01 -1.97735973e-01  4.34109083e-02 -3.43000319e-01
   1.11170555e-01  3.08812794e-03  2.32555733e-01 -8.11354756e-02
   1.23366260e-01 -4.15848532e-01  2.49897547e-01  1.44032067e-01
  -1.72500259e-01  8.34154502e-02  1.30633676e-01 -1.00003437e-01
   1.48057169e-01 -4.77458052e-02 -3.45674976e-03 -1.74971804e-01
  -1.31760169e-01 -3.82657628e-02 -1.14035789e-01 -2.00577834e-02
  -2.77067608e-02  7.37233893e-03 -7.63401178e-02  6.39190196e-02
  -1.02026024e-03 -2.01624305e-01  1.59196757e-01]
 [ 2.00701844e-02 -2.20302290e-01  2.68701331e-01  4.76616269e-02
   8.89994453e-02 -9.95771493e-03 -7.79084177e-02  1.87573378e-01
  -4.00509342e-01 -3.20281310e-02 -7.20676434e-02 -3.37703740e-02
   1.15605124e-01  1.08507073e-01  5.62495469e-02  2.67778119e-01
  -1.21107083e-01  1.74715715e-01 -1.27160966e-01 -6.77644620e-02
  -5.66866881e-02 -1.69430769e-01 -1.33766213e-01 -2.15959550e-01
   1.08047229e-01 -7.91394011e-02  9.00693066e-02 -1.39711548e-01
  -1.02894211e-01 -1.39240192e-01 -9.96223077e-02 -2.53453949e-01
  -4.24705579e-02  1.73625513e-01  7.28407265e-02  1.50231419e-01
  -8.56797601e-02  3.16908474e-01  1.33439545e-01 -8.88303419e-02
   1.53246402e-01 -5.41192335e-02 -1.66499468e-01]
 [ 1.06616409e-01  4.56526137e-02 -4.55556264e-02 -1.72758064e-01
  -1.92935522e-01 -5.22705190e-02 -2.70336995e-01 -2.32258161e-01
  -5.01091705e-03 -2.61995370e-01 -2.57347278e-01 -1.86954147e-02
   2.02300734e-01  1.88134058e-01 -2.67298417e-01 -1.34975359e-01
  -5.92885466e-04 -1.27512712e-02  1.21681815e-01 -2.74174259e-01
  -2.11841595e-01 -2.68819840e-02  8.78969165e-02  1.93912516e-01
   7.49091626e-02 -1.97004558e-01  7.92484837e-02  2.00641459e-02
  -2.12747565e-01 -6.91539387e-02 -1.99682987e-01  1.51829695e-01
   1.76815448e-01  1.83901845e-02  7.68569139e-02  7.36070681e-02
  -2.91382081e-02  1.28360588e-01  9.28170805e-03  1.83554022e-02
  -2.41709348e-01  3.24743537e-02 -1.45323822e-01]
 [ 2.24325053e-01  2.89973211e-01 -9.28681556e-02  2.76761199e-01
  -9.94393781e-02  1.90390481e-01 -1.41226719e-01  1.01162215e-02
   1.43860905e-01 -5.88116922e-02  1.81523712e-02  7.63019779e-02
  -5.02250555e-02  7.21726319e-02  1.73559407e-01  1.77277514e-01
  -2.69027618e-02  7.31262110e-02  5.28071335e-02 -2.82496029e-01
  -1.76569972e-01 -2.36918324e-01 -1.31476740e-03 -2.28053691e-02
