Method Singular Value Decomposition(One of the PCA methods)
X = U(SIG)V*

X shape (nxm)

U shape (nxn)

(SIG) shape (nx1)

V shape (nxm)

Kinase AURKA
Singular Vector U 
[[-0.29034761  0.14571352 -0.39613721  0.04496321 -0.32201394]
 [-0.16607925 -0.05281695  0.01532067 -0.34310423 -0.35936125]
 [-0.089148    0.23241842 -0.38652766 -0.18619672  0.085504  ]
 [-0.11582839  0.29376405  0.18179437 -0.17414492 -0.08047391]
 [ 0.073324    0.22025581  0.07613603  0.23331118 -0.25131568]
 [ 0.18621398  0.41899822 -0.12024112 -0.11297919  0.04012924]
 [ 0.27706137 -0.08025192  0.03127451 -0.16297038 -0.21963194]
 [-0.36878955 -0.34639075  0.02212172 -0.05315262 -0.006773  ]
 [-0.24537593  0.11146757  0.02033879 -0.02793078  0.14986876]
 [ 0.13124639  0.11616904 -0.01588983 -0.15047138  0.4451444 ]
 [ 0.03271082 -0.04206437 -0.43402167  0.38503349 -0.13438491]
 [-0.23524929  0.17942047  0.18418963  0.14100725 -0.32259928]
 [ 0.05948481 -0.12383175 -0.29144078 -0.32711914  0.20760508]
 [-0.04478415  0.01692804 -0.38292797  0.22396105  0.1548182 ]
 [-0.09839782  0.31813075 -0.18546022 -0.11186717 -0.11643526]
 [-0.35124967 -0.2552155  -0.00738664 -0.2157753   0.02008317]
 [ 0.0693461  -0.01307092  0.05243823  0.37048099  0.22097915]
 [-0.35372541 -0.03909384  0.10689417 -0.0149077   0.19187633]
 [-0.39244756  0.17116562  0.04696784  0.22822658  0.15777576]
 [-0.13938853 -0.05091561 -0.19744539 -0.07369743  0.2198608 ]
 [ 0.02559454 -0.3607185  -0.19875757  0.20191322 -0.11748661]
 [ 0.02000998  0.09152862 -0.16391976 -0.23486785 -0.03768359]
 [-0.19248789  0.26689758  0.16714131  0.14126537  0.20603223]]
Singular Values 
[9.85108717 8.73343474 6.91632501 6.76983025 5.53060174]
Singular Vector V (transpose) 
[[ 0.14955485 -0.48394158  0.21553404 -0.82112259 -0.15078682]
 [ 0.10653061 -0.42494306  0.44715862  0.25168375  0.73809152]
 [-0.46421048 -0.71568678 -0.4091503   0.26424578 -0.18727325]
 [ 0.09467734  0.08039556 -0.72928846 -0.32931315  0.5867401 ]
 [-0.86129519  0.25797855  0.23308502 -0.29006896  0.23054074]]

Kinase IKBKB
Singular Vector U 
[[-0.27498929  0.03616539  0.36119368  0.0484222   0.19925655 -0.02844236
   0.09302519]
 [-0.19882278 -0.15256933 -0.24347803 -0.32627318  0.18703946  0.03558737
  -0.03762978]
 [-0.13530846  0.19930529  0.04264975 -0.10786367  0.27301785 -0.00129087
   0.06962214]
 [-0.15272317  0.14144487 -0.01531838  0.16008572  0.38805358  0.2529215
  -0.12472357]
 [-0.14908922  0.00885476  0.0363199  -0.18565014  0.03016991 -0.6126105
   0.12480941]
 [-0.21455891  0.06681383 -0.08876593  0.2851653   0.05149906  0.1625232
   0.39782229]
 [-0.15191134 -0.29717177 -0.17616211 -0.04690383  0.21826526 -0.12821725
   0.25218199]
 [ 0.24937767  0.06680678 -0.02205002 -0.00592077  0.04714035  0.12870584
  -0.02522408]
 [-0.29944594 -0.45074987  0.00901529 -0.07527466 -0.0994935   0.03924394
   0.00380218]
 [-0.22118699 -0.08456557 -0.20727862  0.18736971 -0.61475296 -0.18100949
   0.0923903 ]
 [-0.20570851  0.02078351 -0.20782678  0.35936749  0.04915716 -0.26017077
  -0.46883164]
 [-0.05617294 -0.22785169  0.52691043 -0.10074453 -0.08294846 -0.05522164
  -0.27200129]
 [ 0.02340839  0.12108114 -0.49458347 -0.24935217  0.0886373  -0.12350192
  -0.02418149]
 [-0.37825068 -0.05352451  0.01848331  0.46551748  0.1588018  -0.04922731
   0.02630536]
 [-0.33029626  0.23542519  0.19823017 -0.32861472 -0.10963505 -0.09153649
  -0.01679381]
 [-0.22057152  0.23620287 -0.14004124 -0.01037013 -0.19525585  0.40497848
  -0.01207845]
 [ 0.07322878  0.39732485  0.00488265  0.15970151  0.01295469 -0.25622505
  -0.19275368]
 [ 0.14145582 -0.04506738 -0.07023994  0.26139283 -0.09047919 -0.06975832
   0.11361509]
 [-0.04954823 -0.17046749 -0.23166367 -0.08613007  0.31316474 -0.08660993
  -0.12849459]
 [-0.19261341  0.13988375  0.14312683  0.02301636  0.07829557  0.01018176
  -0.0499491 ]
 [-0.20433376 -0.22414409 -0.10875926 -0.11333666 -0.13985564  0.33802916
  -0.3973145 ]
 [-0.20540939  0.34263952 -0.09385731 -0.15434736 -0.1383843  -0.03657766
  -0.26649752]
 [-0.23533784  0.2253533  -0.00200752 -0.17442845 -0.12313263  0.10204868
   0.35981159]]
Singular Values 
[12.64417621  8.42705903  7.44239672  6.56576845  5.66594794  5.51696739
  4.24867987]
Singular Vector V (transpose) 
[[-0.36512619 -0.09694944 -0.66323233 -0.46589107 -0.33717076 -0.20646287
  -0.20985953]
 [ 0.48561191 -0.20717315  0.00399134 -0.35489164 -0.15016194 -0.3884631
   0.64949531]
 [-0.01794735 -0.37734566 -0.06606779  0.35076735  0.37657931 -0.72164464
  -0.25942724]
 [ 0.60171687  0.59749537 -0.12352059 -0.03178227 -0.11771708 -0.23373382
  -0.44292193]
 [-0.36711807  0.36530782  0.17064769  0.42143272 -0.55806437 -0.37898555
   0.26454198]
 [ 0.07975352 -0.41779949  0.57057785 -0.2098627  -0.49755681 -0.03639513
  -0.44787737]
 [-0.35685059  0.37454428  0.43105097 -0.55794418  0.38613386 -0.29344907
  -0.0074755 ]]

Kinase RPS6KA1
Singular Vector U 
[[-0.12537039 -0.03977816  0.11736686 -0.28433967  0.13462007  0.17744746
  -0.28927459]
 [-0.16852574 -0.16228556 -0.03637683 -0.33823792  0.27732334 -0.49174029
  -0.04186732]
 [ 0.05046679  0.23068634  0.05786852 -0.3987397   0.12765056 -0.00240758
   0.1516739 ]
 [ 0.36186188 -0.05934134  0.09728222 -0.03777294  0.38304566  0.18176476
  -0.12835633]
 [ 0.10335319  0.02242411  0.24885797 -0.13035818  0.13843586 -0.16638973
  -0.18687585]
 [ 0.03045507  0.26925007 -0.07118152 -0.03541076  0.17747256 -0.02068204
   0.23612023]
 [ 0.199209   -0.19975544 -0.19690642  0.02598616 -0.00113021  0.33097639
  -0.33713021]
 [-0.23876413  0.162566   -0.08418228 -0.36515476 -0.27489452 -0.2370735
  -0.27799564]
 [ 0.25293424 -0.11050332 -0.09634253  0.16336854  0.27230111 -0.08482548
   0.19337027]
 [ 0.18411158 -0.45150821  0.20206012 -0.21708842 -0.18734375 -0.11198242
   0.35621197]
 [ 0.09182872 -0.38353703 -0.09716452  0.04250831  0.02148401  0.09806631
  -0.17304941]
 [ 0.33370029  0.01933037 -0.35157214 -0.18045402  0.03202368 -0.19716334
  -0.21495391]
 [ 0.27311821 -0.00633    -0.44002352 -0.05072147 -0.11729904 -0.22220009
   0.14009712]
 [ 0.28338779 -0.11979239  0.1579343  -0.18939451 -0.1051862   0.12519231
   0.01258934]
 [-0.35563197 -0.05391019 -0.15368196 -0.18146513 -0.02990047  0.42960905
   0.37339199]
 [-0.12773373 -0.40123332 -0.35054979 -0.05159035 -0.04131679 -0.10921691
   0.2296959 ]
 [-0.16579942  0.04103823 -0.24842393  0.07704518  0.33949958 -0.03872689
   0.07500425]
 [-0.12754838 -0.27990427  0.21186893  0.15623515 -0.21256715 -0.1333471
  -0.12782311]
 [ 0.05837829  0.17393539 -0.38221449 -0.17336091 -0.11008027  0.28582679
  -0.08438977]
 [-0.19741057 -0.23700975  0.00579213 -0.30110728  0.31356398  0.15941325
  -0.11601822]
 [-0.06195287 -0.04979345 -0.17485032  0.03999016 -0.35064166 -0.02023107
  -0.23916541]
 [ 0.15324418 -0.06679559  0.10407859 -0.36802933 -0.19860961  0.20538686
   0.13434824]
 [ 0.2920208   0.24654953  0.12993296 -0.14742561 -0.21043803 -0.03239228
   0.15257701]]
Singular Values 
[9.92218955 9.12442063 7.80695308 6.25559994 5.48411965 4.20905249
 3.08383121]
Singular Vector V (transpose) 
[[ 0.66683235 -0.49212698  0.35401853  0.26027309 -0.03208134  0.18804868
  -0.28928003]
 [-0.11476162 -0.43345991 -0.6526244   0.48685274 -0.29902731 -0.21576483
   0.0051265 ]
 [ 0.14390759  0.25773699 -0.03631414 -0.21067788 -0.29472192 -0.56748722
  -0.67694579]
 [-0.22083887 -0.61522558 -0.16305475 -0.59281748  0.36909367 -0.00829568
  -0.24168016]
 [ 0.05702034 -0.30430908  0.33654413 -0.28690072 -0.43668829 -0.46606563
   0.54832186]
 [-0.08840398 -0.00726028 -0.10396748 -0.3198501  -0.69553643  0.61523189
  -0.12937346]
 [ 0.6794252   0.17982195 -0.54477106 -0.33881927  0.10952036  0.01565944
   0.2867604 ]]

Kinase CDK6
Singular Vector U 
[[-0.065671    0.05550369 -0.10520726  0.30634619  0.23472612]
 [ 0.01241313  0.04634291  0.00190291  0.21871456  0.39403509]
 [ 0.21071274  0.17026988  0.38903947  0.10689139 -0.24508947]
 [-0.11320332 -0.07720287 -0.23857584 -0.05273213 -0.12854244]
 [-0.24497863  0.28087793 -0.1232295  -0.05364002  0.21841182]
 [-0.08446804  0.05584488 -0.36893422  0.22949393 -0.13079844]
 [-0.09660157 -0.36202046  0.11964397 -0.06606974  0.006342  ]
 [ 0.11417789  0.13967771  0.1238928   0.19624276 -0.00784065]
 [-0.41263019 -0.05867647  0.35460154  0.26944026 -0.16147105]
 [-0.16843112  0.25208385 -0.01364466  0.38898514 -0.33962176]
 [-0.14627785 -0.13725984 -0.12370734 -0.27964594  0.05207958]
 [-0.10534698  0.30774715 -0.06886309 -0.0435409   0.36944273]
 [ 0.26941689  0.03814988 -0.12442891  0.20311076  0.02436317]
 [-0.03971886 -0.30220387 -0.1751703   0.13463896 -0.01134083]
 [ 0.2172153  -0.29750286  0.11013711  0.14441802 -0.03246133]
 [-0.22239982  0.04400474 -0.27505447  0.31148301  0.12739604]
 [ 0.05366854 -0.18900413 -0.00298515  0.07974048 -0.24690844]
 [-0.43059228 -0.03862764  0.09711853 -0.25204565 -0.07535154]
 [ 0.00684571  0.27599138 -0.03538809  0.15388998 -0.30744837]
 [-0.319789    0.10921545  0.47105817 -0.00349343  0.17761759]
 [-0.12342225 -0.43176208 -0.04205656  0.27351384  0.12698997]
 [-0.36633986 -0.05110229 -0.22700704 -0.08078561 -0.31391438]
 [-0.08261714 -0.22165567  0.18406309  0.29917774  0.20525543]]
Singular Values 
[8.93377316 7.50125741 6.56383831 5.59046768 4.85243906]
Singular Vector V (transpose) 
[[-0.3575672  -0.51036209  0.21326037 -0.17736533 -0.73125768]
 [ 0.47935605 -0.48024345 -0.49028283  0.52042075 -0.16843099]
 [-0.7106624   0.03325133 -0.04840995  0.68618433  0.14373881]
 [ 0.34469268 -0.07279364  0.8388459   0.41415751  0.02644174]
 [-0.1360492  -0.70886684  0.0902042  -0.23521992  0.64461865]]

Kinase HIPK2
Singular Vector U 
[[ 0.02936497  0.464353    0.1323217  -0.07516712]
 [ 0.1542606  -0.21232768  0.09175498 -0.21392887]
 [ 0.21610138  0.16195831  0.00744507  0.09603887]
 [-0.06330719  0.18052589 -0.06258993 -0.05026455]
 [ 0.21716448 -0.04147457 -0.3653608  -0.12368775]
 [-0.17709312  0.4510525   0.02195452 -0.19313908]
 [-0.10722648 -0.20080052  0.16653003 -0.02289385]
 [ 0.15130329  0.08082658  0.0631786  -0.0264507 ]
 [-0.16486583 -0.08199444 -0.00307422 -0.26899576]
 [ 0.03061302  0.1168194   0.18862162  0.28163834]
 [ 0.23581976  0.18980637 -0.03898614  0.42073149]
 [-0.23760812  0.2029611  -0.32729784 -0.20996172]
 [-0.26197728  0.09941162  0.30908419  0.09508004]
 [-0.29112768 -0.14535993  0.37724983  0.04623387]
 [ 0.26118915  0.08111534  0.20491684 -0.28853783]
 [-0.2731138   0.03881111  0.22986315  0.04280299]
 [-0.23544417  0.25292683  0.23710023  0.10152242]
 [-0.15762435  0.3827342  -0.32672901  0.07691406]
 [-0.19583102 -0.04921225 -0.12989116 -0.19341692]
 [-0.32249487 -0.1906799  -0.13162157  0.00450126]
 [ 0.11018636  0.04763329  0.22726623 -0.5093108 ]
 [-0.29677698 -0.02745002 -0.20167709 -0.15984247]
 [ 0.22909959  0.19875264  0.19495394 -0.27453131]]
Singular Values 
[9.60610286 7.66912316 6.45391902 5.47356391]
Singular Vector V (transpose) 
[[-0.94045869  0.07375607 -0.26078842  0.20515089]
 [ 0.31473764  0.07899217 -0.46446904  0.82399573]
 [-0.01759693  0.87541186  0.44973401  0.17630583]
 [-0.12715348 -0.47114155  0.716936    0.49785581]]

Kinase AKT1
Singular Vector U 
[[-2.30894429e-01 -1.53397996e-01  9.43763006e-02 -1.29879804e-01
   2.99994318e-02 -8.93080783e-03  3.09680956e-01 -4.01551659e-01
   3.06523733e-01 -1.56819813e-01  2.36135396e-02 -8.97188600e-02
   5.52119692e-02 -9.89894853e-02  2.69597000e-01 -2.40754977e-01
   1.44888378e-01 -1.41777501e-01  1.64847939e-01 -7.86059332e-02
  -2.49748570e-01 -2.91162961e-01  3.83417332e-01]
 [ 5.31850518e-02  1.77188295e-01  1.66563919e-01  2.00479761e-01
  -1.33988663e-01  2.00133813e-01  8.12983199e-02 -2.87111229e-01
  -1.88244284e-02 -3.44507238e-01 -7.57014417e-02  1.35466391e-01
   1.05698214e-02 -6.87678924e-02  1.66087311e-01  3.22300443e-02
   4.85327341e-03 -8.50224215e-02  3.96391378e-01  7.65902175e-02
   4.48164612e-01 -1.39351375e-01 -4.28591140e-01]
 [ 2.69857704e-02  1.21396509e-01 -6.24871921e-02  5.42621257e-02
   1.63267549e-01 -3.45658797e-01  2.16283441e-01  1.09976644e-01
   2.35694479e-01 -1.59500999e-02 -5.38547679e-01 -1.63258328e-02
  -1.98866689e-01  2.61388268e-01 -1.14464515e-01 -5.52007032e-02
  -3.08295834e-01 -6.60849517e-02  1.80140148e-02 -1.56109239e-01
   3.55807342e-01 -9.36900923e-02  2.07517820e-01]
 [ 8.50762906e-02  2.77309202e-01 -5.92365035e-02  1.92522884e-01
  -2.62404921e-01 -4.95279625e-02  2.57529656e-01 -3.48436339e-02
   2.59116082e-02 -1.59735358e-01 -3.34730245e-02  5.05356644e-01
   7.13691015e-02  2.49678059e-01  1.05864311e-01 -1.72931599e-02
  -1.99708792e-01 -5.90432728e-03 -1.66501924e-01  3.60480927e-01
  -3.96356374e-01  1.21646302e-01  7.29864884e-02]
 [ 2.26101200e-01  3.17665549e-01 -1.20750315e-01 -4.43028039e-03
  -2.27786351e-01 -2.47720990e-02  2.25659130e-01  1.82085543e-01
  -1.44818053e-02 -2.11531668e-01  3.06898043e-01 -3.31358567e-01
  -5.39035014e-02  1.23858604e-02  1.72830924e-01  4.38234606e-01
   1.12957685e-01 -2.07410728e-01  4.56432659e-02 -1.69190688e-01
   1.09644568e-01  1.47659146e-01  3.20245439e-01]
 [ 2.21018851e-01 -2.41954230e-02  5.17272900e-02 -1.27075061e-01
   2.13236634e-01  1.31592618e-01  1.54301559e-01 -1.03804085e-01
  -5.19740831e-01  7.05348044e-02 -1.18783639e-01  2.05410566e-01
  -4.64562616e-01 -9.73496180e-02 -1.43562209e-01  1.45500189e-01
   1.03437907e-01  9.21993160e-02  2.90576807e-01  1.40169692e-01
  -9.81128411e-02 -1.21824981e-01  2.96877424e-01]
 [ 3.28613707e-02  1.98458390e-01 -2.85936827e-01 -4.34795560e-01
   3.60801982e-02  3.82764629e-01 -1.30194788e-01 -1.05962756e-01
   1.93308519e-01  8.02722375e-02 -2.39114335e-02  1.07422210e-02
  -5.98057218e-02  1.38433149e-01 -1.21272131e-01  7.76365056e-02
   5.07171784e-02 -3.37549659e-01 -2.83509039e-01  3.17469633e-01
   1.52118493e-01 -3.21842649e-01 -1.91091568e-02]
 [-3.62587330e-02 -2.15215728e-01 -3.94566717e-03  4.09131490e-01
   4.19385700e-01  2.62603498e-01  6.98204601e-02  7.02984971e-02
  -1.90492265e-01 -8.56023702e-02  1.04790184e-03 -2.57762754e-01
   1.73284964e-01  4.92179497e-01 -2.45470904e-03  4.58309479e-02
  -5.04893636e-04 -3.32191886e-01  6.49935344e-02  9.19404622e-02
  -1.47389166e-01 -1.68404952e-02 -2.88598447e-02]
 [ 1.85831870e-02  4.47298848e-01 -1.90146455e-01  4.82728571e-02
   3.93132841e-01  1.94211007e-03  1.11414472e-01  3.21449883e-01
   1.22340078e-01 -1.39890557e-01 -2.04318217e-01 -2.31605069e-02
   1.13156239e-01 -2.14240040e-01  3.35927156e-02 -8.04456731e-02
   4.31190050e-01  2.06563335e-01  5.31182537e-02 -2.38708465e-02
  -2.40279673e-01 -1.36144675e-01 -1.98534143e-01]
 [-5.76851558e-02  3.58684875e-02 -3.50764336e-01  1.89501813e-01
  -2.95516928e-01  3.32239103e-01  5.46496652e-02  1.14528965e-02
   2.34753042e-01  3.64962962e-01 -4.78032630e-02 -2.56037063e-02
   1.09067749e-01  1.98145245e-02 -3.05637652e-01  7.90154477e-02
  -1.29773397e-01  1.36877682e-01  4.95612091e-01 -1.46951963e-01
  -1.52903060e-01 -5.59426155e-02  5.57031811e-02]
 [ 1.39845135e-01 -2.02029311e-01 -1.26225448e-01 -8.57728126e-02
   2.02519043e-01  4.04756511e-01  1.76507023e-01  1.87376777e-01
   1.39872940e-01  1.08601725e-01 -4.41907321e-02  2.20184808e-01
   1.24889030e-01 -1.14126088e-01  3.67696268e-01 -1.89864047e-01
  -5.31356824e-03  9.05130773e-02  1.53950526e-02  6.87236142e-02
   3.20771025e-01  4.51450928e-01  2.09008158e-01]
 [ 1.02881405e-01 -9.78288243e-03 -4.41023356e-01 -1.04384163e-01
   2.57814079e-01 -8.28922092e-02 -1.41072484e-01 -2.95258211e-01
   5.35260666e-02 -1.29326361e-02  1.25428828e-01  5.73887656e-02
  -3.08756443e-01  1.33206992e-01  3.86199377e-01  1.09605640e-01
  -2.47852658e-01  5.53089057e-02  5.96587424e-02 -3.15875860e-01
  -2.10487711e-01  9.57309471e-02 -2.93106807e-01]
 [-1.38489107e-03 -1.86982480e-01 -4.99418712e-01 -8.65201302e-02
  -9.27115996e-02 -3.16037632e-01 -1.04874093e-01  4.93034553e-02
  -2.70127454e-01 -1.90114171e-01 -1.62161892e-01  5.99924414e-02
   2.50332984e-01 -2.90861113e-01 -7.33283780e-02 -1.39210259e-01
   1.84639651e-03 -4.45672866e-01  2.19156994e-01  1.28066028e-01
  -6.35944625e-03  1.09007907e-01  1.46115237e-02]
 [ 3.07017692e-01 -2.84323821e-01 -1.69260197e-01  5.83681856e-02
   3.62042662e-02  1.54158732e-01 -7.36878516e-02 -2.67392718e-02
   1.16990439e-01 -5.88531257e-01  2.16688927e-02 -1.23016272e-01
   8.64157824e-02 -1.29152026e-01 -2.40822135e-01  5.68413966e-02
  -2.46019357e-01  4.02701689e-01 -1.55788353e-01  5.36833252e-02
  -1.33260333e-02 -1.80990656e-01  1.33453664e-01]
 [ 1.89813114e-01  7.86803622e-02  3.88043370e-03 -3.76084684e-01
  -2.57828376e-01  2.20972335e-02  1.17917330e-01  1.86069128e-02
  -2.13356880e-01 -2.45023324e-02 -1.44943051e-01 -4.74778097e-01
   1.56431919e-02  3.22615309e-01  1.11434287e-01 -4.22167546e-01
  -3.76044649e-02  2.31728002e-01  1.55966034e-01  1.58328371e-01
  -8.96773760e-02  1.05393486e-01 -1.54736769e-01]
 [ 2.39884912e-01 -1.49947806e-01 -1.90948164e-02  2.02226559e-01
  -1.21896158e-01 -1.36693792e-01 -3.98790176e-01 -1.86732154e-01
   3.28491845e-01 -1.17323008e-02 -2.30783890e-01 -5.35030337e-02
  -2.07006494e-01  1.81326902e-01  3.97859645e-02  8.33871547e-02
   5.14873097e-01  3.54481975e-02  9.58876545e-02  2.41948143e-01
  -2.28471845e-02  2.34165989e-01  1.15709121e-01]
 [-8.78651936e-02 -4.34081458e-02 -2.97096872e-01  2.06087675e-01
   6.62392312e-02 -1.78135443e-01  3.67659711e-01 -1.06803052e-01
   6.03402938e-02  3.61302809e-02  4.79939888e-01 -3.85515357e-02
  -2.93936895e-01  3.97193610e-02 -2.98003769e-01 -3.19143322e-01
   1.87594578e-01  8.08920084e-02 -7.62893177e-02  1.94031960e-01
   2.42191148e-01  7.15684279e-02 -1.12088974e-01]
 [ 4.34885275e-01 -1.48976855e-01  2.34805337e-01 -1.55703597e-02
  -7.86730872e-02  8.31585184e-02  1.23594818e-02  3.64871385e-01
   2.61183802e-01 -4.71377915e-02  1.26056992e-01  1.04767931e-01
  -3.07482044e-01 -9.71650678e-02 -1.01425791e-01 -2.93185797e-01
  -6.37484892e-02 -3.99390172e-01  9.39264085e-02 -1.66749729e-01
  -2.19399667e-01 -7.90074101e-02 -1.86538553e-01]
 [ 2.82423238e-01  6.90580820e-02  1.44697582e-01 -1.56151908e-01
   1.54861709e-01  2.01690869e-02  2.83831809e-01 -4.52544128e-01
   6.61314732e-02  4.31237085e-02 -1.37932771e-01 -3.27515146e-02
   2.54333819e-01 -8.15030477e-02 -4.10350753e-01  1.10042575e-01
   6.48078087e-02 -1.33450913e-01 -1.27500865e-01 -2.05527603e-01
  -9.91988702e-02  4.09873580e-01 -1.54599309e-01]
 [ 2.46603687e-01  1.73233703e-01 -1.32467339e-01  4.44766239e-01
  -1.57621654e-01  1.65771259e-01 -7.34327367e-02 -2.27476314e-01
  -2.45943430e-01  2.07124431e-01 -1.77690110e-01 -1.61384455e-01
  -5.16888372e-02 -2.37790716e-01  1.60523793e-01 -3.19729516e-01
   3.83228241e-03 -8.17557932e-02 -3.87599142e-01 -2.00727623e-01
   3.02682668e-02 -1.48997551e-01  1.25663549e-01]
 [ 1.01844418e-01  2.64953123e-01  1.17287648e-02 -8.44104349e-02
   8.98982684e-02 -9.16558925e-04 -3.48851442e-01 -6.72754467e-02
  -1.10716971e-01 -1.51407655e-01  2.64246730e-01  3.07472546e-01
   2.23539534e-01  3.45737946e-01 -1.70002084e-01 -3.39184688e-01
   1.29258395e-01  3.33829681e-02  1.46410030e-01 -3.52171795e-01
   1.35097194e-01 -1.88230846e-02  2.88046166e-01]
 [ 4.06416495e-01 -3.06302449e-01 -8.64229355e-02 -4.82679343e-02
  -8.22897204e-02 -2.38120317e-01  2.47526368e-01  3.82012792e-02
  -5.19724791e-02  2.70850563e-01  4.87775100e-02  1.86959678e-01
   3.33423222e-01  1.94462429e-01  1.61955700e-01  1.71498485e-01
   2.34298554e-01  1.11229373e-01 -5.12460148e-02 -8.32442816e-02
   1.16028552e-01 -4.23600904e-01 -1.31369353e-01]
 [ 3.14498197e-01  2.37918180e-01  1.39065131e-01  7.89570649e-02
   3.10207356e-01 -2.39569854e-01 -1.66622956e-01 -1.08348726e-01
   1.45608119e-01  2.73695248e-01  2.48795810e-01 -1.74210668e-01
   2.03884490e-01 -1.92138860e-01  7.47251349e-02 -3.36695045e-02
  -3.34194813e-01 -4.30384109e-03  2.30801549e-01  4.09425204e-01
   1.43929812e-02 -7.17413223e-02  1.19445651e-01]]
Singular Values 
[14.45232488 12.85747097 11.79402087 10.98325317 10.12699712  9.4934779
  8.79153478  8.6131897   7.84653187  7.54916702  7.19825901  6.23454336
  5.61068997  5.31892846  5.09632887  4.2965348   3.49169051  2.77492352
  2.31263045  2.25458204  1.46872406  1.20961105  0.8986368 ]
Singular Vector V (transpose) 
[[ 2.21989303e-01  5.42472044e-02  4.08774966e-01  3.08437113e-01
  -1.17313705e-01  1.30738436e-01  1.12801832e-01  2.11029926e-01
   2.96974216e-01  8.48236196e-02  3.34559831e-02  1.19781918e-01
  -1.15197614e-01  4.01417099e-01  2.00895687e-02  1.69907145e-01
   5.32883871e-02  1.52650376e-01  1.57966828e-01  2.57405735e-01
   9.86045246e-02  1.74087035e-03 -1.85791781e-01  1.27415237e-01
   3.12417762e-01  8.63927047e-02]
 [ 2.01076177e-01  3.02380325e-02  6.45887886e-02  1.81770656e-04
  -1.52737213e-01  4.37861150e-02 -2.93872776e-01 -3.36396103e-01
  -2.27394216e-01  1.19338053e-01  1.24543691e-01  5.87696126e-02
   2.24378565e-01 -4.26255298e-02  6.35595220e-02  1.53600790e-03
  -2.93444739e-01 -5.39828429e-02 -2.35340546e-01 -8.69781646e-02
   3.65934195e-01  1.68504368e-01  7.76979242e-02  4.59839081e-02
   3.90022342e-01  3.37710685e-01]
 [-5.41475253e-02  1.36807086e-02  1.58366473e-01 -1.05251646e-01
  -2.61300324e-01 -2.61255816e-01 -2.66460625e-01 -1.16890753e-01
   1.96922809e-01  1.42846228e-01 -1.60161571e-01 -3.36103077e-01
  -3.59894035e-01  2.85340321e-02 -1.80742584e-01 -2.01348166e-01
  -3.25867495e-01 -5.61592080e-02 -1.45738321e-01  8.28976971e-02
  -1.09900397e-01  2.03166806e-01 -2.57772028e-01  1.85881911e-01
  -5.88867793e-02 -2.07128393e-01]
 [-4.01750441e-01 -1.32790783e-01  4.17771263e-02  1.40851848e-01
   3.85318122e-01 -1.13590284e-01 -5.38625015e-02  7.63585715e-02
   2.03931219e-01  2.42908819e-02 -2.29015814e-01  9.65316045e-02
   1.45246617e-01 -9.84964241e-02  1.74856280e-01  1.52019034e-01
  -1.19072730e-02  5.91962881e-02 -4.47841134e-01  2.70415429e-01
   5.56992638e-02  1.80592314e-01 -1.98342892e-01  2.78741173e-02
  -1.00067747e-01  2.78690173e-01]
 [ 1.93312967e-01 -4.23743540e-01  1.20268868e-01 -4.81599295e-02
   1.40006124e-01 -2.52497040e-02  1.90273262e-01 -5.65736536e-02
   1.20900863e-01  2.12086908e-01  1.20997064e-01 -1.68736041e-01
  -4.68592396e-02 -3.53758053e-01  9.86902073e-02 -2.95843922e-01
   3.82430898e-01 -2.63580824e-01  1.03738379e-01  1.66416842e-05
   1.19568795e-01  5.34698992e-02 -7.64313864e-02  3.31120087e-01
   9.28999565e-02  1.07571070e-01]
 [ 7.60458451e-02  4.94779131e-03 -2.77491178e-01  3.38500932e-01
  -8.60537151e-03 -1.07321682e-01 -1.58604309e-01 -1.16615924e-01
   1.84366587e-01 -2.76837419e-01  1.91523941e-01  3.02576566e-01
  -3.58271708e-01 -4.67609869e-02  9.35761401e-02  5.05044726e-02
  -6.16057090e-02 -4.60714038e-01  1.06859089e-02  2.22376692e-01
   2.49736074e-01 -3.74342417e-02  1.09994763e-01  5.70545976e-03
  -1.26058932e-01 -1.18892253e-01]
 [ 1.63040186e-02  3.80600198e-01  2.80145463e-01  2.50114460e-01
   7.56585763e-02 -4.85155601e-01  1.25015731e-01 -1.26936730e-01
  -1.02213571e-02 -1.58962138e-01 -1.74627375e-01 -2.07055081e-02
   8.14932971e-02  8.35660669e-02 -1.99633032e-01 -9.63122381e-02
   2.36910639e-01 -2.47596236e-01 -5.09128859e-02 -2.12890911e-01
  -1.85697288e-01  3.71639252e-02  2.47969751e-01  5.74684330e-02
   4.84227535e-02  2.31516643e-01]
 [-2.72027150e-02  1.12331455e-01 -1.67652620e-01  3.24742377e-01
  -7.97156986e-02  3.36917178e-02 -1.03843179e-01  6.38059793e-02
  -6.86038374e-02 -3.46461905e-02  3.54638561e-01 -3.32664564e-02
   5.85204797e-02  1.02723091e-01  1.48719968e-01 -2.56140767e-01
   7.53012617e-02  1.92880240e-01 -3.63745361e-01 -2.17209695e-01
  -1.75831773e-01 -3.62946834e-01 -2.37081652e-01  3.87910046e-01
  -6.74312821e-02 -2.82555146e-03]
 [ 1.18375473e-01  1.69843189e-01  1.55761615e-01  2.01926622e-01
   4.12956963e-02  1.67638574e-01  4.44601509e-02 -4.69512419e-02
  -3.06189662e-01  3.88033882e-01 -2.89348379e-02  4.17843923e-01
  -3.66326503e-02 -2.44260483e-01 -1.58326931e-01 -2.24066862e-01
  -1.40820061e-01  7.76972467e-02  6.39407546e-02  2.95549740e-01
  -2.12598550e-01  1.19721186e-01  7.39279537e-02  1.15150350e-01
  -3.25916218e-01  1.73439053e-02]
 [ 4.94826887e-02 -1.50885263e-01  2.95663613e-02  1.59089968e-02
  -1.99394765e-02 -1.59692172e-01 -1.01053778e-01  9.53000823e-02
  -1.60294681e-01 -4.20005716e-01 -9.71425831e-02 -1.17060400e-01
   6.12112198e-02 -1.94470464e-01 -3.85185001e-01 -3.82858304e-02
  -1.34649175e-01  2.38897764e-01  2.39899684e-01  2.59888007e-01
   2.28227218e-01 -3.39013787e-01 -1.02095426e-01  1.76393779e-01
  -1.07749069e-01  3.02265663e-01]
 [ 4.98781267e-01  3.09418315e-01  1.64831743e-01 -3.36335253e-01
  -1.18699267e-02  1.55337457e-01 -8.69916470e-02  3.44793816e-02
  -6.32431359e-02 -2.19554258e-01 -2.22077752e-01 -6.05657420e-02
  -6.86579813e-02 -3.00416083e-02  2.92582349e-01  9.24095207e-02
   2.20145018e-01 -6.61972160e-02 -2.70246867e-01  9.68916481e-02
   8.96661391e-02 -4.27525796e-02 -1.43647016e-01  3.43916894e-02
  -3.29474012e-01  4.12715993e-02]
 [-3.12307601e-01  1.10006260e-01  2.51522324e-01 -3.50669084e-01
  -3.35762607e-01 -1.85320171e-01  2.86820772e-02  1.17912951e-01
   7.33376107e-02  1.32243538e-01  3.36641356e-01  3.83653802e-01
  -3.92978200e-02 -1.32276615e-01 -1.53659511e-01  9.41092411e-02
   1.71563599e-01 -9.49437984e-02 -5.73438902e-02 -1.26391148e-01
   2.06946669e-01 -1.33564065e-01 -2.23126955e-01 -1.03841872e-01
  -1.28215409e-01  1.09748707e-01]
 [ 5.04502397e-02 -1.89810924e-02 -3.72131935e-01 -1.46488942e-01
  -1.03820890e-01 -1.86626518e-01  1.84484463e-01 -2.11917119e-01
   9.69539748e-02  2.31416834e-01 -1.40932487e-01  7.39028144e-02
  -2.71449397e-01  3.20707540e-01  1.92140299e-01 -2.36476593e-01
   1.46003109e-02  1.85659677e-01  1.07165689e-01  4.95874042e-02
   1.49819340e-02 -1.11130545e-01  4.62891562e-03 -1.30459456e-01
  -1.27070611e-01  5.10449334e-01]
 [-6.08433677e-02  2.06416605e-01 -1.47792363e-01  2.86987963e-01
  -1.20065773e-01 -1.66264825e-02  1.19784133e-01  2.23371157e-01
  -3.30748655e-01 -8.59323278e-02  7.45589587e-02 -2.21279419e-01
  -2.41989869e-01 -2.40686246e-01  1.33016279e-01  6.94074298e-02
   7.26501049e-02  3.42825126e-02  1.75563892e-01 -1.29175478e-01
   6.58668412e-02  4.33497710e-01 -3.80699657e-01 -1.82827616e-01
   3.56765644e-02  1.85461878e-01]
 [ 1.22623910e-01 -1.38219516e-02  1.98014888e-02 -1.37112089e-01
   1.51145715e-01 -2.33848879e-01  2.24478807e-01 -2.79472433e-01
   1.91349057e-02 -3.55581323e-01  2.95553613e-03  3.94762455e-01
   1.30335285e-01 -1.76989182e-02  1.15098836e-01 -2.80385411e-01
  -9.37252477e-02  2.25674262e-01  6.74268189e-02 -1.99338375e-02
  -3.81060229e-02  1.81665303e-01 -3.80358065e-01 -3.75432263e-02
   1.97704542e-01 -2.88894057e-01]
 [-4.00593507e-01 -1.53937006e-01  3.95086469e-01  7.33129732e-02
  -1.82364889e-01  1.23474305e-01  4.83057957e-02 -2.27129995e-01
  -3.21538491e-01 -1.61588969e-01 -2.35340609e-01  2.28556636e-02
  -2.68085408e-01 -2.02738169e-02  4.49179539e-01 -4.95594189e-02
  -1.33607222e-02 -1.34588250e-02  7.63257369e-02 -7.92224011e-03
  -1.30600240e-03 -2.43149387e-01  1.20220861e-01  4.87894927e-02
   7.30546351e-02 -4.98918079e-02]
 [ 2.22943524e-01 -1.60934419e-01  9.74518960e-02 -2.96575196e-02
   1.59744866e-01 -4.35902148e-01 -3.52899388e-01  3.46522656e-01
  -2.63275370e-02  1.36344433e-01 -2.41900145e-03  1.85280624e-01
  -8.28066718e-02 -1.04043602e-01  3.50542949e-01  1.85396075e-01
  -1.88975233e-01  1.33759415e-01  2.20730263e-01 -2.86404571e-01
  -1.38913698e-01 -3.72690995e-02  1.09984676e-01  8.25799821e-02
  -3.33442461e-02  1.60146366e-02]
 [ 1.38614136e-01  1.84357004e-02 -1.68385619e-02  2.18478784e-01
   7.83912527e-02 -6.41689896e-02  1.49885334e-01 -2.70804592e-01
  -8.80924032e-03  3.05899087e-01 -2.21251050e-01 -7.03681212e-02
   1.44525796e-01 -1.11893894e-01 -2.18633484e-02  3.01660831e-01
  -1.70716830e-01 -2.42384091e-01  8.25818122e-02 -1.43154268e-01
   2.16658825e-02 -4.44557641e-01 -4.45347771e-01 -1.78341734e-01
  -4.75226684e-02 -9.06557777e-02]
 [-1.69039906e-01  3.97585056e-01  7.97332159e-02  3.04632952e-02
   3.55505170e-01  1.43121295e-01 -4.32919221e-01 -2.12177209e-01
   2.45509317e-01  1.11022428e-01  3.06199115e-02 -9.18320303e-02
  -7.74853159e-02 -1.32242382e-01  3.28903998e-02 -2.05025360e-01
   2.03632256e-01  2.33998248e-01  3.06640063e-01 -6.64739201e-02
   2.34823334e-01 -9.71464887e-02 -2.45709891e-02 -1.21597788e-01
   3.45214297e-02 -4.84826959e-02]
 [-1.39058279e-01  2.17318028e-01 -4.23164539e-02 -1.18172207e-01
  -6.87700186e-02  2.80081780e-01  1.54574489e-01 -5.66653207e-02
   3.53992409e-01 -1.64599709e-01 -1.16739412e-02  3.49593831e-02
   1.55676848e-01 -1.21757529e-01  1.40471052e-01  1.02462436e-01
  -3.56707619e-01 -1.57313529e-01  3.01776054e-01 -2.10805701e-01
  -1.45290919e-01  1.15081481e-01 -1.65907034e-02  4.27375044e-01
  -1.31481772e-01  2.49573549e-01]
 [ 5.33995502e-02  2.15866481e-01  2.73098060e-02 -1.59870821e-01
   1.10458182e-01 -9.87470686e-02  1.82133319e-01 -9.29550999e-02
   8.18339164e-02 -2.06444843e-02  3.53610258e-01 -1.71333055e-01
  -2.20766951e-01 -3.55313533e-01  9.56866835e-02  1.80030309e-01
  -1.44506518e-01  9.97654776e-02 -1.33808607e-01  3.36786510e-01
  -3.56859539e-01 -2.13268805e-01  1.23561410e-01 -1.20249020e-01
   3.26614602e-01  1.04918022e-01]
 [-1.77088199e-01  1.80597609e-01 -9.38288780e-02 -2.30501409e-01
   2.39618521e-01 -2.11060871e-01 -2.02982124e-02 -5.89405372e-02
  -3.87532942e-01  1.33091392e-01  1.98432616e-01 -1.18052968e-01
   1.15461312e-01  3.67402460e-01  1.02467468e-01  1.71500264e-01
   5.09314756e-02 -2.00721199e-01  2.32436609e-01  3.18754397e-01
   6.78032334e-02  4.51525987e-02 -1.13799298e-01  3.59592112e-01
  -7.46033439e-05 -1.06760986e-01]
 [ 3.38938790e-02 -9.00274329e-02 -8.23054985e-02  1.26100602e-01
  -2.65453840e-01 -1.37573020e-01 -1.54040090e-02 -4.50178868e-01
   7.83351923e-02  2.68866245e-02  3.16413137e-02 -1.67050253e-02
   3.21032093e-02 -1.28145510e-01 -1.50226836e-02  4.83353681e-01
   3.18017342e-01  4.08754671e-01  2.95036656e-02  8.02119237e-03
  -1.44073542e-02  1.86289761e-01  1.13425440e-01  2.25663397e-01
  -1.85747013e-01 -1.18235133e-01]]

Kinase PRKCI
Singular Vector U 
[[-0.03400451  0.18273744  0.16154628]
 [ 0.08257949 -0.30505581 -0.33379828]
 [ 0.03764495 -0.02434382  0.19792177]
 [ 0.2540216  -0.21252967  0.29871196]
 [ 0.25956161 -0.33385394 -0.28668598]
 [ 0.17756192 -0.03009982  0.06571632]
 [ 0.03282016 -0.22578969 -0.04874323]
 [-0.18829909 -0.17600488  0.08776861]
 [ 0.06253597  0.19526672  0.02177986]
 [-0.09385196 -0.19524264  0.28145404]
 [-0.00673018 -0.32254114  0.00325728]
 [ 0.16510348 -0.22733312  0.30724508]
 [ 0.39281651 -0.05929441  0.17181086]
 [ 0.31858525 -0.28804304 -0.17346091]
 [ 0.05686155 -0.1203779  -0.42709179]
 [ 0.30182351  0.20358441  0.00468991]
 [ 0.35574638  0.13871034 -0.06045504]
 [-0.16930488  0.05665386 -0.23516961]
 [ 0.32178629  0.15711932  0.03688057]
 [-0.14862852  0.14107925 -0.29769159]
 [ 0.24263301  0.24337742 -0.23022183]
 [ 0.23236768  0.3311671   0.03495222]
 [ 0.08227147  0.15210224 -0.13487482]]
Singular Values 
[8.35043933 7.20544623 6.52952925]
Singular Vector V (transpose) 
[[ 0.75194776  0.16483217  0.63828279]
 [-0.04864061 -0.95172342  0.30307857]
 [-0.65742578  0.25894572  0.70762876]]

Kinase AURKB
Singular Vector U 
[[-8.87200444e-02 -3.59678111e-02 -2.54335505e-01  2.95856967e-01
   6.66990201e-02  8.40705883e-02 -3.32495303e-01 -2.65474596e-01
  -5.90915372e-02 -1.20197432e-01]
 [-3.21459621e-01  7.09030364e-02  1.35189963e-01  1.65897164e-01
  -2.56841256e-01  6.23999355e-02  2.57074811e-01  5.86222797e-02
   9.00855916e-02  2.57251269e-02]
 [-1.11520409e-01 -4.98214551e-01  6.42856203e-03 -2.31030313e-01
   1.56909108e-01 -1.23182293e-01 -9.31400530e-02 -1.54733748e-01
   1.15690907e-01 -1.05139490e-01]
 [-3.25642052e-01 -1.16524202e-02 -1.53522603e-02 -4.43060259e-01
   1.99203237e-01 -6.41230366e-02  3.88166640e-01  3.67535778e-02
  -5.21381924e-03  2.75767720e-01]
 [-3.66130654e-01  3.52882679e-01  1.01727014e-01 -1.99958865e-02
   2.60919651e-04  1.70734775e-02 -2.90267164e-01 -1.99206150e-01
  -1.94460162e-01  1.64060002e-02]
 [-1.17194998e-01  1.06189662e-01  1.93072850e-01 -2.51745743e-01
  -3.92682860e-01 -1.63389651e-01  2.51445121e-01  7.02652261e-02
  -9.72508433e-02 -4.94636558e-01]
 [ 1.24984505e-01 -6.33793548e-02  1.33794309e-01  5.45712235e-02
   3.54645171e-01 -2.25378865e-01  8.45993151e-02  1.95997982e-03
  -1.19365592e-01  3.99132769e-02]
 [-1.09092561e-01 -1.43567991e-01  6.96095183e-02 -8.78357512e-02
  -3.46838513e-02 -1.13175927e-01  7.74037742e-02 -4.92860275e-01
   3.30057751e-01  2.10611850e-01]
 [-2.70129550e-01  5.65065536e-02  2.38597346e-01  9.72092538e-02
   4.95112081e-01  1.20122389e-01  1.38238270e-01  1.39778466e-01
  -1.48267919e-01  6.04262609e-02]
 [ 5.13389438e-03  1.05382118e-01 -3.34356662e-01 -2.40258794e-01
   9.18660798e-02  3.01352402e-01  8.21620771e-02 -2.71068684e-01
   1.24260004e-01 -2.87612704e-01]
 [ 1.34849450e-01  2.62875027e-01 -2.97755881e-01 -1.55057641e-01
   2.50712737e-02 -3.38815487e-01  2.13007083e-02  7.12611289e-02
  -1.18703119e-01  5.33688559e-03]
 [-4.09612277e-01 -1.25242712e-01 -2.39726512e-01  2.49766121e-01
  -1.08960942e-01  1.11829636e-01  9.22424155e-03 -3.22296416e-02
  -3.06853711e-01 -6.19773725e-02]
 [-1.79481366e-01 -3.64756857e-01 -1.26814897e-01 -1.49371959e-01
   8.56469339e-02  6.26380330e-02 -3.31312444e-01  4.04441944e-01
   2.30745719e-01 -1.96549165e-01]
 [-1.41311710e-01 -2.86006158e-02 -2.46765064e-02  9.74045260e-02
  -1.36247415e-01 -3.67813800e-01 -7.95973697e-02 -3.15758990e-01
   5.44254559e-02  3.39591427e-01]
 [-1.26498825e-01 -8.42401615e-02  2.50201804e-02 -1.53891993e-01
  -2.76135730e-01 -3.52852515e-01 -2.54612679e-01 -2.75609253e-02
  -1.25696881e-01 -7.59918507e-02]
 [ 7.60534596e-02 -2.07285242e-03 -2.68514240e-01 -4.27055056e-02
   1.49179256e-01 -3.29785354e-01  1.59762111e-01 -6.72540246e-02
  -3.47349693e-01 -2.20291968e-01]
 [ 3.09009744e-02 -2.90863603e-01  1.14557357e-01  5.66128241e-02
   2.58886191e-02 -8.68026171e-02 -8.64306783e-02  8.55249450e-02
  -5.28304409e-01  1.50590472e-01]
 [-3.88670046e-01  1.88802095e-01  1.08446606e-01 -2.13857946e-02
   2.54616439e-01 -2.98607277e-01 -2.38596944e-01  1.35705856e-01
   2.33558636e-01 -2.20378122e-01]
 [ 1.49117120e-01 -9.68106772e-02 -2.32205601e-01 -1.43607753e-01
  -4.51211356e-02 -1.70692692e-01 -7.87199046e-02  1.92310334e-01
   7.68237455e-02  2.09429555e-01]
 [ 1.93243231e-01  1.77766503e-01  1.16583019e-01  3.03812983e-01
   2.74960022e-01 -3.09356344e-01  3.48485601e-02 -9.86646026e-02
   2.35580735e-01 -2.77367258e-01]
 [-1.55152128e-01  2.71892161e-01 -5.29284709e-01 -3.23956169e-02
   8.64992450e-02  4.14169453e-03  1.75111780e-02  1.56383832e-01
   5.94584036e-02  2.07232304e-01]
 [-7.94706556e-02  2.31142773e-03 -6.51911055e-02  3.51929874e-01
  -2.05107052e-01 -2.07015759e-01  9.79362337e-02  3.76328256e-01
   2.53830559e-01  1.64371989e-01]
 [-1.41727954e-01 -3.31193243e-01 -2.55604427e-01  3.29245288e-01
   3.05792627e-02 -9.86476894e-02  4.34534609e-01 -8.38905173e-02
   5.63122048e-02 -2.15415235e-01]]
Singular Values 
[10.93085414  9.336655    8.67949968  8.13387446  7.35002015  6.57204924
  5.56555092  4.80964728  3.48531052  2.56028482]
Singular Vector V (transpose) 
[[-0.20342325 -0.37140482 -0.43520669 -0.58721568 -0.16527313 -0.23986128
  -0.03068783  0.11761818 -0.07228856 -0.42614583]
 [ 0.20457171 -0.08377624 -0.37409339 -0.09617679 -0.5170717   0.42794289
   0.24006245  0.13685455 -0.16454648  0.49799917]
 [-0.41326361  0.5145748   0.0969843  -0.22721269 -0.42556823 -0.07624047
  -0.31637948 -0.41046898 -0.18790854  0.1121744 ]
 [ 0.2408005  -0.44825245  0.24543823 -0.01878402 -0.09819398  0.47128293
  -0.56083088 -0.28493053 -0.12522682 -0.19324593]
 [-0.25752307  0.15028377 -0.56582576  0.38203306  0.15995054  0.40868869
   0.11012708 -0.33629254  0.03308826 -0.35505282]
 [ 0.21446156  0.10099834 -0.20085601  0.49244878 -0.49672881 -0.30039581
  -0.37994641  0.30625261  0.19052398 -0.22255374]
 [-0.57405133 -0.09913728 -0.00092682 -0.02453662  0.10957927  0.29695653
  -0.34372389  0.43827178  0.42738442  0.25876139]
 [ 0.09398576  0.22473373 -0.26009732 -0.00262487  0.40432928 -0.00589632
  -0.39334426  0.3408578  -0.65334835  0.10825514]
 [-0.48588843 -0.43743839  0.19954366  0.44024719 -0.17689118 -0.15131553
   0.19119686  0.04551009 -0.49454315  0.03921252]
 [ 0.03507124 -0.32380679 -0.36473595  0.1052034   0.18832769 -0.40377322
  -0.24676249 -0.44782353  0.15880423  0.51445364]]

Kinase ROCK1
Singular Vector U 
[[ 0.14681927  0.19249629 -0.52799213  0.02552395]
 [ 0.13069665 -0.14773111 -0.08593927 -0.16976355]
 [ 0.21739472  0.24902842  0.09336766  0.41208933]
 [ 0.18077037 -0.4242278  -0.37289111 -0.04250034]
 [ 0.45923778 -0.11201059  0.14786037  0.02893719]
 [ 0.03184654 -0.01781662  0.11317841  0.03387369]
 [ 0.11096103  0.27215926 -0.08427194 -0.08327484]
 [-0.26953954  0.07485357 -0.0428337   0.2261827 ]
 [-0.0253459   0.1279445   0.10339615 -0.45481963]
 [ 0.11893568 -0.13369448 -0.14236049  0.08606825]
 [ 0.21010106 -0.24664388  0.18209301  0.13619006]
 [ 0.15789807  0.34397465  0.31477791 -0.26181184]
 [ 0.30833044  0.11220348 -0.21105212  0.07194077]
 [-0.02973709 -0.14740193  0.07154379 -0.14467357]
 [ 0.08319573  0.37755747  0.07189186 -0.2911994 ]
 [-0.05854088 -0.14729269  0.20938381 -0.18947764]
 [ 0.35932461 -0.17700824  0.20736713 -0.0875658 ]
 [-0.06038201  0.14969583 -0.2934427  -0.06230649]
 [-0.11148362 -0.09295854 -0.17035844 -0.32765539]
 [ 0.46877865  0.0561548  -0.11072868 -0.1655204 ]
 [ 0.15143793  0.1190261  -0.06803459  0.0587574 ]
 [ 0.01661673 -0.27448327  0.22849219  0.0147543 ]
 [-0.07894307 -0.19899147 -0.18265587 -0.3750803 ]]
Singular Values 
[8.61765842 8.15227634 6.3840355  4.97244261]
Singular Vector V (transpose) 
[[ 0.25848343  0.65817988  0.57749676  0.40802336]
 [-0.85294542  0.32785667 -0.22894993  0.33552353]
 [ 0.23855076  0.66558104 -0.56290793 -0.42805383]
 [-0.38569931  0.12771505  0.54517345 -0.73328768]]

Kinase PAK1
Singular Vector U 
[[ 1.14243279e-01  1.92854653e-01  1.15100234e-02 -4.48262119e-01
   5.65520829e-02  4.83790512e-01  1.46237307e-01]
 [ 2.58843501e-01  4.70101801e-02  9.11128063e-02  5.26811015e-02
  -1.41862813e-01 -2.73606942e-01  9.04132057e-03]
 [-4.15249108e-02 -8.56493609e-02 -1.19768057e-01  2.79932811e-01
   2.86303276e-01  3.24656738e-01  2.74878642e-01]
 [ 1.94228605e-01  1.38980417e-01 -1.83909871e-01 -1.71802572e-01
   1.34203142e-01 -9.13446298e-02  1.24819983e-02]
 [ 3.05609704e-01  2.42073419e-01  2.11823091e-01  1.66383929e-01
  -3.57464809e-01 -3.53714640e-02  3.24222590e-01]
 [ 1.47453385e-01 -3.90564192e-01  1.17247493e-01  1.92534087e-01
   7.55810746e-02  2.66277928e-01 -1.72138591e-01]
 [-3.37084564e-02 -8.58805047e-02 -1.66309520e-02 -1.38546750e-01
  -8.99670234e-02 -1.49555063e-01  2.57090801e-01]
 [-5.44891541e-02 -7.80747745e-02  9.16768200e-02 -5.46240640e-01
   1.02993100e-01 -1.71018456e-01  8.62988383e-02]
 [ 2.63213699e-01 -4.81364538e-02 -2.21957333e-01 -1.46999904e-01
   3.56912715e-01 -1.79186737e-01 -5.71355467e-02]
 [-8.68038940e-02  1.84275762e-01  1.29272283e-01 -1.04562187e-01
   1.29614940e-01 -8.24554949e-03  1.59180734e-02]
 [ 2.36725683e-01  2.03782695e-01  3.70747935e-01 -1.90066728e-01
  -3.32433797e-02 -6.30855541e-02 -4.02794490e-02]
 [ 1.75273114e-01  6.56655230e-02  1.79661808e-01  1.75957116e-02
   2.44125213e-01 -2.96774711e-01  1.00844927e-01]
 [ 1.81947405e-01 -2.34452302e-01  1.22062200e-01  3.88015869e-02
  -3.67873281e-03 -8.17816908e-02  5.19927583e-01]
 [ 1.42747506e-01  4.44525977e-02 -3.05294352e-01 -1.01670819e-01
  -4.70796280e-01  2.63274218e-01 -8.15312510e-02]
 [ 3.32838932e-01  3.28036538e-01 -2.63576658e-01  2.47884310e-01
  -3.12308533e-02  4.69448846e-02 -4.94216071e-02]
 [ 1.36150026e-01 -2.77930702e-01 -1.39698947e-01  1.41583506e-01
  -2.29680947e-02 -3.10087787e-01 -2.54479245e-01]
