Method Singular Value Decomposition(One of the PCA methods)
X = U(SIG)V*

X shape (nxm)

U shape (nxn)

(SIG) shape (nx1)

V shape (nxm)

Kinase CDK2
Singular Vector U 
[[ 0.14424511  0.2482268  -0.22616543  0.06389367  0.06419629 -0.20567544
   0.02275687 -0.27618085  0.04417954 -0.46104066  0.12951407 -0.15600985
   0.40544145 -0.00202868 -0.1049091   0.31819504 -0.30921147  0.11688313
   0.20312806  0.01069348 -0.18632954  0.13501553 -0.05714441]
 [ 0.21135193 -0.34386262  0.20058315 -0.04299929 -0.14138485 -0.15579566
  -0.02013595 -0.20730437  0.17605619 -0.24141815 -0.20911715 -0.20435775
   0.10420266 -0.04079782  0.38479779  0.00192207  0.0363771  -0.37587719
   0.00977302  0.03779246  0.11835368 -0.34200582 -0.31127354]
 [ 0.37309463 -0.05635159  0.08143341  0.03123676  0.10067668 -0.07200154
   0.34122556  0.31728069  0.35816917 -0.10304091  0.05106124  0.20363273
  -0.09664362  0.26392132  0.12683622 -0.17618717 -0.14940508  0.2533157
   0.26857245 -0.14190563 -0.1292679  -0.25334824  0.22100067]
 [ 0.18529152 -0.13901194 -0.39503594 -0.0169475   0.20773753  0.14007614
   0.04563043  0.29547845  0.21515386 -0.17672709  0.20262405 -0.07937643
   0.05765349  0.07707217 -0.10707683 -0.02798985  0.10185189 -0.22934747
  -0.06024406  0.19681126  0.56958352  0.24663022 -0.02919972]
 [ 0.2102794  -0.18209399  0.0556158  -0.04797653  0.07243027 -0.14647498
  -0.38267331 -0.13667242  0.36807963  0.19018578  0.06692418  0.44608689
   0.26058981 -0.19812771 -0.31515052 -0.16493986 -0.16949363 -0.05429042
  -0.26739127  0.04281312 -0.10734023 -0.00191911 -0.00810936]
 [-0.02143969  0.13257898  0.22574006 -0.03065231 -0.36899142 -0.17252106
   0.42748901 -0.06837115  0.0764986  -0.12111151  0.1074873   0.296155
  -0.22232545  0.12295973 -0.00885824  0.14138292 -0.12343613 -0.23267869
  -0.28532707  0.37557259 -0.03198421  0.28163594  0.01203234]
 [ 0.12878754 -0.25120245 -0.31434133  0.33309404 -0.11091452  0.18517995
   0.25904257  0.00132909  0.04552921  0.47621466 -0.06141316 -0.03101202
   0.12735153  0.16180432  0.02426593  0.43746083 -0.11341356  0.03887258
  -0.20237634 -0.07268937 -0.13446607 -0.08100823 -0.20891847]
 [ 0.16685654 -0.12164349 -0.13623531 -0.0148931  -0.11238606 -0.4196852
   0.21075779 -0.35862379 -0.28262565  0.27505041  0.21391976 -0.0457262
   0.08886478 -0.0387252   0.04610952 -0.26654161  0.07021452  0.34670655
   0.05099197  0.17478199  0.34605738 -0.07834627  0.0815831 ]
 [ 0.12727218  0.06272551  0.03249351 -0.28164755  0.20566366  0.05519855
  -0.11987732 -0.06652775  0.07353458  0.37406654 -0.03924792 -0.15034814
   0.09558067  0.3310727   0.21824478 -0.10297763  0.03404532 -0.11808623
   0.30151871  0.44556428 -0.30102009  0.294078   -0.08513335]
 [ 0.02752662 -0.00188446 -0.02252418 -0.16431488 -0.09749412  0.26351466
   0.4122472   0.031564   -0.06128507  0.15906027 -0.02043758  0.02861515
   0.28208561 -0.5538202   0.08415472 -0.2048147  -0.22255382 -0.28732853
   0.23641974 -0.16331434 -0.03277452  0.16520496  0.11493284]
 [ 0.37316326  0.07912088  0.20336046 -0.1164591  -0.01528171  0.24011233
   0.01979146 -0.01345119 -0.28576358 -0.05538132  0.45064836  0.02291645
   0.25753024  0.09724428 -0.05677866  0.13902745  0.43723953 -0.17345618
  -0.16496876 -0.06556939 -0.16813923 -0.20195058  0.1805788 ]
 [ 0.231626   -0.26939258  0.24230107 -0.07457092  0.31759669 -0.07450514
  -0.0370822  -0.1607772  -0.22774814  0.00767297  0.10097642  0.14294343
  -0.26320862  0.05258293  0.1383796   0.20193681 -0.14169758 -0.00538775
   0.03736983 -0.44525076  0.11622987  0.4618513  -0.12151986]
 [ 0.11694394  0.27018271 -0.28966705 -0.53706708 -0.00327732  0.03521037
  -0.06116006 -0.00373    -0.02846474 -0.00844392 -0.261196    0.10481508
   0.05791045  0.05905413  0.39496188  0.08693131 -0.1358018   0.14028855
  -0.43806872 -0.12678215  0.1054885  -0.0660572   0.15458349]
 [ 0.20538245 -0.10974154 -0.21289184  0.25274691 -0.04665377  0.03734405
   0.08242814 -0.13820337 -0.24020108 -0.23816094 -0.51920176  0.13844693
   0.09933303  0.2206954  -0.12306866 -0.37475691  0.23543989 -0.08953666
  -0.09524526 -0.07316504 -0.18912024  0.25450366  0.10665698]
 [ 0.29542997  0.15237698  0.10469218  0.19198934  0.19614411  0.33917034
  -0.0207497  -0.34502326  0.00490779  0.02883061 -0.0581301  -0.32277576
  -0.34877369 -0.05456821 -0.14161272 -0.10073874 -0.37228931 -0.07720638
  -0.16674627  0.17330897  0.08058202 -0.16167899  0.26537811]
 [ 0.01832624  0.27734982 -0.11284294  0.47379468  0.11734267 -0.28151436
  -0.10047105  0.01811195  0.20821937  0.11451373  0.18475004 -0.07554587
  -0.04926993 -0.20610022  0.48630701 -0.07655153  0.19726848 -0.18170795
  -0.16118047 -0.12025129 -0.12230686  0.16813343  0.20716247]
 [ 0.24075823 -0.30462507  0.00219478 -0.05023459 -0.26362566 -0.00813794
  -0.19316564  0.10516856  0.06692445 -0.05129696 -0.19831307 -0.08995047
  -0.1349852  -0.33960428  0.02635853  0.3853339   0.18790183  0.22310189
   0.1514901   0.23280223 -0.0596689   0.18624028  0.43708195]
 [ 0.25633739 -0.01060842 -0.38288636 -0.06479113 -0.04706405 -0.18861775
  -0.13810615  0.2819884  -0.37652423 -0.05464165  0.14433565  0.07506585
  -0.38335038 -0.20523983 -0.02675481 -0.08347763 -0.1727596  -0.18587665
   0.04999118  0.12847233 -0.3043672  -0.17499654 -0.26896795]
 [ 0.20889098  0.17624498  0.259862    0.04361386 -0.25617076 -0.32818683
  -0.14556229  0.41599063 -0.14525998  0.20995622 -0.15956842 -0.34298151
   0.20489703  0.17786205 -0.20830241 -0.01204621 -0.23944931 -0.16106669
  -0.05847198 -0.1743932   0.16471356  0.09958437  0.09334882]
 [ 0.19959011  0.41640332 -0.04110959 -0.06700434  0.17358862 -0.185686
   0.14573493 -0.13907892  0.119663    0.19995875 -0.32115871  0.1894298
  -0.16053592 -0.12599158 -0.27146488  0.27299199  0.33651053 -0.18972026
   0.2643554  -0.07745493  0.1795473  -0.14989663 -0.11128074]
 [ 0.14595924  0.15856072  0.30532758  0.28581822  0.26394007  0.12063513
   0.0078069   0.26247885 -0.26223509 -0.06226601 -0.18983121  0.23779983
   0.2409359  -0.21987406  0.20996342  0.05430561 -0.05264426  0.2721101
  -0.07640018  0.36640806  0.15170544 -0.00921574 -0.25845712]
 [ 0.29499648  0.27146408  0.0130099   0.03316977 -0.49369094  0.3078406
  -0.15802023 -0.07983722  0.21499388 -0.00397412  0.11174909 -0.04460362
  -0.12353675 -0.0462776   0.03942162 -0.19390194  0.11155109  0.28431616
   0.0707533  -0.15954601  0.07160571  0.2098682  -0.42188991]
 [-0.05554085  0.06968209 -0.1036194   0.20826401 -0.26089647  0.16496549
  -0.32994289 -0.11240072 -0.16719187  0.03706255  0.04932935  0.43147111
   0.05291258  0.24297575  0.20579427  0.09987923 -0.21055761 -0.23462184
   0.3829419   0.01926965  0.27245686 -0.12055448  0.2321993 ]]
Singular Values 
[18.75180611 15.23878483 12.81665815 12.24376161 11.42360235 11.19319968
 10.87247351 10.37325089  9.95573594  9.14038704  8.21778691  7.34735538
  7.053298    6.78937702  6.23521462  5.65026475  5.04570364  4.00413269
  3.91870243  3.55630131  2.55526827  2.13671389  1.6770861 ]
Singular Vector V (transpose) 
[[ 0.3005357   0.24413798  0.26908137  0.19542274  0.11229571  0.0950989
   0.04250813  0.14220166  0.20036766  0.13442289  0.15245901  0.06152084
   0.08597242  0.12386164  0.10913329 -0.05965245  0.1813111  -0.01921073
   0.1079638  -0.02637764  0.0374794   0.08984631  0.24898495  0.11724472
   0.10444197  0.11370377  0.27657705  0.32220465  0.0478813   0.2210093
   0.28856163  0.12693517  0.09389992  0.22292999  0.15165954  0.0732006 ]
 [ 0.20462545 -0.06113782  0.02197811 -0.35019006 -0.21550478 -0.1679004
  -0.21146413  0.06212875 -0.09655646  0.03093123 -0.1269081   0.18027415
   0.13879544  0.34431693  0.21184335 -0.04282683  0.03085836  0.22201521
   0.19679091  0.18094791  0.24134422  0.09452182  0.03026733 -0.1000636
  -0.2128142  -0.04166585 -0.22675069  0.05290454  0.10299038 -0.01899525
   0.15842915 -0.10529923  0.07483955 -0.17107518  0.28117227 -0.05006349]
 [-0.05798517  0.01978853  0.13580053 -0.13770128 -0.24439249 -0.1771296
  -0.35742971  0.0687558  -0.06103751 -0.01883162  0.16452968 -0.17003661
  -0.37789468 -0.07616142  0.29577451 -0.04037762 -0.11556363 -0.15769316
  -0.30699058 -0.08517198  0.00206093 -0.13341775 -0.22122692  0.01623527
  -0.06465602  0.22801808  0.03823961  0.20995535 -0.03227929  0.04874521
  -0.03426863  0.02069465  0.24951355  0.22385223  0.05350135 -0.0937077 ]
 [-0.02230935  0.19989457  0.37792186 -0.00136262  0.18310459  0.30042249
  -0.00399678 -0.05359506 -0.15423378  0.12546508 -0.26063236 -0.15127189
   0.16398628  0.26690047 -0.07361703  0.04941268 -0.23185172  0.14061762
  -0.13500724 -0.25660318 -0.22318891 -0.08358058 -0.12262017 -0.2130234
   0.01635365  0.08046729 -0.2016806   0.1073933  -0.01937282 -0.29571092
   0.07502078  0.04247068  0.05835611  0.05158993  0.05147172 -0.12642903]
 [ 0.03506838  0.09640263 -0.16896718  0.05391537 -0.25123066 -0.05968403
   0.05042565  0.07469914 -0.08227621  0.11927736 -0.03693997 -0.13826278
   0.14939574  0.01955681  0.17507948 -0.14235095 -0.13798726 -0.31616579
  -0.04365567 -0.02113429 -0.28324976  0.43957205  0.20153011 -0.38395452
  -0.0021154   0.21441968  0.15490637 -0.15697926  0.03324875  0.04584187
   0.01927039 -0.10038136 -0.19985587 -0.03782006  0.0181275  -0.18789463]
 [ 0.16629321 -0.20357193 -0.01082076  0.15388081  0.03042441 -0.09738809
  -0.17929002 -0.26651829  0.3636382  -0.19614019 -0.18473663  0.13664622
   0.17689348 -0.10904718 -0.04542432 -0.11082806  0.09548773 -0.1904385
  -0.07035836 -0.08735776  0.06680926 -0.14311815 -0.02542186  0.0913541
  -0.07688592  0.18781949 -0.02731409 -0.20394952 -0.08713435 -0.26562497
   0.20161253  0.00935991 -0.12862853  0.21842975  0.22681938 -0.32010558]
 [-0.1078268  -0.21922952  0.16704809  0.13111597 -0.15319352 -0.26656501
   0.05700593  0.12852059  0.05763695  0.04962329  0.14242441 -0.10164172
   0.13890702  0.20875107 -0.16837994  0.25748616 -0.24227554  0.08826055
   0.03031999  0.15691843  0.04542868 -0.0431429   0.25426881  0.18172752
   0.25680949  0.17009792 -0.08808025 -0.12492516  0.33261809 -0.04467355
  -0.06623562  0.00364462  0.17211896  0.12125451 -0.18434224 -0.28244912]
 [ 0.26068105 -0.13532745  0.0911697  -0.13355455 -0.04522252  0.31684841
  -0.06370087 -0.12808897 -0.05816597  0.05868172  0.17250639 -0.20741919
   0.05389059  0.09346208  0.10011132 -0.10640829 -0.124038   -0.16245999
   0.01433341 -0.11358921  0.20165262 -0.13274343  0.16036012  0.10106098
   0.29126561 -0.22498116  0.18113988 -0.23220858 -0.20235993 -0.04083015
  -0.14098296 -0.43020491  0.15272708 -0.06689071  0.07351491 -0.00549082]
 [-0.10999649  0.13957358  0.0035502   0.10805789  0.0508934   0.13493417
  -0.03977079  0.16081544  0.28254965 -0.09625158 -0.03237802 -0.17664638
   0.03878954  0.01270131  0.01439962  0.20646948  0.17377294 -0.03693835
   0.10105798  0.19310339  0.02184354  0.38658404 -0.30007088 -0.04748912
  -0.13569513 -0.33932702 -0.03632698 -0.01999307  0.01809069 -0.0515573
  -0.17761575 -0.23405202  0.24571342  0.29081207  0.06952846 -0.21675244]
 [-0.29722355 -0.18258465  0.14060819  0.1724861  -0.16792498  0.02457207
   0.06749902 -0.17609891 -0.11957522  0.32894487 -0.01942986 -0.11637374
  -0.02863304 -0.24916186  0.22300983  0.18412799  0.03852499  0.35833194
   0.08045471 -0.11792838  0.00390193 -0.00733026  0.11884074  0.0209869
  -0.15091525 -0.08447662  0.15130302 -0.18215516  0.02499594  0.04114735
   0.00501442  0.01920567 -0.12138836  0.17205625  0.42470327  0.05622652]
 [-0.00643128  0.12356321 -0.04037187 -0.01061959  0.22871961 -0.08466954
  -0.03786303 -0.28469008  0.01557483  0.35607309 -0.23940905 -0.07472599
  -0.03284843 -0.16262388  0.03843712 -0.29094217  0.0474064   0.08506647
  -0.20182489  0.04275793  0.07198696  0.17853069 -0.05835859  0.21458851
   0.13408926 -0.05658941 -0.08987129 -0.08496089  0.16269641  0.30174686
   0.04601484  0.06147543  0.25916647 -0.25085866 -0.05408799 -0.32546916]
 [-0.19121761 -0.00312326 -0.10679779  0.13863939  0.19177772  0.13861687
  -0.198955    0.17985594 -0.0179642   0.13217361  0.0765484  -0.1686392
  -0.11463561 -0.00118465 -0.12563215  0.06309965 -0.05407566 -0.27567175
  -0.07110141 -0.12355017  0.44007652 -0.00156089  0.23755552 -0.18155949
  -0.19637066 -0.04562131 -0.32647426 -0.16005807  0.08437093  0.09025299
   0.35951405  0.01088839 -0.00630865  0.04068375 -0.03233385  0.13171984]
 [-0.03359074 -0.1117075  -0.08489811  0.09458614  0.00277048  0.16670803
   0.00398376  0.28809485  0.04295698 -0.1844882  -0.17368198  0.09326541
  -0.07807353 -0.19844586  0.13425995 -0.17919387  0.12630959  0.11605419
  -0.04663197 -0.10560044  0.06234029  0.17733883  0.1995804  -0.07794252
   0.27960225  0.21203899 -0.11832753 -0.07338394  0.10597343 -0.30521107
  -0.22019348  0.16251214  0.38561108 -0.10628243  0.20423714  0.20388101]
 [ 0.03873126 -0.04836382  0.15929524 -0.02040768  0.17260473  0.11215942
  -0.18824739  0.12853969  0.14518972  0.08566037 -0.03315552  0.28597026
  -0.37372011  0.07018321 -0.08120853  0.01432509 -0.17380727 -0.05471608
   0.20163561 -0.11588401  0.13772434 -0.03611795 -0.06507542 -0.23307405
   0.01665868 -0.07488852  0.29151912 -0.07208703  0.27133171  0.05468377
  -0.30350196  0.15870494 -0.23705817 -0.13816046  0.08578314 -0.27314521]
 [-0.0840809   0.1125926   0.20036009  0.01362093  0.03449191 -0.01191699
   0.33203285  0.23898034  0.14286814 -0.05174647  0.41416124  0.15110258
  -0.11989351  0.02401619  0.03552786 -0.19860508 -0.00477394  0.07431288
  -0.31045241 -0.02567744 -0.11744522  0.00200788 -0.06643549  0.15941716
  -0.23222475 -0.03501962 -0.04869313 -0.21067296  0.11485952 -0.17474644
   0.17134352 -0.22472545 -0.05841901 -0.29278878  0.16475525 -0.10067798]
 [-0.05428354 -0.14789751 -0.10958532 -0.41727621  0.20637213  0.05372905
  -0.05594465 -0.05877733  0.03119863 -0.23649716  0.20986178 -0.20053946
  -0.04186162  0.02605423 -0.07897109  0.16322364  0.33451067  0.2462905
  -0.28864412 -0.05537078 -0.08365927  0.07512579  0.26845007 -0.2172137
   0.17750949 -0.06090351  0.04976634  0.10739883  0.00580427  0.0695364
   0.08457243  0.09164725 -0.14175437  0.03544428  0.08345885 -0.26781338]
 [ 0.01168635 -0.10435372 -0.00205752 -0.33344803  0.18940368  0.01602193
   0.03191519 -0.00175012  0.23389084 -0.05592994 -0.16005133  0.11665793
   0.02088822 -0.24718601  0.17119623  0.21188538 -0.33008488 -0.00095586
   0.08481924 -0.33165981 -0.11793628  0.19845221  0.24415293  0.23797922
  -0.26369765  0.04898798 -0.00052311  0.16392405  0.09525537  0.02402815
   0.02014863 -0.23979482  0.06043261  0.0306549  -0.19170458  0.06659857]
 [ 0.34866375  0.1293278  -0.08755794  0.04826339 -0.16256928  0.08917699
   0.03500328  0.20388059  0.00451185 -0.02901605 -0.16220212 -0.20000563
  -0.11982913 -0.23098918  0.02494359 -0.03884463 -0.00513837 -0.05043447
   0.01214757  0.09242576 -0.27574549 -0.35750363  0.22351269  0.08401489
  -0.035837   -0.28103762 -0.34895472  0.08020256  0.25863783  0.09569231
  -0.10969298  0.00360677 -0.16870364  0.07384088  0.14106089 -0.12256117]
 [ 0.12347156 -0.07928636 -0.09148816  0.15992647 -0.13203524  0.23187344
  -0.21939005  0.11922342  0.02175996  0.07655303  0.21660691  0.1358322
   0.28242987 -0.25446295 -0.12987356 -0.2386896  -0.09049667  0.43826775
  -0.13802696 -0.06054071  0.15648716  0.02305587 -0.13753489 -0.15033786
  -0.04247675  0.14009561 -0.0726937   0.15835397  0.05543062  0.13570934
  -0.10382394 -0.23129797 -0.14561432  0.13699651 -0.22184823 -0.06816899]
 [ 0.11151847 -0.40123584  0.23008496  0.11366623 -0.12314415  0.30950392
   0.06501459  0.04765566 -0.34397669 -0.21088269 -0.08769122 -0.06483722
  -0.02255145  0.09548687 -0.14280963 -0.00371257  0.1780507  -0.15540502
  -0.05106116 -0.06421586  0.00451055  0.24406735 -0.02786451  0.28674356
  -0.31734739  0.11003879 -0.02185867  0.05051342 -0.01577935  0.233927
  -0.08665192  0.14568265 -0.01069023 -0.10640169 -0.02264298 -0.14788443]
 [-0.27746047 -0.10118227  0.3665319   0.05630864  0.17007376 -0.07115282
  -0.35717186 -0.05353796  0.14205618 -0.22573536 -0.06534155 -0.22800139
   0.13131212 -0.02041018 -0.01486339 -0.27586029  0.08093547 -0.01740679
   0.13256335  0.22782407 -0.25222153 -0.11159313  0.0995425  -0.09862735
  -0.06149269  0.05646147  0.06207219 -0.00968548  0.164951    0.16989939
  -0.04123789 -0.21810142 -0.03737137 -0.18243475 -0.00302614  0.25784298]
 [-0.12682313  0.29790462 -0.05005327 -0.06490841 -0.21366642  0.3242739
   0.00966588 -0.16442262 -0.00220443 -0.2216135   0.12939683 -0.09224861
   0.00761996 -0.1007835   0.20766351 -0.02354489  0.10462605  0.10159707
   0.37573066 -0.02013312  0.05311535 -0.19714201  0.06133143 -0.02592874
  -0.16546851  0.12820864  0.10472184 -0.16792908  0.12319859 -0.07979568
   0.16866588  0.17807321  0.17354483 -0.1098317  -0.31145241 -0.26346161]
 [ 0.03969352  0.16999157  0.0252103   0.09182383 -0.26193645  0.15704014
  -0.07863779 -0.40332309  0.31417033 -0.14390676  0.13725848 -0.04107457
   0.06611143  0.03919974 -0.07451467  0.15249606 -0.314017   -0.00935232
  -0.28428829  0.15025781  0.11648412  0.17397047  0.13147141 -0.0019594
  -0.09096104 -0.09937717 -0.05675386  0.13334549  0.03425089  0.01005136
  -0.17028687  0.27842562 -0.01785513 -0.23166798  0.15610849  0.18751829]]

Kinase PRKAA2
Singular Vector U 
[[-8.64407571e-02 -1.84361404e-01 -1.79631643e-01]
 [ 3.44662618e-01 -2.24214730e-01  1.06420215e-03]
 [ 2.09887212e-01 -2.84034400e-01  2.53397274e-01]
 [-1.67732254e-01 -2.28412706e-02  1.34789782e-01]
 [-3.15878455e-02  1.34754978e-02 -2.37899060e-01]
 [ 1.59519545e-01  1.24554003e-01  4.03533692e-01]
 [ 8.69103767e-02  3.22571638e-01 -8.06637051e-02]
 [ 2.52192168e-01 -6.02408533e-03  2.57258956e-01]
 [-4.90487006e-02 -9.19702127e-02  1.09084198e-01]
 [-9.17440327e-03  2.69013904e-01  3.19634111e-02]
 [ 2.86197909e-01  8.05491048e-02 -1.25215438e-01]
 [ 3.45772494e-02  1.04587117e-01 -3.84873396e-01]
 [ 1.10481068e-01 -6.33966922e-02 -1.37459288e-01]
 [ 2.17222637e-01 -2.59612878e-01 -9.06107911e-02]
 [-1.11698427e-01 -8.03380348e-02 -4.47870090e-01]
 [ 1.78879909e-01  2.06107256e-01 -1.04996758e-05]
 [ 1.50542980e-01 -1.20826191e-01 -9.95555186e-02]
 [ 2.06711265e-01  3.59983739e-01 -3.06479144e-01]
 [ 2.36633309e-01  3.17053160e-01 -6.50798053e-02]
 [ 2.55673219e-01 -9.74884766e-02 -1.13272054e-01]
 [ 2.31729621e-01 -3.33352579e-01 -2.32244843e-01]
 [-1.63753026e-01  3.20427733e-01  6.18698342e-02]
 [ 4.97210967e-01  1.67748230e-01  1.00677565e-01]]
Singular Values 
[8.84246572 7.42020999 5.03322542]
Singular Vector V (transpose) 
[[ 0.74012156  0.60128127  0.30113271]
 [-0.00908008 -0.43882253  0.89852787]
 [-0.6724118   0.66775416  0.31932233]]

Kinase ATR
Singular Vector U 
[[-0.17852295  0.16169341 -0.16912851  0.04183063  0.25521179  0.3126682
  -0.50142192  0.1095105  -0.04046403  0.07738503]
 [-0.10135959  0.17996182  0.31748199 -0.11676393  0.41369303 -0.18652064
  -0.28468441 -0.01990572  0.25282955  0.06037558]
 [-0.28311984 -0.25392992 -0.19479849  0.17699166  0.35887643  0.25664904
   0.06501531 -0.25880229  0.21833272 -0.1129905 ]
 [-0.29627393  0.25499536 -0.16570255  0.00315468 -0.1902785   0.21989063
   0.10237495 -0.29429848 -0.21542723 -0.06929889]
 [ 0.10481301 -0.33928415  0.05235109 -0.00775975  0.18892376  0.13208308
   0.06076257 -0.16849211 -0.16598512 -0.03063289]
 [ 0.21916322  0.16049683  0.32419513 -0.2567778  -0.10067941  0.21579001
   0.04496728  0.06369663  0.1299033   0.17209383]
 [-0.14606611  0.40524466  0.06068091 -0.04527006 -0.19659748  0.26493045
  -0.03341121  0.12874253  0.14999206  0.07953731]
 [-0.02501044 -0.12163302 -0.14172901 -0.13814821 -0.08463937  0.12484273
  -0.05646968  0.18594065  0.1609707   0.65200016]
 [-0.07919251 -0.19138206  0.50763813 -0.10146228  0.08629892 -0.04568772
  -0.09379624 -0.25802219 -0.33993666  0.10499819]
 [ 0.11379255 -0.07033818  0.17794735  0.46120908  0.00691673  0.33604062
   0.07857724  0.31763984 -0.44132365  0.18558724]
 [ 0.09704475 -0.37256255  0.00969492 -0.0874904  -0.22248814  0.21833624
  -0.31198675 -0.22582874  0.14404095 -0.05436401]
 [-0.01796101 -0.08508952 -0.02435676 -0.52500782 -0.10750988  0.38546691
   0.09431813 -0.07668517 -0.23969694 -0.08487487]
 [-0.23958113  0.02698732  0.45329942  0.0717777  -0.06727562 -0.08677951
   0.18309366  0.01685729  0.06782586  0.02345546]
 [ 0.1862989   0.15793165  0.06178809  0.35571802  0.02857215 -0.02316198
   0.14067175 -0.03578147 -0.01761952 -0.04181468]
 [-0.29913869 -0.03050751 -0.08136151  0.20391675 -0.20941841  0.05931675
   0.06964316  0.16409697  0.09821972 -0.20682234]
 [-0.36269687 -0.02149577  0.1767658   0.03036117 -0.24340761  0.03321997
  -0.04322102  0.0246579  -0.13229133 -0.04217465]
 [-0.17252109  0.12439442  0.02883248 -0.02404367  0.47391473  0.1476584
  -0.02178904  0.13367582 -0.24263268  0.00150183]
 [-0.08063791 -0.01295085 -0.1392161   0.20147909 -0.07238152 -0.2173622
   0.01213017 -0.44610763 -0.10895213  0.48732444]
 [-0.17137179 -0.46128461 -0.08249183 -0.112154    0.0535047  -0.13580715
   0.13727941  0.5070472   0.02070535  0.06646089]
 [-0.28116127 -0.04740327 -0.06331909  0.05229073 -0.20490716 -0.23583423
  -0.36491809  0.03544987 -0.17457904  0.20395032]
 [-0.37535678 -0.1255337   0.20433364 -0.01876861 -0.1118619  -0.074273
  -0.05652268  0.05460718  0.10806044 -0.19105886]
 [ 0.23759755 -0.15589802  0.19341449  0.32924451 -0.19637416  0.20881958
  -0.4273326  -0.00087479  0.19901935 -0.14558407]
 [-0.15751343 -0.08160193  0.16181329  0.14291492  0.06575438  0.29538923
   0.35089801 -0.13695984  0.41714313  0.25910326]]
Singular Values 
[11.85053756 10.41628009  8.9518925   8.26835641  7.6113243   6.62225764
  5.23008448  4.52766705  3.89987321  3.20201112]
Singular Vector V (transpose) 
[[-0.25460347  0.01203165 -0.30595441 -0.35287144 -0.42093956 -0.11517398
  -0.14667844 -0.56687545  0.4260247  -0.045732  ]
 [ 0.22210551 -0.08500237 -0.43678081  0.31226284 -0.17817598 -0.46940565
  -0.50213513  0.03498417 -0.32697602  0.20686456]
 [-0.20896259  0.51594224 -0.13099121  0.54532267  0.34252819 -0.29592367
   0.15136188 -0.17033398  0.28057616 -0.20014814]
 [ 0.57087488  0.51106912 -0.10171841 -0.33272495  0.09328847  0.12738496
  -0.15063973 -0.164073   -0.21014481 -0.41611888]
 [-0.33631664  0.28213156 -0.14769314 -0.3336073   0.49163027  0.1198856
  -0.18907686 -0.11321629 -0.22845073  0.56334288]
 [ 0.1289164   0.42587067 -0.02026637 -0.04384207 -0.27201859  0.10919192
  -0.19477031  0.57462155  0.50478963  0.30137506]
 [-0.21205047 -0.01715262  0.43247259 -0.36548388  0.16881043 -0.60803414
  -0.31916506  0.23281375  0.05415826 -0.27735393]
 [-0.13339971 -0.21373895 -0.69190378 -0.24888715  0.23583697 -0.01948567
   0.21330731  0.43588364  0.07061538 -0.31522162]
 [-0.55211227  0.19235947 -0.00117191  0.17498744 -0.28927194  0.38451288
  -0.35131043  0.15250999 -0.33128709 -0.37361751]
 [ 0.13771553 -0.34827725  0.01097059  0.17473155  0.42608236  0.34404178
  -0.57988974 -0.10502749  0.40500954 -0.1335642 ]]

Kinase CHEK1
Singular Vector U 
[[-0.38185275  0.12158198 -0.25028335  0.03671588 -0.07398735 -0.17273799
  -0.15955367 -0.15562266 -0.10797659 -0.1202268  -0.29026968  0.08647567
   0.24288179 -0.33860315 -0.06210434 -0.30860843  0.25894403  0.19953938
  -0.03343153]
 [-0.07214994 -0.03164847 -0.20510815  0.24075064  0.13388484  0.00434307
   0.26521565 -0.20941909 -0.46159117 -0.1723868   0.01433918  0.05619113
  -0.16499947 -0.05248075  0.2286267   0.36180606 -0.13546133 -0.14218518
   0.01268205]
 [-0.29163846  0.25474456  0.20046039  0.07151017  0.14653305  0.163071
  -0.00252146  0.11257023 -0.09732261  0.00943497  0.05728457 -0.25540391
  -0.04363911  0.15298348  0.06390969 -0.06612516 -0.08979595 -0.37561734
  -0.43345339]
 [-0.18015128 -0.04769009  0.01031289  0.37075198  0.07794519  0.02718944
  -0.22572967 -0.61318694  0.07711349  0.17364104  0.32190972 -0.01295224
   0.22771889  0.12376575 -0.14282487  0.10240677  0.09004087  0.02215328
  -0.0133263 ]
 [-0.18459022 -0.17116946  0.14852609 -0.15445041 -0.19391278  0.38663223
   0.36528545 -0.11236567  0.1044684   0.13783092  0.13677865  0.27435323
   0.07780343 -0.44287983 -0.12548306 -0.174013   -0.05098339 -0.37380814
   0.17422328]
 [-0.13651133  0.30923318  0.03019981 -0.12442928  0.16282482  0.06531649
   0.02126813  0.03133002  0.14070783 -0.26461449  0.32488628  0.07660239
   0.04986807  0.11194899  0.36125073 -0.31769814  0.35237842  0.06831944
   0.03930199]
 [-0.25295052  0.3329316  -0.24907989 -0.06872588  0.091851    0.49937545
  -0.17097399  0.06467274 -0.08106626 -0.13393372 -0.20877232  0.02921039
   0.01527685  0.25976118 -0.19892876 -0.03235441 -0.33126466  0.01062211
   0.35375655]
 [-0.23219557 -0.15417033 -0.3376345  -0.10813809 -0.37855126  0.06457356
  -0.08968517  0.0389241   0.09474839  0.03774135  0.14861123 -0.1862347
  -0.34760358 -0.00702915 -0.25721024 -0.08974343 -0.11042276  0.12808195
  -0.47133483]
 [-0.21407639  0.20818466  0.23083179 -0.10784799  0.19340742 -0.2568339
   0.35586841 -0.14087961  0.11472942 -0.24469228  0.22789846  0.11689076
  -0.18718744 -0.13046909 -0.09369546 -0.0150849  -0.39815856  0.37385698
  -0.09580887]
 [-0.10406175 -0.02301231  0.40507136  0.18811112  0.24635191  0.1892951
  -0.1951769   0.01289732  0.26892679  0.00629247 -0.06870889 -0.06185296
  -0.39229855 -0.05670288 -0.24308367  0.09985597  0.28972882 -0.02723235
   0.05677266]
 [-0.28091724  0.01012593  0.0552322  -0.08224189 -0.34428688 -0.06916665
  -0.13916166 -0.02516817 -0.00090067  0.25188389  0.11043505 -0.15360909
  -0.27799292  0.0239333   0.60051683 -0.01325902 -0.02020171 -0.05439317
   0.25654926]
 [-0.3563766  -0.16604028 -0.03281473  0.20856364 -0.04272486 -0.32080861
   0.17158357  0.01531457  0.38245998  0.04480497 -0.26883736 -0.00723405
  -0.10950849  0.25297565 -0.0321966   0.02629699 -0.13236834 -0.0138039
   0.34295636]
 [-0.2609111  -0.02877598 -0.13173692 -0.25202843  0.09069506 -0.27412648
   0.18988787  0.20664186  0.16244811 -0.10131231 -0.05831884  0.05550558
   0.22720178  0.1802317  -0.12320269  0.28383488  0.26780444 -0.38446036
  -0.12385753]
 [ 0.12457689  0.2428029   0.23970341 -0.03212735  0.05796143 -0.32153896
  -0.1330866   0.08486458 -0.14696541  0.15898798 -0.14870351 -0.25296401
  -0.04559649 -0.24715922 -0.1670916  -0.23159936 -0.16898274 -0.1334434
   0.15427424]
 [-0.03952791 -0.3869825  -0.07909053  0.06862987  0.1984356   0.03673777
  -0.11539653  0.3729968   0.10034558 -0.0466543   0.43988491 -0.18057001
   0.32933731  0.01289107  0.01223844 -0.114811   -0.26102894  0.11989507
   0.16201106]
 [-0.08903541 -0.09578768 -0.10817841 -0.34341805  0.1098407  -0.17585864
  -0.23532652 -0.15238931 -0.18624594 -0.28345865  0.26368235 -0.33164747
  -0.15697126 -0.21367858 -0.20265703  0.15830357  0.09639666 -0.21498404
   0.30932838]
 [-0.05176815 -0.33555842 -0.02185573  0.36930737  0.10882262 -0.05754828
   0.18527667  0.0922043  -0.31416318 -0.18998156 -0.03411491 -0.0362379
  -0.2054571   0.13140365 -0.06277943 -0.54171936  0.12210842 -0.15003981
   0.027645  ]
 [-0.33313415 -0.08112233 -0.07667789  0.06896645  0.40186415  0.07608081
  -0.03011142  0.32489808 -0.1452823   0.39251351 -0.06888407  0.02913478
  -0.00675745 -0.36767106  0.12541455  0.2156176   0.079119    0.23580666
  -0.07609855]
 [-0.19888295  0.1562078   0.33729535  0.29285314 -0.41011735 -0.06805022
   0.01914226  0.15555741 -0.1587466  -0.12325246  0.04906689 -0.20692178
   0.40909451 -0.06349898 -0.06684894  0.14713847 -0.10068558 -0.01710296
  -0.01558865]
 [ 0.05936931 -0.12338749 -0.08952592 -0.12021353  0.27947618  0.08698431
   0.12598318 -0.34822427  0.27543513  0.02844464 -0.3057209  -0.4824068
   0.20458374 -0.10864292  0.25262042 -0.15643513 -0.2092934  -0.1096155
  -0.15692494]
 [-0.09960298 -0.05515007  0.07491306 -0.19560409  0.17184255 -0.26760102
  -0.31100928 -0.10174735 -0.16834655  0.30956587  0.06851201  0.44347228
   0.04253753  0.20216236 -0.02088251 -0.19425196 -0.28075436 -0.23809399
  -0.12441796]
 [-0.16362957 -0.44617161  0.41619083 -0.24188362 -0.05016759  0.12772573
  -0.27281709 -0.07132627 -0.12159756 -0.39295471 -0.28731703  0.12662281
   0.06163183  0.05245875  0.16967755  0.09090117 -0.07124284  0.14346594
  -0.12621149]
 [-0.1085119  -0.0796262   0.18643378 -0.34606712  0.00576593  0.07737311
   0.3513486  -0.1259275  -0.35368384  0.34259161 -0.00205136 -0.25708139
   0.0912704   0.3627158  -0.19074965 -0.05573754  0.22937469  0.31607701
   0.1082529 ]]
Singular Values 
[14.40120854 12.46296572 10.91137053  9.04656288  8.71842835  8.53868395
  7.62857004  7.11881517  6.8428868   6.11127897  5.20940315  5.08983754
  3.91145449  3.51198062  2.56389382  2.41218088  1.56145306  1.38027642
  0.99875257]
Singular Vector V (transpose) 
[[-0.17975766 -0.14222706 -0.08143396 -0.23525675 -0.06875179 -0.12249964
  -0.14804274 -0.34453891 -0.25679221 -0.13765439 -0.40217952  0.0986257
  -0.19311271 -0.32064022 -0.38265028 -0.11342532 -0.11778285 -0.12103223
  -0.37529663]
 [ 0.22652475 -0.4526038   0.08721737 -0.3258676  -0.10720633 -0.25023242
  -0.34985429 -0.17974265 -0.06316318 -0.20086532  0.27490792 -0.3281003
   0.17319967 -0.02163184  0.03210113  0.08958393  0.02623059 -0.19068734
   0.31159703]
 [-0.05157723 -0.1037807   0.50754125  0.26079164  0.41636169 -0.14339493
   0.07248597  0.09171864 -0.04459038  0.04528268 -0.00245098  0.00204276
   0.30275761  0.08128193 -0.4474642   0.27806064 -0.20835453 -0.15811238
  -0.07143026]
 [ 0.51830737 -0.01476265 -0.14840623  0.01932876  0.32370348  0.1481657
  -0.10711812 -0.00493537 -0.2699283  -0.14140542 -0.08130195  0.12416471
  -0.22470203  0.12296572 -0.24018794  0.25373429  0.45127107  0.25192512
   0.02876534]
 [-0.13061673 -0.33684066 -0.09858691  0.19464172  0.17471357  0.29393922
  -0.11082374  0.5556875  -0.39480281 -0.11416994 -0.08943367 -0.12067208
   0.04875568 -0.26247235  0.16375055 -0.25059606  0.02048093 -0.17398942
   0.02897987]
 [ 0.14333773 -0.25640498 -0.23586353 -0.10489259 -0.00941125  0.3124597
   0.06126541  0.07211855  0.24465034 -0.41911557  0.16684074  0.16462756
   0.20812532  0.05668247 -0.04712791  0.12001824 -0.47376877  0.28758816
  -0.28219597]
 [-0.29222547 -0.03689719 -0.2392115   0.40508564 -0.01390187 -0.11566942
  -0.15806136 -0.06136616  0.13348456 -0.30759026  0.47073711  0.12026943
  -0.23967747  0.20305218 -0.20462305 -0.08011079  0.21958183 -0.29816591
  -0.13051254]
 [ 0.07801282  0.09715505 -0.19455351  0.37557222 -0.1685149  -0.26817897
   0.19031127 -0.12295895 -0.24775256 -0.25257016 -0.11177677  0.0207915
   0.20499293 -0.03266283 -0.21936673 -0.27812909 -0.20087605  0.27571199
   0.48050043]
 [-0.1029503  -0.17199775 -0.34147699 -0.09132265 -0.05507913 -0.28902105
  -0.04104594  0.40953491  0.28617009  0.03892991 -0.45118911  0.0200808
  -0.17575038  0.27361826 -0.11979728  0.29557111 -0.10002757 -0.1379574
   0.23454398]
 [ 0.27188327 -0.13100513  0.06446912  0.08928381  0.1174336   0.06252101
  -0.03581014 -0.25780916 -0.12256531  0.00880308 -0.23261067  0.32433765
  -0.00073888  0.51112421  0.3216815  -0.28488996 -0.21058881 -0.38271605
  -0.01518028]
 [-0.15192585 -0.07282627  0.38680701 -0.16515129 -0.16066059 -0.35347619
   0.22325958  0.23901186 -0.32943678 -0.33775724  0.10011551  0.24686352
  -0.28051046  0.14624183  0.26262312  0.11638852  0.01525949  0.22619268
  -0.0971199 ]
 [ 0.0507753  -0.17944021 -0.00586409  0.35378764 -0.59306646  0.0214699
  -0.242037    0.00575305 -0.18248333  0.25259926 -0.08367264  0.17938351
   0.31570064  0.04276253  0.05050226  0.32615252  0.15075713  0.06898389
  -0.23457439]
 [-0.12635214  0.10868453 -0.13053596 -0.24975468  0.25047672 -0.22354286
  -0.25748192  0.09809396  0.05298757  0.0536006   0.09574709  0.65415828
   0.40738118 -0.20648401  0.06503127 -0.08578084  0.15762034  0.0218104
   0.12610627]
 [ 0.02993245  0.37847988  0.24761811  0.17418774  0.01382474 -0.02479768
  -0.46381743  0.04227943  0.25011998 -0.51026297 -0.35438796 -0.16854696
   0.10170074 -0.04849971  0.21058718  0.01659437  0.06351994  0.03787678
  -0.08225866]
 [-0.01943432 -0.01414164  0.12496901 -0.20521366 -0.26501999  0.27552702
   0.4548381   0.02961269  0.12371577 -0.31602015 -0.16571219  0.08444408
   0.29668605  0.0411673  -0.19455306 -0.04723916  0.43831425 -0.32800812
   0.09226552]
 [ 0.07251315  0.15977592 -0.04867255  0.1403154  -0.02028102  0.14879687
   0.11455795 -0.15174494 -0.08134103 -0.1309517   0.05623288  0.22130751
  -0.20457168 -0.43042843  0.20108983  0.52392673 -0.23183357 -0.3716396
   0.28041573]
 [ 0.21276352  0.50812005 -0.28469266 -0.20630399 -0.06593734 -0.18225599
   0.03746125  0.24619751 -0.35943191 -0.03508753  0.15987725 -0.20371688
   0.21931937  0.14777764 -0.06395019  0.06417318 -0.1469593  -0.30607075
  -0.28713376]
 [-0.58072018  0.0721722  -0.1576862  -0.13010661  0.17164946  0.26465048
  -0.07327397 -0.2828766  -0.31150834 -0.07524148 -0.06775476 -0.14853156
   0.19208298  0.34978773  0.11225448  0.28922633  0.01979523  0.14106074
   0.16040452]
 [-0.02833788  0.21329962  0.2702639  -0.18243084 -0.2910037   0.38181694
  -0.37699949  0.20095892 -0.08962896  0.07022894  0.12610936  0.18953043
  -0.21209024  0.15849843 -0.37775614 -0.12591039 -0.22558933 -0.00237312
   0.3000868 ]]

Kinase GSK3A
Singular Vector U 
[[-0.04260272  0.23762957 -0.10097731 -0.06405843]
 [-0.11096528 -0.2132091  -0.27958996 -0.51719575]
 [ 0.37646558 -0.18358181  0.07629346 -0.32562416]
 [ 0.03215636 -0.52810746 -0.06067052  0.02624813]
 [-0.15411041 -0.01406705  0.39735272 -0.24630134]
 [ 0.28625569 -0.14122011  0.20411517 -0.14762339]
 [-0.33590168 -0.12143519  0.20147477 -0.07232576]
 [-0.02026599 -0.44457103  0.25331349  0.08032048]
 [-0.02853029 -0.2371172  -0.07533407 -0.03833012]
 [-0.13392184 -0.32315376 -0.27964477  0.28434516]
 [-0.10375935  0.01149319 -0.02921696 -0.26463902]
 [ 0.27862794 -0.05559425  0.03052267  0.10956195]
 [-0.13976529 -0.06026621  0.05667944 -0.39292156]
 [-0.11275137 -0.11646479 -0.26007933 -0.04083201]
 [ 0.19598988 -0.18850439 -0.01942369  0.1416743 ]
 [-0.37368292 -0.11586506  0.01313041 -0.00187232]
 [-0.15182595 -0.18182245 -0.05993424 -0.00604379]
 [-0.03511849 -0.20174088  0.20880059  0.1423798 ]
 [ 0.15475824 -0.15766116 -0.03635011  0.14602038]
 [-0.25409982 -0.07179028 -0.0490879   0.30701233]
 [ 0.18829421 -0.12236554 -0.31503594 -0.21012139]
 [-0.23887455  0.05900766 -0.43182769 -0.05258176]
 [ 0.3184566   0.02623116 -0.32266191  0.06522262]]
Singular Values 
[8.60279252 7.78519786 6.80612067 5.35663261]
Singular Vector V (transpose) 
[[ 0.23857334  0.12406779 -0.67818517  0.68392604]
 [-0.40806474  0.03237424 -0.7124315  -0.56997933]
 [ 0.51153024 -0.81821112 -0.17072439 -0.19930018]
 [-0.71756724 -0.56043702  0.05796054  0.40944862]]

Kinase PAK1
Singular Vector U 
[[-0.17611902 -0.06458744 -0.29921493  0.46648964 -0.18298737  0.21349813
   0.00270626]
 [-0.31793476 -0.2143422   0.15845565 -0.14380069 -0.34488653 -0.00294261
   0.20931871]
 [-0.22388517 -0.37546666 -0.07279944  0.00421055  0.16537639  0.30159317
   0.1099959 ]
 [-0.07006599  0.26425403  0.14590108  0.06762587 -0.23201383 -0.04167352
  -0.09568232]
 [-0.15406175 -0.25601332  0.06470342 -0.15916768  0.02683324  0.15654936
  -0.13744165]
 [-0.30377597  0.21455375 -0.12114633 -0.0385974   0.17962491  0.23120073
   0.08239521]
 [-0.20500798 -0.05388727  0.09134793  0.20868975 -0.11662726 -0.44537049
  -0.54420207]
 [-0.14078423 -0.15558947  0.35003299  0.08192654 -0.02384812 -0.06550528
   0.36913318]
 [-0.17730359 -0.22367032  0.11329865 -0.22842971 -0.04121307 -0.04519024
  -0.07579934]
 [-0.20965455 -0.12682258  0.18603262 -0.19472456  0.03803114 -0.02459547
  -0.45055926]
 [ 0.08615467 -0.18774476 -0.0907208  -0.25401548  0.32779852 -0.29480308
   0.08109276]
 [-0.08368414  0.02849195 -0.02654867 -0.16137802 -0.27557257 -0.15255516
  -0.03294863]
 [-0.07388265 -0.4326948   0.04301602  0.22803295  0.14204708  0.06992464
  -0.0083189 ]
 [-0.2088515   0.08082574 -0.11154131  0.1767571  -0.32533562 -0.26901895
   0.27996726]
 [ 0.01861271  0.10381787 -0.02575814  0.08251487  0.33512164  0.05695881
  -0.06952718]
 [-0.33734847  0.22767226  0.37957818  0.06639388  0.0087784   0.23261573
   0.09097364]
 [ 0.02524377  0.09066684  0.14370108  0.2647113  -0.0644456   0.22140415
  -0.14656216]
 [-0.16262058  0.10120058  0.33901112  0.29488878  0.38672907 -0.37303423
   0.13470956]
 [-0.38079004  0.25392942 -0.17527165 -0.03832121  0.35464021 -0.14616137
   0.09405271]
 [-0.37267018 -0.10742618 -0.25689805 -0.15772988  0.00420474 -0.0446792
  -0.05543976]
 [-0.17851102 -0.01881395 -0.50860743  0.14769031 -0.00693695 -0.17078197
  -0.01954631]
 [-0.04845886  0.19562272 -0.05079089 -0.40423033 -0.11616154 -0.1187712
   0.22409104]
 [-0.19177046  0.32976504 -0.00857756 -0.19056118  0.03536298  0.28081422
  -0.25828738]]
Singular Values 
[11.87398548  8.44186353  7.35917237  6.58072447  5.97204275  5.5305597
  3.5524741 ]
Singular Vector V (transpose) 
[[-0.53695137 -0.51591853 -0.55645007 -0.07508026 -0.1584595  -0.32419566
   0.00503381]
 [ 0.43165494 -0.12896764 -0.09405531 -0.17450102  0.25202585 -0.41985564
   0.71968644]
 [-0.15111219 -0.10905709  0.43820945  0.67114807 -0.41323997 -0.277507
   0.27391055]
 [-0.18672829  0.46250045 -0.49279654  0.55812756  0.38694908  0.10366679
   0.19077391]
 [-0.62147318  0.3903374   0.39214306 -0.3553646   0.26044715 -0.30780566
   0.13700571]
 [-0.07351516  0.38821205 -0.2245861  -0.27509969 -0.67470196  0.28950067
   0.42277037]
 [-0.27571997 -0.43396246  0.20597541  0.00154842  0.26042511  0.67253737
   0.41605176]]

Kinase IKBKB
Singular Vector U 
[[-0.22397492 -0.24404895 -0.13094183 -0.11128116 -0.19140816 -0.29165697
   0.01215451]
 [ 0.08788189  0.15931493 -0.20367342 -0.00765936  0.33847325 -0.19386269
  -0.08300921]
 [-0.30081686 -0.18171453 -0.23019538 -0.02202047  0.11078228 -0.01377485
  -0.04535214]
 [-0.27031576  0.30717944  0.22283455 -0.11746198 -0.10080941 -0.03474425
   0.23619967]
 [-0.34491097 -0.24284626 -0.26088876 -0.08433701 -0.09766569  0.04377974
  -0.01480669]
 [-0.16623653  0.3195535  -0.09367309  0.44542675  0.18320468 -0.04301194
   0.05867677]
 [-0.23732022  0.181875    0.08995513 -0.12195858  0.1876518  -0.35336031
  -0.1757817 ]
 [-0.01083041  0.16347812 -0.02597472 -0.06112914  0.34286507  0.09868496
  -0.39889055]
 [-0.40160239  0.09258849 -0.00244015 -0.06933464 -0.12521704  0.12826574
  -0.28083092]
 [-0.07674172 -0.25488327 -0.02502394 -0.39355618  0.05586884  0.28300958
  -0.15228171]
 [-0.06624918 -0.13735654 -0.37915342  0.3846113  -0.12888552  0.02449348
  -0.22368182]
 [ 0.23159916 -0.16431238 -0.06278387  0.04824786  0.10990886 -0.04119578
  -0.08261245]
 [-0.06039858  0.21368438 -0.33053743 -0.2908721  -0.23150207  0.25202041
  -0.08241765]
 [-0.23341558 -0.22838397  0.38717951  0.0598573   0.19175116  0.26663185
  -0.21293199]
 [-0.22174949  0.29501    -0.00309892  0.23862142 -0.10988721 -0.03062731
  -0.16219577]
 [-0.34073668 -0.0215458  -0.12147632  0.071396    0.38617976  0.13260102
   0.37652212]
 [-0.18223032  0.0863395  -0.16100327 -0.19231924 -0.17232052 -0.19211624
   0.39990755]
 [-0.19119908 -0.40030407  0.28933185  0.15913643  0.05594043 -0.25792011
  -0.03315736]
 [-0.18697084  0.16086937  0.11712101  0.12110282 -0.04948309  0.33604711
  -0.04426693]
 [-0.14088237 -0.02021547  0.30880515 -0.09829531  0.0702971  -0.20289856
   0.11533336]
 [ 0.03776788 -0.02130882 -0.18684226 -0.21751138  0.521713    0.16086653
   0.24079183]
 [-0.02139727  0.00215888 -0.21086598 -0.13508897  0.13694332 -0.4398889
  -0.28995894]
 [-0.0212851  -0.26004628 -0.18103661  0.36982906  0.01660274  0.09332207
   0.20969664]]
Singular Values 
[13.23208858  8.57148489  8.29189493  6.41399747  5.23850677  3.9429632
  3.65540917]
Singular Vector V (transpose) 
[[-0.22273861 -0.23564114 -0.33411715 -0.49050513 -0.37226355 -0.33971568
  -0.53725629]
 [-0.62932979 -0.53664061  0.47642728  0.16623255  0.1326388   0.15428584
  -0.14123558]
