Method Singular Value Decomposition(One of the PCA methods)
X = U(SIG)V*

X shape (nxm)

U shape (nxn)

(SIG) shape (nx1)

V shape (nxm)

Kinase AURKA
Singular Vector U 
[[-0.1670368  -0.30048036 -0.01990059 -0.11196461 -0.24050086]
 [ 0.16908469 -0.20618761 -0.22422221 -0.0367946   0.31767873]
 [-0.04112913 -0.06010227 -0.12028209  0.45429948 -0.03850573]
 [ 0.12639797 -0.26000206  0.28331595 -0.33732369  0.08018208]
 [ 0.3146118   0.02090482  0.24186915 -0.0308294   0.21736356]
 [ 0.39648433  0.07849742  0.01384777 -0.16891061  0.06079265]
 [-0.04693461  0.18442461 -0.06587437 -0.12746948  0.32835938]
 [ 0.34071719  0.02370782 -0.10215925 -0.05617235 -0.14392957]
 [-0.15943655 -0.1426523  -0.08067985  0.16013313 -0.15252133]
 [-0.28218999 -0.24635351  0.21677996  0.18102052  0.12398994]
 [ 0.08578212 -0.36484244  0.14595764 -0.11800982  0.06584184]
 [ 0.24306676  0.15095729  0.42952879  0.23635505 -0.01108329]
 [ 0.26680876  0.08923994  0.03160876  0.127206   -0.41443494]
 [-0.0283651   0.24158651  0.36285817 -0.30024083  0.04634535]
 [ 0.00956864 -0.34422083 -0.20118479 -0.21824544 -0.10882714]
 [ 0.2529454   0.03005018 -0.06989075  0.38475027 -0.07470893]
 [-0.1814926   0.01905442  0.25572395 -0.01809381 -0.23643354]
 [-0.05297254  0.06208871 -0.41169604 -0.21357987  0.0793609 ]
 [ 0.17018986 -0.07241454 -0.13078503  0.23115666  0.46270839]
 [ 0.17393381  0.04218007 -0.10880518  0.03822899 -0.22179132]
 [-0.04438941 -0.19626048  0.14578101  0.27637286  0.26078491]
 [ 0.35526444 -0.1870448  -0.16052241 -0.07597951 -0.14245302]
 [ 0.14376174 -0.49740309  0.1815116   0.06217277 -0.07506774]]
Singular Values 
[9.64908664 7.80021727 6.76244563 5.78051809 3.49098006]
Singular Vector V (transpose) 
[[ 0.78212707 -0.21497199  0.32716987  0.40550439 -0.26568845]
 [-0.25643623 -0.55846796 -0.55570207  0.53157089 -0.17601592]
 [ 0.16515175  0.74922821 -0.40469633  0.48315285  0.11902184]
 [ 0.44609989 -0.27371573 -0.37582344 -0.22302928  0.73149797]
 [ 0.31022168  0.07508246 -0.52833012 -0.51944186 -0.59090826]]

Kinase IKBKB
Singular Vector U 
[[-0.21032044 -0.08396351 -0.1588468   0.2906999   0.2122496   0.16146212
   0.06080744]
 [ 0.2954194   0.01583646 -0.02750523 -0.20461809  0.49818178  0.18957707
   0.02546067]
 [-0.19563311 -0.09862314 -0.20601705 -0.14833113  0.18048178  0.19778929
   0.10698057]
 [ 0.16252022 -0.01928488  0.21783718  0.10873583  0.06804883  0.09622564
  -0.05289098]
 [ 0.26455925  0.17104299  0.06498467  0.12519398 -0.15046339  0.3843811
   0.02065927]
 [ 0.3789113   0.10522479 -0.01648018  0.43516647 -0.21184489  0.04505797
   0.2162067 ]
 [-0.03925874  0.02196911  0.1702685  -0.22463649  0.06772219 -0.34677194
  -0.20841198]
 [ 0.35466791 -0.18133769 -0.15372279  0.10436672  0.4335432  -0.00243764
  -0.03933412]
 [ 0.25477988 -0.15774225 -0.11704048  0.04812908 -0.27628654  0.00296182
  -0.09717454]
 [ 0.19436647  0.2323112  -0.14974474 -0.13456689 -0.05521203 -0.26327203
   0.41372523]
 [ 0.10348851 -0.2069131  -0.21756179 -0.21162333 -0.10568211  0.04027543
  -0.42638295]
 [-0.04651169  0.43494973 -0.17878855  0.18042867  0.32932349 -0.0045198
  -0.28494795]
 [-0.18742866 -0.13088523  0.03855133  0.33880961  0.07622536  0.08959052
   0.03933888]
 [-0.07087691 -0.00727568 -0.50213204 -0.05567368 -0.13674959  0.20401998
   0.1098169 ]
 [ 0.10983264 -0.00112527  0.04699212  0.35216334  0.17076336 -0.24151854
  -0.43120272]
 [ 0.20220214 -0.45323014 -0.20888695 -0.15813708  0.11420245 -0.07701237
   0.05652039]
 [-0.04161208  0.38283029 -0.15436244 -0.03933558  0.07743652  0.0728245
  -0.08407126]
 [ 0.14367828  0.06501501  0.49224709 -0.32014044  0.16345112  0.09261633
   0.12989153]
 [-0.03746378  0.27593296 -0.23656556 -0.09686032 -0.07697483 -0.44081954
  -0.0567067 ]
 [ 0.30554955  0.25555661 -0.00949617 -0.19933451 -0.23755431  0.29591429
  -0.34047753]
 [ 0.22175412 -0.04838913 -0.2759115  -0.11161867 -0.01673198 -0.1113847
   0.01061268]
 [ 0.0188998   0.28204783 -0.11110824 -0.08479805  0.21753359  0.0439939
   0.26258344]
 [-0.29592932  0.03649892 -0.03811286 -0.18951992 -0.03328921  0.35297059
  -0.17540558]]
Singular Values 
[11.45958687  9.05356327  7.5798277   7.17656446  6.07613049  4.61240527
  3.91665542]
Singular Vector V (transpose) 
[[ 0.46453186  0.15453521 -0.12471597  0.66357199  0.49425899  0.13657267
   0.20372314]
 [-0.3351738   0.418518    0.08300503 -0.13595809  0.64374889 -0.22126251
  -0.47302964]
 [ 0.20219797 -0.24023431 -0.70899642 -0.46363243  0.28591998  0.30342033
  -0.09979164]
 [-0.25997886  0.29213378 -0.17364455 -0.23934876  0.16220124 -0.2504545
   0.81889675]
 [ 0.01397275 -0.34153978  0.62419101 -0.27983502  0.41027292  0.44033267
   0.23025325]
 [-0.10128408 -0.71616093 -0.05543109  0.15948433  0.25446236 -0.61907661
   0.01844618]
 [-0.74360066 -0.1684369  -0.22812436  0.40645031  0.01268757  0.44771727
   0.02885754]]

Kinase RPS6KA1
Singular Vector U 
[[ 1.11835843e-01  6.42811618e-02 -5.29421375e-02 -9.33629242e-02
   1.84186982e-01  3.62399715e-01 -2.43792625e-01]
 [ 3.68321708e-01  1.44758557e-01 -1.94477835e-01 -5.86915502e-02
  -1.94833836e-01  2.28017957e-01 -6.95725415e-02]
 [ 6.86727641e-02 -3.39873071e-02  4.95439449e-01  6.69997602e-02
  -4.70273232e-01 -1.10977322e-01 -1.08913574e-01]
 [-1.67777844e-01 -3.27556166e-01 -1.44839984e-02  1.90562103e-01
  -3.05384834e-02 -5.04049746e-03  1.15758895e-03]
 [-6.35426029e-02 -4.13126997e-01 -1.28092598e-01 -1.63479273e-01
  -1.29272421e-01 -7.56161499e-02 -1.80091645e-01]
 [ 6.24427969e-02 -3.71159192e-01 -3.22759238e-01 -9.76326092e-02
  -1.51925998e-01 -1.52373380e-01  3.28273588e-02]
 [ 1.10495877e-01 -6.83467517e-02 -1.00508843e-01  5.07000548e-01
  -1.25283507e-01 -2.41448041e-02 -1.19516665e-01]
 [ 3.15483416e-01 -2.15496439e-02  7.00287034e-02 -1.87935657e-01
  -1.93392892e-01  3.84371224e-04 -6.77354321e-03]
 [ 3.80614081e-01 -1.90355416e-01  1.10663887e-01  2.93113126e-01
   3.17483327e-01  7.07197683e-02  1.95354269e-01]
 [ 8.86873621e-02 -1.12831446e-01  3.60606074e-02  1.71401683e-01
   3.96738339e-01 -1.99166611e-01 -1.89602954e-01]
 [ 4.74903033e-01 -1.42632750e-01  1.45463284e-01 -4.32678484e-02
   1.83637035e-01 -4.02013283e-01 -1.89806549e-02]
 [-7.59568463e-02 -2.64064366e-01 -9.90305530e-02 -2.10105642e-02
   9.27883554e-02  3.31642307e-01 -2.70041344e-01]
 [ 2.73950271e-01 -9.29013966e-02 -3.56881608e-01 -1.16297258e-01
  -6.97301417e-02  1.64571083e-01  1.04394468e-01]
 [ 2.34032801e-01 -9.10566252e-02  2.95438276e-01  3.00224538e-01
   2.62391567e-04  2.33580626e-01  7.23851326e-02]
 [ 7.52764928e-02 -2.87735993e-01  1.33087641e-01 -2.87086352e-01
   4.27920961e-02  2.93332833e-01 -1.51011866e-01]
 [-4.77897843e-02 -4.99469966e-01  1.42551809e-01 -1.36192193e-01
   8.77773927e-03  3.83354454e-02  2.45656751e-01]
 [ 2.00502158e-02  1.23206293e-01  2.02497841e-01 -1.78224933e-01
   3.22415846e-01  2.53813401e-01  2.42008543e-01]
 [ 1.57159165e-01  1.28747402e-02 -2.07286489e-01 -3.44031293e-03
   1.74282541e-01 -6.43751978e-02 -3.94796962e-02]
 [ 2.84885758e-01  5.89396538e-02  1.52217026e-01 -3.00299620e-01
  -2.56623865e-01 -7.86471842e-02  1.30276885e-01]
 [ 1.90693672e-01  9.42631955e-02 -8.59920861e-02  1.97111722e-01
  -1.65365234e-01  8.30153645e-02 -5.28791483e-01]
 [ 1.10841300e-01  1.43162496e-01 -1.42435432e-01 -2.79586092e-01
   2.16734609e-01 -3.81739465e-01 -1.86318709e-01]
 [ 1.32796404e-01  1.27932967e-01 -8.12361262e-02 -4.61659570e-02
  -5.13029131e-02  2.46576407e-01  1.88721854e-01]
 [-7.02821410e-02 -1.02089293e-02  3.73494604e-01 -2.34661840e-01
   1.69417441e-01  3.49256736e-02 -4.49762029e-01]]
Singular Values 
[10.53855661  8.40376044  7.85446288  7.42545222  4.93725872  4.25852501
  3.39349526]
Singular Vector V (transpose) 
[[ 0.12350244  0.49826973  0.51456793 -0.05556632  0.5908265  -0.12071453
   0.32397331]
 [-0.37648446  0.04450386  0.1293279  -0.83758874  0.02061295 -0.11239686
  -0.35346895]
 [ 0.79321432  0.09192368 -0.13090404 -0.29828509  0.08720291  0.40076131
  -0.29671071]
 [-0.01893788  0.48178623 -0.33676915  0.29503191  0.15498466 -0.43665349
  -0.59361569]
 [ 0.28984444  0.23511927  0.46926641 -0.00642459 -0.72357731 -0.3409067
  -0.02598821]
 [-0.20583658 -0.09720626  0.56716952  0.34468724  0.05516542  0.45657819
  -0.54422864]
 [ 0.29509406 -0.6666698   0.21459865  0.02211529  0.30375518 -0.54482844
  -0.18117386]]

Kinase CDK6
Singular Vector U 
[[ 1.11873139e-01 -2.70883483e-01  3.04167150e-02  3.55014998e-02
   2.68167672e-01]
 [-1.95584482e-01  1.57221487e-02  1.92407940e-01 -1.70950997e-01
   2.45645870e-02]
 [ 1.06011691e-01 -2.58912315e-01 -1.82439211e-01  2.02519252e-01
   5.60809024e-02]
 [ 6.50284159e-02  2.38886326e-01  5.06637329e-02  1.90837981e-01
   7.41656920e-02]
 [ 2.04488766e-01  1.82731703e-01 -2.50232185e-01 -2.27609397e-01
   5.89204120e-02]
 [ 1.54858841e-01 -6.54699913e-02  5.06267966e-01 -9.22664954e-02
   4.10099050e-04]
 [ 1.47967981e-01  1.78567700e-01  3.44935089e-01 -1.14818471e-01
  -6.89214122e-03]
 [ 2.55832939e-01 -3.17214553e-01  6.78156591e-02  1.34282291e-01
  -3.62424021e-01]
 [ 2.02335213e-01 -2.40302311e-01  3.60802835e-02 -5.91284103e-02
   5.92537827e-01]
 [ 2.75673491e-01 -9.92255567e-02  7.78183555e-02 -3.56960518e-01
  -4.38281557e-01]
 [ 4.78069510e-01 -5.32682640e-02 -5.34055734e-03  3.60861959e-01
   2.59631100e-02]
 [ 1.23208096e-01  2.76724115e-01  7.16969894e-04 -4.91481269e-02
   3.44305829e-01]
 [ 6.10083607e-03  2.86172319e-01  3.22829279e-02  3.95559202e-01
  -9.24976177e-02]
 [ 3.79561349e-01  2.16550582e-01 -2.24433975e-01 -9.14485131e-02
  -7.65831317e-02]
 [ 1.98370687e-02  3.95121756e-01 -2.16403610e-02  5.38851616e-02
   2.33325875e-02]
 [-2.54784512e-01  3.36936074e-02  9.96426759e-02  9.44107378e-02
  -1.00618681e-01]
 [-2.90116334e-02 -3.14684158e-01 -2.18788879e-01  7.43244644e-02
   1.16818122e-01]
 [ 3.65370026e-02 -9.94784004e-02  1.11508414e-01 -3.44074216e-01
  -2.05346741e-02]
 [ 1.17828459e-01 -1.57288168e-01  2.13798975e-01 -1.68480519e-01
   7.62098576e-02]
 [ 1.99823206e-01  1.62669495e-01 -3.14616246e-01 -3.09385952e-01
  -4.67189373e-02]
 [ 8.40678057e-02  1.87983214e-01  3.81816827e-01 -4.81633862e-02
   2.16516562e-01]
 [-1.57311026e-01 -4.10630515e-02  1.78746786e-01  1.73286034e-01
  -1.25258106e-01]
 [ 3.50342070e-01  4.34426450e-02  1.78251731e-01  2.82812607e-01
  -1.08798644e-01]]
Singular Values 
[9.21765314 8.11531693 7.88328029 5.6650346  4.59148898]
Singular Vector V (transpose) 
[[ 0.23691391  0.30310241  0.43912403  0.7682447   0.2626231 ]
 [ 0.09947958 -0.18889245 -0.62040008  0.14530922  0.74054873]
 [-0.5994881   0.38557371 -0.48011953  0.41110748 -0.30401121]
 [-0.42803852  0.54212145  0.28346801 -0.42021092  0.51570926]
 [-0.62559784 -0.65565679  0.3337738   0.20760234  0.15568503]]

Kinase HIPK2
Singular Vector U 
[[ 0.21525786 -0.25428418 -0.01987325  0.08891933]
 [ 0.1970903   0.19126933 -0.36981377  0.14646749]
 [-0.01718851 -0.18954324  0.48677651  0.11759002]
 [-0.01417402  0.19195502  0.13086882  0.17488012]
 [-0.10313978 -0.02320718  0.18388019  0.03415829]
 [ 0.00708234  0.21996584  0.08698052  0.10809564]
 [ 0.25348045  0.19807857 -0.1932097  -0.14847256]
 [-0.06388493 -0.23636029  0.01133272  0.27174764]
 [ 0.34032322 -0.14889146  0.19085902  0.40144882]
 [ 0.14033412 -0.02807803 -0.26601731  0.25327724]
 [ 0.20622241 -0.37034918  0.08541637 -0.16347107]
 [ 0.01282411  0.22390562  0.36325086  0.05682324]
 [ 0.26234013  0.15512702  0.04216329 -0.27389885]
 [ 0.23559321 -0.11410392 -0.05386388  0.0309872 ]
 [-0.05521004  0.22600834  0.15312751 -0.28781778]
 [ 0.32874215  0.18697541 -0.16596904 -0.17226012]
 [ 0.4170908  -0.22741025  0.11626013  0.0587726 ]
 [ 0.1798083   0.2253586   0.33930388  0.01503949]
 [ 0.28525746 -0.01685026  0.1142105  -0.32286823]
 [ 0.1435173  -0.04692787  0.21920627 -0.31855384]
 [-0.01914719  0.37026539  0.12451861  0.28633746]
 [ 0.32935814  0.29018768  0.02727749  0.28248109]
 [ 0.06739116 -0.14930166 -0.14774509  0.05046468]]
Singular Values 
[8.53573709 8.40171295 6.1182966  5.81925036]
Singular Vector V (transpose) 
[[ 0.50823685  0.16557291  0.82926906  0.16307589]
 [ 0.34558454 -0.83043857 -0.12814532  0.41775816]
 [ 0.68947992  0.45098528 -0.54393024  0.1592784 ]
 [-0.38325457  0.28208096  0.00561264  0.87949688]]

Kinase RPS6KA3
Singular Vector U 
[[-0.06375601 -0.06557668 -0.16215389 -0.05357444]
 [-0.09725873  0.09395426  0.4532292   0.03047717]
 [ 0.00678309  0.1094617  -0.09259195  0.33491617]
 [ 0.23051687 -0.31040827 -0.01275989  0.15801556]
 [ 0.3800804  -0.09999586 -0.05034142 -0.32235199]
 [ 0.01088708 -0.4804547   0.0374187  -0.04236407]
 [ 0.29277447 -0.06372166 -0.1444901   0.01575745]
 [ 0.20874363  0.2824377  -0.1486477  -0.12332159]
 [ 0.27342057  0.00884961  0.35539963  0.1975679 ]
 [ 0.0539931  -0.08585397  0.01617733  0.09855629]
 [ 0.09455409  0.13192916  0.19394981  0.31260965]
 [ 0.3110521  -0.21712309 -0.25331248  0.05050795]
 [ 0.30687401  0.15149437  0.21147111 -0.44653425]
 [ 0.03313534 -0.00772041  0.3519206  -0.25824971]
 [ 0.34476253  0.07037756 -0.04527312 -0.14121621]
 [ 0.26417998 -0.2530563   0.35095282  0.29425908]
 [ 0.11761143  0.28242359 -0.15463653  0.21837765]
 [ 0.243301    0.12967866 -0.100599    0.26773413]
 [ 0.13193649  0.37354987 -0.03695511  0.2309516 ]
 [ 0.14787003  0.1852894   0.23127851  0.01754752]
 [-0.20792958  0.20681024  0.24061732 -0.09550693]
 [-0.1821369  -0.1035993  -0.07129737  0.09697348]
 [ 0.05850167  0.25674412 -0.19656374 -0.15722706]]
Singular Values 
[9.91821154 7.20270167 5.64907268 3.86672538]
Singular Vector V (transpose) 
[[ 0.34713908  0.52611894  0.08092604  0.77210381]
 [ 0.251431   -0.80018736  0.37721204  0.39267508]
 [-0.61610214  0.19605203  0.76021072  0.06372926]
 [-0.66082908 -0.21086168 -0.52272527  0.49558104]]

Kinase AKT1
Singular Vector U 
[[ 2.97117298e-01 -3.77474528e-02 -2.98195418e-02  1.29632357e-03
  -5.36083186e-01  7.65738515e-02 -1.26409631e-02  4.09425953e-02
  -1.10236602e-01  1.06626922e-01  3.33666825e-01  2.18440939e-01
  -4.15159934e-02 -4.63736084e-02  4.19262958e-02 -2.86287506e-01
   2.18242553e-01 -2.83940976e-01  2.75367137e-01 -2.30021768e-01
   2.93177724e-01 -3.38739876e-02 -8.17913859e-03]
 [ 3.12662722e-01 -2.46567693e-01 -1.29624632e-01  6.50420629e-02
   2.59704881e-01 -1.17494584e-01 -3.31184669e-02 -1.10475391e-01
   3.01892548e-01 -3.57292134e-02  4.31231915e-02 -2.59765484e-01
   1.20878352e-02  2.03698540e-01 -2.40113366e-01 -1.33303242e-01
   4.04434757e-02 -3.75974343e-02  2.07393862e-01 -2.83818437e-02
   9.09097488e-02  2.10984172e-01 -5.89404316e-01]
 [-1.58515482e-01  2.17006734e-01  2.29967791e-01  1.09567409e-01
   8.19588478e-02  2.09775238e-01 -3.42207471e-01 -1.37455281e-01
   7.72213920e-02 -1.86518101e-01 -3.75311371e-01  1.93520801e-01
   2.28964270e-01  1.95139320e-01 -2.42203523e-01 -1.32171823e-01
   4.45019026e-02 -2.25623177e-01  2.44349360e-01 -2.17402972e-01
   4.81814311e-02  3.01171962e-01  1.93876268e-01]
 [-6.29797325e-02  3.38162280e-01  3.32172359e-01  3.04659565e-01
  -3.56264668e-01  4.15949349e-02  2.43089429e-02 -1.14343387e-01
  -7.11116139e-02 -1.15684711e-01 -1.20556781e-01 -3.40555250e-01
  -8.60699562e-02 -2.03097474e-01  2.21667959e-01  1.08088016e-01
  -1.43771747e-01 -4.68521296e-02  2.48573353e-01  1.12239204e-01
  -1.66221357e-01 -1.63832244e-02 -3.90674058e-01]
 [ 9.53214325e-02  2.16234620e-01  3.53282831e-02  1.35754002e-01
   1.39746810e-02 -3.10687139e-01 -2.48268419e-03 -3.68091375e-01
  -2.07930322e-01  1.19689202e-01  2.13716538e-02  3.33238715e-01
  -1.65716208e-01  1.48015901e-01 -1.65704645e-01  2.97858293e-01
  -5.77817186e-02  3.03215539e-01 -5.93968605e-02 -4.64604056e-01
   2.18412548e-02 -1.19632352e-01 -1.67911417e-01]
 [ 1.51455447e-01  2.40083816e-01  2.07207516e-01 -3.91977178e-01
  -7.73886184e-02 -1.17586823e-01 -2.51409510e-01 -7.49399945e-02
   1.96548479e-01  3.78446396e-01 -3.68919964e-02 -1.54903670e-01
   2.04198401e-01 -2.25607846e-01  5.11231580e-02 -1.12863859e-01
   4.03655216e-01  1.95097438e-01 -1.98148792e-01 -8.53469587e-02
  -2.18403765e-01  1.46322121e-01 -4.88541065e-02]
 [ 2.86827057e-02 -1.11375317e-01  2.99091383e-02 -3.39727182e-02
  -4.88613255e-02 -4.77996170e-01 -5.23091909e-01  5.40529100e-02
   1.49726603e-01 -1.13441431e-01 -5.83613211e-03  3.01800236e-01
  -7.47857853e-02 -7.92505300e-02 -6.92501566e-03  1.41929586e-01
   2.69851591e-02 -6.85828850e-02  2.67446928e-01  4.13517567e-01
  -8.11690014e-02 -2.53193945e-01  1.36930445e-02]
 [ 2.77143287e-01  2.10075248e-01 -2.77053933e-01 -1.16439429e-01
   2.40285890e-01 -8.71197146e-03  2.01839663e-01 -1.08821095e-02
  -1.29319432e-02 -2.25184463e-01  2.92600075e-04  2.63120373e-02
   3.04653234e-01 -2.27248878e-01  6.84175954e-02 -1.29964005e-01
  -8.23229610e-02  3.21526980e-02  4.13555784e-01 -2.09587291e-01
  -3.92455507e-01 -2.87262599e-01  1.14760342e-01]
 [ 1.89128473e-01  2.99017320e-01  4.36823850e-02 -1.67537592e-01
  -1.89244332e-01  1.56821391e-01  1.51475774e-01  2.35113669e-01
   1.23519417e-01 -1.68897392e-01  2.54742838e-01  2.91844535e-02
   7.58028557e-02  2.09058019e-01 -4.77953060e-01  4.62811410e-01
   6.59265716e-02 -1.65846176e-01 -9.90338758e-02  1.63173171e-01
  -1.86813233e-01  3.00550993e-02 -2.26168917e-02]
 [ 1.81505032e-01 -2.58326820e-01 -2.25625118e-01  1.59649744e-01
  -1.77385089e-01  1.41652185e-01 -8.12422182e-02 -1.37721146e-01
   3.41389595e-02 -5.70774654e-03 -2.24793051e-01  1.48494743e-01
   6.47234130e-02 -6.47345369e-01 -2.92596793e-01  1.44900913e-01
  -1.89363093e-01 -9.37466508e-02 -2.48043080e-01 -3.41379209e-02
  -6.10725276e-02  1.73666011e-01 -4.43615018e-02]
 [ 1.54811629e-01 -8.48797832e-02 -3.99015310e-02 -1.57311105e-01
   9.42032590e-02 -3.84964471e-02 -1.97952963e-01  5.16492858e-01
  -4.53522095e-01  3.11066106e-01 -2.44090544e-01 -1.47036977e-01
  -3.49528912e-02  3.43147564e-02  4.75735007e-02  2.86790826e-01
  -1.56031090e-01 -1.05483254e-01  2.25446929e-01 -1.83382388e-01
  -1.47212115e-02  1.78958961e-01 -5.87930784e-02]
 [ 5.33338648e-02 -7.97435737e-02 -1.20041793e-02 -3.95937164e-01
  -5.82487106e-02  1.98680804e-01 -6.95978961e-02 -5.28094595e-01
  -2.99630505e-01  1.06695149e-01  2.15981136e-03 -2.74052960e-01
  -1.49214783e-01  3.42593255e-02 -2.86015597e-01  2.51661430e-04
  -1.35134903e-01  1.00649443e-01  2.64422233e-01  2.76032987e-01
   8.67888002e-02 -7.92532799e-02  1.93538630e-01]
 [ 2.14928800e-01 -1.78947194e-01  1.68888980e-01  1.35888885e-02
  -3.15567891e-01  8.17500351e-02  2.54371193e-01  1.09467926e-01
   2.31146871e-01  2.60839627e-01 -3.46813082e-01  2.57485083e-01
   1.94401190e-01  2.75426811e-01  1.46549863e-03 -1.12856837e-01
  -2.83733790e-01  3.77050787e-01  1.23405897e-01  1.70864736e-01
  -8.08509035e-02 -4.28440939e-02  1.47723786e-02]
 [ 2.44287250e-01 -1.38087356e-01  2.11566432e-01  1.71057013e-01
  -6.29494163e-02 -4.37963310e-01  3.14436206e-01  1.70411675e-02
  -1.97645385e-01 -2.02879522e-01 -3.41257123e-01 -2.66431478e-01
   3.03722890e-02 -8.95029209e-03 -2.01689260e-01 -3.29257520e-02
   3.69627627e-01 -7.65376835e-02 -7.42801123e-02  2.56230638e-02
   9.31333042e-02 -6.23471539e-02  2.83991001e-01]
 [ 1.13145781e-01  1.19016934e-01 -4.26515834e-01  3.78941055e-01
  -1.60883057e-01 -7.51467170e-02 -1.23353679e-01 -5.90766644e-02
   2.02544972e-01  1.20715671e-01  1.08614624e-01 -2.35469458e-01
  -1.39984311e-01  1.36093476e-01  1.20089057e-01  1.53713377e-01
   5.86478943e-02  2.02549383e-01  1.56051303e-01  2.63881440e-02
  -1.17169090e-01  3.58752342e-01  4.31662340e-01]
 [ 5.00071783e-02  1.58185263e-01 -5.31323617e-02 -3.35540995e-01
  -1.79990896e-01 -1.41942080e-01 -7.15127503e-02  2.32979399e-01
   1.24954201e-02 -5.13801900e-01 -6.74837948e-02 -1.17129299e-02
  -3.50470227e-01 -7.16088423e-02 -5.68392648e-02 -2.75142399e-01
  -2.21090009e-01  3.49255369e-01 -7.43995569e-02 -1.09313363e-01
   1.10588588e-01  2.62068956e-01 -1.19302768e-02]
 [ 7.71785711e-02  1.40767566e-01 -3.99021023e-01 -6.61594167e-02
  -4.36797080e-02  3.27812548e-01 -3.78562402e-02 -1.02746942e-02
  -9.83931057e-03 -1.14932396e-01 -4.67389021e-01  1.04018118e-01
  -1.61743908e-01  9.49365895e-02  1.78504324e-01  1.51497551e-01
   4.67369240e-01  9.41110223e-02 -2.59533214e-02  1.18754452e-01
   1.70023719e-01 -2.22647176e-01 -2.15895040e-01]
 [ 3.52137400e-01  3.10195953e-01  5.59738280e-02  1.42187137e-01
   1.99824754e-01  1.47253598e-02 -1.18578636e-01  1.28975461e-02
  -1.42936734e-01 -5.50011576e-02  1.29205424e-01  1.04203176e-02
   4.10250206e-01 -9.54376173e-02  1.28773238e-01  5.46203705e-02
  -1.58981686e-01  1.82508654e-01 -1.10763927e-01  2.80379065e-01
   5.58286422e-01  5.46686562e-02  2.60241358e-02]
 [ 2.48338151e-01 -1.37333709e-01  2.04854351e-01 -4.34631298e-02
  -1.51286947e-02  1.71566435e-01 -2.44767516e-01  8.04748037e-03
   3.98056013e-01 -9.58090106e-02 -4.47464335e-02 -3.07853886e-01
  -1.15041179e-01  4.56093877e-02  1.25504870e-01  2.11782830e-01
  -1.95427803e-01 -6.43522565e-02 -1.16405738e-01 -3.71023008e-01
   1.70453523e-01 -4.23239164e-01  2.09579828e-01]
 [ 1.30950727e-01  1.39233104e-01  2.87888493e-01  1.32292902e-02
   3.66715896e-01  1.18192220e-01  2.79187239e-01  7.40635308e-02
   2.48633838e-01  1.93962332e-01 -1.10483851e-02  2.09007895e-01
  -4.98202198e-01 -3.20972647e-01 -2.94161697e-02  7.57499719e-02
   9.86862428e-02 -5.51847940e-03  2.74055259e-01  8.75698600e-02
   1.44186517e-01  1.36367421e-01  1.24585650e-01]
 [ 2.43800888e-01  3.38003445e-01 -1.67588615e-01 -8.64209648e-02
   2.94814992e-02 -1.98060710e-01  5.76760115e-02 -1.53195176e-01
   4.67588807e-02  1.93711968e-01 -2.13362036e-01  4.46648808e-02
  -2.06456160e-01  1.82653849e-01  1.20663931e-01 -2.32390910e-01
  -3.13924616e-01 -5.31256779e-01 -2.95077544e-01  1.33416332e-01
  -7.70632967e-02 -1.08584077e-03  2.22221739e-02]
 [ 3.84341545e-01 -1.01382397e-01  2.12046013e-01  2.88855101e-01
   1.62567953e-01  3.08971194e-01 -2.73051695e-01  5.32465082e-02
  -3.01562233e-01 -9.51062040e-02  1.30998752e-01  8.24297112e-02
  -2.30174758e-01  1.24637556e-01 -1.13425238e-02 -2.59455175e-01
   9.95605655e-02  1.27809294e-01 -2.07168730e-01  1.11316458e-01
  -4.12627219e-01 -4.94910119e-02  1.22158834e-02]
 [ 2.06351793e-01 -2.76778663e-01  1.56297767e-01 -2.56699297e-01
  -8.76737136e-04 -2.97546960e-03  1.21471480e-01 -2.96546261e-01
  -4.19460540e-02 -2.89803681e-01  3.88569076e-02  1.84085369e-01
   6.82660338e-02  9.73368705e-02  5.11647805e-01  3.22778198e-01
   4.40391229e-02 -1.25038790e-01 -4.17349512e-03 -3.74458719e-03
  -1.13407189e-01  3.94716423e-01  1.64208993e-02]]
Singular Values 
[14.76440624 13.79336789 11.92784057 11.23320139  9.86168663  9.56131727
  8.59725459  7.91836073  7.8363117   7.08431324  7.04243082  6.23440323
  5.78894329  4.77712709  4.66053265  4.44902813  4.062777    3.0690582
  2.75348038  2.50676193  2.01273858  1.14218783  0.51105575]
Singular Vector V (transpose) 
[[ 1.26080959e-01  1.09802235e-01  1.81657046e-01  4.05727176e-03
   1.45093667e-01  3.04407175e-02  4.91136809e-02  4.39613024e-01
  -2.24684798e-02  2.36092651e-01  7.22178866e-02  3.77505476e-01
   1.27898160e-01  2.54085405e-02  5.83551843e-02  4.20772329e-01
   2.65163024e-02  1.44391866e-01  2.84999952e-02  2.08152055e-01
   2.19014196e-01  1.47987966e-01  1.79972185e-01  3.55386732e-01
   1.23316033e-01 -1.02451357e-01]
 [-1.75558076e-01 -2.97370303e-02 -1.53184497e-01 -2.99719701e-02
  -2.94486799e-01  2.27555333e-01  3.19658181e-01 -8.81292272e-02
  -1.24465460e-01 -1.56063247e-01  2.00799282e-01 -5.75638619e-02
  -4.58005965e-02  1.41582045e-01 -8.56337543e-02  1.21870647e-01
  -3.28250657e-02 -1.06834448e-01  4.08586760e-01  2.03982896e-01
   1.80446800e-01 -3.07574567e-02  4.71347283e-01 -1.58146914e-01
   1.99535467e-01  1.61634514e-01]
 [ 1.33579074e-01 -3.96205630e-02  1.94616636e-01  1.16142949e-01
  -9.29475847e-02  1.42720125e-02 -3.15606979e-02 -2.31926083e-01
  -4.86279319e-02 -1.07805617e-01 -3.55470143e-01 -1.84743504e-01
   1.37686991e-01  4.92807366e-01 -1.77971799e-01  2.75711860e-01
   2.61113904e-01  3.65287715e-02  2.38564605e-02  1.07256468e-02
   2.94844045e-01 -1.90056505e-02 -2.32708399e-01 -8.45400196e-02
   1.46823314e-01 -2.85059760e-01]
 [-3.04968167e-01  3.28387374e-01  1.68717926e-02 -2.46581264e-01
   3.90189954e-02 -6.18596739e-02  2.79573692e-01 -2.81127271e-01
  -7.16802503e-02  2.42469626e-01  2.18774066e-01 -2.75628046e-02
   2.63432854e-01  7.88777269e-02 -1.25023352e-01 -1.25253994e-01
   2.84691505e-01  3.10264626e-01 -1.78429726e-02  2.21238299e-01
  -8.51464525e-02  2.92737466e-02 -7.65492493e-02  6.74455591e-02
  -3.13931582e-01 -1.11310327e-01]
 [-4.02066870e-01 -4.14213564e-01  5.65307665e-02  7.71744072e-02
   2.42815362e-02 -4.09621202e-01 -1.70365588e-01 -3.63490262e-02
   2.34575135e-03  2.81596147e-03  2.02700265e-01 -2.22839203e-02
   2.21936604e-01  6.98327473e-02  2.05067687e-01  2.52548919e-03
  -1.89104245e-01 -3.58969456e-02  6.29445919e-02  2.50806380e-01
   3.27600425e-01  8.01575272e-02 -2.52434162e-01  1.68065622e-02
   9.91146221e-03  1.98338312e-01]
 [-1.09039734e-02 -1.64696334e-01  3.27948190e-01 -3.67987936e-01
  -2.45130387e-03  4.96245172e-02  7.92985117e-02  1.77942212e-01
  -4.32583963e-01 -2.16644224e-01  9.71260543e-03  1.69351502e-01
  -6.81393139e-02 -8.43671240e-02  2.18154611e-01 -4.51013660e-02
   2.04606083e-01 -4.11982185e-02  3.72178838e-01 -2.58115119e-01
   2.93242432e-02 -1.70677563e-01 -2.12398288e-01 -2.59380148e-02
  -1.93564836e-01 -5.65794764e-02]
 [-1.51499552e-01  1.23233663e-01 -1.85031046e-01 -2.63106622e-01
  -4.90596358e-01 -1.59948051e-01 -1.12834355e-02 -1.21680616e-01
   1.34126300e-01 -2.06800618e-01 -1.54493386e-01  1.20590148e-01
  -1.54751561e-01 -2.31812651e-01  2.61330493e-01  2.31294924e-01
   1.85739641e-01  4.91863641e-02 -8.02534844e-02  1.34163758e-02
  -9.56039096e-02  3.48898538e-01 -1.60896202e-01  1.46572053e-01
   2.30649752e-01 -5.97975818e-02]
 [-1.18828310e-01 -1.21091044e-01  1.83835940e-01 -3.39159137e-01
   2.01183375e-03 -1.84477437e-01  2.87002426e-04  1.04195277e-01
   1.79371213e-01  1.08937252e-01 -8.61409170e-02  2.32461931e-01
   2.54896882e-03  3.27726181e-01 -2.61478836e-01  2.50284982e-01
  -1.37026795e-02 -2.27933597e-01 -1.26040375e-01 -1.10766002e-01
  -3.12326789e-01  1.84740359e-01  1.26650671e-01 -3.52079364e-01
  -1.41144047e-01  2.48352442e-01]
 [ 4.37632429e-01 -3.05542568e-01  6.63272394e-02  1.18842647e-01
  -1.48030100e-01  1.06826808e-01  5.34725870e-02 -2.64469571e-01
  -2.69271809e-02  1.37792533e-02  2.20589767e-01  6.41456668e-02
  -1.98746495e-01 -1.43192891e-03  2.36242331e-01  1.58071084e-01
  -2.93960071e-02  8.87588797e-02 -1.07689888e-01  2.57700910e-01
  -1.91337711e-02  2.47860900e-01  4.63088211e-02 -1.55120985e-01
  -4.81905482e-01 -9.74248896e-02]
 [-8.90008907e-02  2.53656809e-02  8.73545966e-03 -5.81097916e-02
   2.62882248e-01 -1.00972664e-01  1.33591417e-02 -3.11499366e-01
  -4.40858440e-01  2.83888767e-01  6.35037688e-02  1.31538906e-01
  -2.45255535e-01 -2.23150928e-01 -6.64465186e-02  1.73699543e-01
  -1.97241466e-01 -7.47810015e-02 -1.04314088e-01  2.56443791e-02
  -5.77427311e-03  3.28816227e-02 -4.63056117e-02 -3.11689249e-01
   3.69463473e-01 -2.78754984e-01]
 [ 2.39992981e-01 -1.49039021e-01 -4.12257798e-01 -1.60434120e-01
   2.35796488e-01 -3.90577262e-01  2.81379511e-01 -2.45193242e-02
  -1.94879499e-01 -2.42797436e-01 -2.79050555e-01 -2.80195670e-03
   2.93773684e-01 -4.80816537e-02  9.11731306e-02  1.01023068e-01
   3.40000701e-02 -1.02004768e-01 -1.42749927e-01  1.40553080e-01
  -6.12582989e-02 -2.00987834e-01  2.15503334e-01  7.46238111e-02
  -7.87399752e-02 -2.40306709e-02]
 [ 1.29049449e-01  5.78186809e-02  2.88151733e-01  7.62434279e-02
   3.51226747e-02 -6.28347644e-03  2.25757165e-01 -3.28274569e-01
   1.12474382e-01  9.58123057e-02  2.77064322e-01 -1.07449129e-01
   2.48060683e-01 -1.20122929e-01  1.65620269e-01  1.22458722e-01
   1.62362361e-01 -5.34633515e-01 -9.72141404e-02 -2.90234971e-01
   6.61077150e-03  1.62216649e-02  3.36257395e-02  2.49201079e-01
   1.22353801e-01  1.35034395e-01]
 [ 1.42900488e-01 -1.90277997e-02 -1.75094439e-01 -6.20947452e-02
  -1.36283292e-01  2.89715272e-02 -5.47453584e-01  4.13444839e-02
  -2.03533552e-01 -1.79569782e-01  4.70896152e-01  3.27024669e-02
   3.11561927e-01 -8.25784219e-02 -2.31967710e-01  1.42029755e-01
   2.81058966e-01  6.20461277e-02 -1.53111932e-01 -5.99496625e-02
  -5.55221592e-02 -1.02945994e-01  6.46576611e-02 -1.19207100e-01
   8.65598020e-02  8.70182786e-03]
 [-2.81953115e-02 -2.02339439e-01 -2.80925866e-01  2.01369807e-01
   8.29254729e-02  3.52223864e-01  2.48783158e-01  4.94644016e-02
  -4.07604916e-03 -2.75053136e-02 -8.72267804e-02  3.72262731e-01
   2.98760246e-01 -1.72511064e-01 -2.42142703e-01 -1.33934723e-01
   1.24635327e-01 -1.49676154e-01  4.33860774e-02 -2.45712143e-02
   5.02597188e-02  3.45368145e-01 -3.45429782e-01 -1.35578673e-01
   1.25672271e-02  2.96065863e-02]
 [-1.62900552e-01 -3.01250025e-01  3.81791581e-02 -4.00402595e-01
   1.83541854e-01  5.42733855e-01 -2.55110683e-02 -1.75195379e-01
   2.21220405e-01 -4.70945396e-02 -8.80262606e-02 -9.34368977e-02
   1.65652670e-01 -9.94997536e-02  1.36082316e-01  2.05835700e-01
  -1.74437944e-01  2.41686406e-01 -2.38795015e-01 -2.51246287e-02
   4.52621502e-02 -1.89891597e-01  2.95163117e-02  4.27680892e-02
   8.51199632e-02  3.04704732e-02]
 [ 1.76648147e-01  3.93993735e-02 -1.66229876e-01 -4.77857982e-02
   7.23108708e-02  1.22111673e-02  9.63824604e-03  3.90035091e-02
   1.10232036e-01  9.86022786e-02  1.80008422e-01  6.85578604e-03
   2.87091221e-01  3.73516757e-01  4.59561772e-01 -1.12425357e-01
  -1.54307062e-01  1.24390539e-01  2.80483448e-01 -1.29849304e-01
  -3.39557860e-01  1.21822737e-01 -7.76390094e-02 -1.89945670e-01
   2.82056469e-01 -2.08854331e-01]
 [-1.98275055e-01 -1.09834631e-01 -1.17245104e-01 -8.52199614e-02
  -2.19854074e-01  9.39793420e-02  3.51058774e-02  2.49306293e-01
   7.75407731e-02  1.58238062e-01  8.55727554e-02  9.22279520e-02
  -6.39008807e-02  1.64644329e-01  1.75661476e-01 -2.44180804e-01
   1.37768589e-01 -3.80140328e-01 -3.71913749e-01  6.44012956e-02
   1.79542738e-01 -2.02817591e-01  1.01356954e-01 -7.67395261e-02
  -4.72788611e-02 -4.90698900e-01]
 [ 2.74752523e-01 -1.84430691e-02  2.74709864e-01 -1.99209526e-01
  -3.70970240e-01 -3.37165223e-02  2.25796657e-01  6.63120002e-02
  -1.33959333e-01 -1.20177608e-01  1.01532083e-01  3.03060934e-02
   1.53468955e-01  3.59798799e-02 -2.78298097e-01 -2.50146556e-01
  -4.48057239e-01  2.90219851e-02 -2.17464692e-01  1.94045135e-01
  -9.03713994e-02 -5.02296734e-02 -2.05201925e-01  1.43961381e-01
   2.15218395e-01 -3.84594703e-03]
 [ 7.57653040e-02  3.59968928e-01  2.62531053e-01 -2.63168466e-02
   2.72661805e-01  4.42176065e-03  2.88835985e-02  2.17323458e-02
   1.87057097e-01 -4.25407919e-01  4.58670928e-02  1.51599771e-01
  -9.61193280e-03 -5.19016095e-02  2.12573457e-01 -1.78394702e-01
   1.45061132e-01 -9.08520955e-03 -1.80871782e-01  3.03759431e-01
   1.96875504e-01  1.36483342e-02  3.89687831e-03 -4.15170223e-01
   1.43727301e-01  1.43019225e-01]
 [ 2.50380956e-01 -1.36856545e-01 -2.20279401e-01 -3.33261293e-01
   2.39365566e-01 -1.32709562e-01  3.89970792e-02 -9.99049208e-02
   3.99243365e-01 -1.40972344e-02  2.94743841e-01  8.38911483e-02
  -3.64500876e-01  8.38777887e-02 -2.71379934e-01 -6.21414267e-02
   1.14774850e-01 -4.82638076e-02  2.25820805e-01  3.98745807e-02
   1.82267424e-01 -9.98718857e-02 -2.05279665e-01  1.72432857e-01
   1.14030284e-01 -7.42577791e-02]
 [-1.11143985e-01 -7.10706392e-02  9.92363632e-02  3.55085525e-02
   1.53824999e-01  1.90506300e-01 -3.17897526e-01 -2.24989943e-01
  -1.23823796e-01 -1.30577132e-01 -1.30977590e-01  1.97749278e-01
  -7.03116604e-02  1.81215179e-01  1.08337081e-02 -1.53467343e-01
   9.23394497e-02 -2.80565551e-01  1.15684825e-01  4.42363681e-01
  -4.11936164e-01  8.57870019e-03  6.24513840e-02  3.66123363e-01
   7.05719482e-02 -2.74624340e-02]
 [-1.05613175e-02  8.46635421e-02  5.52069096e-02 -2.36256148e-01
   1.61967999e-01  4.81490804e-02 -1.15199469e-01  2.11855036e-01
   3.45232555e-02 -1.31980610e-01  7.68284725e-03 -5.18063326e-01
   1.24785033e-01 -2.09115681e-01 -1.33561517e-01  5.45974827e-02
  -1.52525951e-01 -2.74493898e-01  1.75453611e-01  1.46318655e-01
   2.10542692e-02  4.37899483e-01  3.40943553e-02 -3.35757469e-02
  -1.47414875e-01 -3.36074990e-01]
 [ 2.60256089e-01 -8.09836136e-02  2.42182176e-05 -1.83781850e-01
  -1.43100667e-01  5.49620933e-02 -8.31676925e-02  1.19191218e-01
  -1.81072915e-02  5.26863725e-01 -2.16416333e-01 -2.35272831e-01
   5.37234209e-02 -1.87249488e-01  1.00730741e-01 -8.96920525e-02
   2.96389052e-01 -8.57340561e-02  1.13627695e-01  3.47958868e-01
  -5.78694200e-03 -1.09704532e-01 -1.11256446e-01 -1.82293160e-01
   1.63404252e-01  3.12260072e-01]]

Kinase PRKCI
Singular Vector U 
[[-0.14699398  0.11920771 -0.08154308]
 [-0.35404246 -0.00735725 -0.0214329 ]
 [-0.04725894  0.27044844 -0.02346618]
 [-0.28595492  0.41752927 -0.211432  ]
 [-0.05265183  0.08204983  0.44723781]
 [ 0.0119796  -0.02555274 -0.23629994]
 [-0.31871155 -0.01003612 -0.01174502]
 [-0.03837362 -0.14443584 -0.37052699]
 [-0.09898542  0.51711796 -0.00313954]
 [-0.28157794  0.14618125  0.08900864]
 [-0.06677724 -0.15623117  0.19801688]
 [-0.29338094 -0.14685203 -0.11489283]
 [-0.01294371 -0.09063027  0.19368834]
 [-0.14102636  0.25481584  0.17436511]
 [-0.30776407 -0.15691199  0.18367015]
 [-0.24580627 -0.20801475 -0.11025342]
 [ 0.18192149  0.02743854  0.2226525 ]
 [-0.11873112  0.0557956   0.11427478]
 [-0.21218674  0.11132922 -0.08601725]
 [-0.32317087 -0.17687802  0.12461364]
 [-0.00129014 -0.32380097 -0.25935975]
 [-0.2021901  -0.04908225 -0.34623595]
 [-0.26594903 -0.28164248  0.32785688]]
Singular Values 
[10.43398945  6.43411956  5.05948903]
Singular Vector V (transpose) 
[[-0.64596686 -0.72003228 -0.25353568]
 [-0.7351646   0.49734748  0.46062837]
 [-0.20557196  0.48394112 -0.85061223]]

Kinase AURKB
Singular Vector U 
[[ 0.05944972 -0.01846818  0.00088746 -0.30421142  0.09126362 -0.18584735
   0.2145684  -0.24756733 -0.23223827 -0.12123503]
 [ 0.33294067  0.12970001  0.17795995 -0.09863916  0.18129382 -0.00307976
   0.00098052  0.110709    0.1034141  -0.21376737]
 [ 0.13529425  0.23003566 -0.15408562 -0.31123326  0.1939473  -0.32029274
  -0.3048178  -0.36977883 -0.0217925   0.18986695]
 [-0.02101421 -0.15098247 -0.20535534  0.04802509  0.46922772  0.16876227
   0.01667521  0.07153799 -0.06955939 -0.12564231]
 [ 0.28065152 -0.02728645 -0.24332843  0.02031169  0.00189135  0.00413851
  -0.08258434  0.52108453 -0.09407135  0.01149511]
 [ 0.11211304 -0.1209727   0.02543306 -0.00989267 -0.16911634 -0.08218304
   0.02453546 -0.17312715 -0.59592647 -0.06950815]
 [ 0.02996132  0.32305903  0.06229111  0.33181554  0.05959008  0.4460377
   0.1004892  -0.05881231 -0.21103258 -0.15363572]
 [ 0.11770196  0.47803698  0.08588344  0.02256078 -0.06591317 -0.31058483
   0.09153039  0.20304368 -0.23808562 -0.14140924]
 [ 0.43949575  0.09555519 -0.04841102 -0.08909809  0.2518379   0.00451165
   0.11151671  0.04392204 -0.0019089   0.16750741]
 [-0.05016156  0.27356714  0.28248887 -0.11148673  0.33700227  0.19964381
   0.14342368  0.03042918  0.02710407  0.17231164]
 [-0.03205597  0.27479478 -0.25347381  0.01933971  0.18915272  0.09089708
   0.28810666 -0.21780619  0.07335781 -0.29198485]
 [-0.04095395  0.33571405 -0.30426153 -0.15973644 -0.47733383  0.11908517
  -0.03561329  0.20095149 -0.04049685  0.18825711]
 [ 0.0955544  -0.24460619 -0.47388503  0.24745283  0.13877264  0.17006951
  -0.04353151 -0.1335693  -0.26955444  0.11378969]
 [-0.01779313  0.12657723 -0.44114936 -0.1301231  -0.09502174 -0.04752563
   0.24913519 -0.09298665  0.19084779  0.17161605]
 [-0.2620974   0.30428605 -0.21478853 -0.00422216  0.09150682  0.19317294
  -0.2426531   0.12313003 -0.12878669  0.01306956]
 [ 0.45256979 -0.13913069 -0.12335832 -0.05324149 -0.14925663  0.12129184
   0.15239049 -0.14306549 -0.02684767  0.01279251]
 [ 0.19601915  0.11700525  0.09549652  0.38870053  0.02691685  0.03483248
  -0.34802216 -0.26687944  0.20261919  0.4218422 ]
 [ 0.12958009 -0.14158275  0.23109336 -0.36712033  0.02060988  0.34906
   0.07794363  0.2156751  -0.21055789  0.40702313]
 [ 0.37220997  0.18058056  0.0901055   0.32704045 -0.15684535 -0.04531823
   0.09495363 -0.05303523  0.05043039  0.02152576]
 [ 0.16294706  0.02740201 -0.04372773 -0.38816176 -0.15835606  0.4514101
  -0.22335487 -0.18716311  0.30749033 -0.29851044]
 [ 0.23638842 -0.15737777 -0.02515739  0.08159328 -0.11680316 -0.0675296
  -0.1540875   0.14212188  0.17835661 -0.37796647]
 [ 0.01121566  0.07885017  0.13290648 -0.06826608 -0.11012494  0.15012533
  -0.45215135 -0.19081814 -0.34091153 -0.19017846]
 [ 0.0559738   0.028122   -0.14475457 -0.07313773  0.29725372 -0.17518315
  -0.39653575  0.27097356 -0.01403033 -0.07621382]]
Singular Values 
[11.42811661 10.14626887  9.29302866  7.76942979  7.4171352   6.29605415
  5.56724366  4.30107732  3.74666443  2.88626914]
Singular Vector V (transpose) 
[[ 8.87040128e-02  6.30520699e-01  4.85564399e-01 -1.80461028e-01
   2.31280512e-01 -1.94833531e-01  4.10303458e-01  2.36429616e-02
   2.13066582e-01  1.43109090e-01]
 [ 7.48151030e-01 -1.89763254e-02  3.10406517e-01  3.30348271e-01
   1.96550482e-01  1.10317773e-02 -4.02085840e-01  1.22205808e-01
  -3.58832802e-02 -1.33338163e-01]
 [-6.91166577e-02 -9.83773320e-02  1.55126475e-01 -3.17841156e-01
  -2.45693605e-01 -7.05352724e-01 -2.82647187e-01 -3.19606209e-02
   1.63310384e-01 -4.41575085e-01]
 [ 1.11313905e-01  2.08138215e-01 -2.53520807e-01 -2.74103932e-01
   4.02283871e-01  3.07728247e-02  1.03287010e-01 -2.70456982e-01
  -5.68195600e-01 -4.85222864e-01]
 [-2.90657127e-02  1.17241732e-01 -3.99212328e-01  2.24633212e-02
   2.65120081e-01  7.00684803e-02  6.90727448e-02  6.56846949e-01
   4.16347932e-01 -3.75195507e-01]
 [ 4.90020342e-03 -4.00518554e-01  3.95981926e-01 -6.22805990e-01
   1.02918553e-01  2.91561937e-01  1.50817301e-04  4.05978712e-01
  -1.76252023e-01  5.82046766e-02]
 [-5.44474401e-02 -4.66432609e-01 -1.28768695e-02  1.25048508e-03
   6.85137641e-01 -1.74286073e-01  5.97280843e-02 -3.51885852e-01
   3.68528382e-01  1.27731093e-01]
 [-1.71948113e-01 -2.14955200e-01  4.25016428e-01  3.39291496e-01
  -1.32124271e-01  2.81326710e-01  3.84588229e-01 -1.43443327e-01
   1.01565933e-01 -5.94196223e-01]
 [ 4.93462715e-01 -9.60068277e-03 -2.32461177e-01 -4.08099379e-01
  -3.11297736e-01  3.04518775e-01  1.38594090e-01 -3.50381921e-01
   4.45662800e-01 -7.47660758e-02]
 [ 3.71925774e-01 -3.33265517e-01 -1.68887062e-01  1.09957190e-01
  -1.44989641e-01 -4.13858394e-01  6.35582781e-01  2.16574535e-01
  -2.33760531e-01  1.10350067e-01]]

Kinase ROCK1
Singular Vector U 
[[-0.0954602  -0.14043771  0.23148065  0.31272358]
 [-0.03363715  0.24309194  0.35476799  0.20028765]
 [-0.2419633  -0.00236787 -0.20960843 -0.39373348]
 [ 0.2630244   0.37633375  0.21755248 -0.32034673]
 [ 0.15522325  0.12451489  0.07301683  0.20532139]
 [-0.25168478  0.22690458 -0.22440982  0.24421334]
 [ 0.027738    0.37661027 -0.37316632 -0.13362726]
 [ 0.01666631  0.00195757 -0.12217069 -0.17479658]
 [-0.12228847 -0.09531384  0.25708988  0.1231484 ]
 [ 0.41910977  0.08151802  0.21119956 -0.19849447]
 [-0.0346035   0.35585738 -0.0896981   0.29223889]
 [-0.27968701  0.16216175 -0.09578368 -0.00245649]
 [-0.17227399  0.234862    0.16005982 -0.06692591]
 [-0.24122802  0.03775186 -0.27621492 -0.06428429]
 [ 0.1201816   0.05466271  0.1271881   0.02569731]
 [-0.28306382  0.36200829  0.358028   -0.12671701]
 [ 0.06928352  0.08406262 -0.03024689  0.10120096]
 [ 0.2997058  -0.14488246 -0.22573847  0.21562064]
 [-0.3651087  -0.05030739  0.08334061 -0.11928208]
 [ 0.01729974 -0.23228683  0.0488475  -0.41399382]
 [-0.051334   -0.12730545 -0.09859299  0.18091666]
 [-0.03859029  0.04378539 -0.07606962  0.11361013]
 [-0.29786179 -0.32980084  0.26175286 -0.03063067]]
Singular Values 
[8.35964553 7.272513   6.71298431 4.27743621]
