Method Singular Value Decomposition(One of the PCA methods)
X = U(SIG)V*

X shape (nxm)

U shape (nxn)

(SIG) shape (nx1)

V shape (nxm)

Kinase MARK2
Singular Vector U 
[[-0.4139387   0.30871127 -0.0504656  -0.2459316  -0.12502412]
 [-0.2244374  -0.17656839  0.37014891  0.07114916 -0.12082625]
 [-0.41990523  0.17879598  0.23696276 -0.01233435  0.3651628 ]
 [-0.04132672 -0.14448343 -0.24656976  0.23419904 -0.00118889]
 [-0.15847569  0.14505126  0.15188117 -0.07724876 -0.24565152]
 [-0.18805158 -0.04041162  0.21118861 -0.44254759  0.05848527]
 [ 0.17977386 -0.07597297  0.1847211   0.21095101  0.24416234]
 [-0.01214579  0.377026   -0.44332337  0.21858848 -0.06175894]
 [ 0.13279631 -0.14885411  0.18996007 -0.08385831  0.08162339]
 [-0.31451933 -0.16342099  0.07780356  0.11489207 -0.20648998]
 [ 0.02023551 -0.1370077   0.02641003  0.1110787   0.43661653]
 [-0.23420692 -0.47698498 -0.19183966  0.09696516  0.01350078]
 [-0.3081438  -0.11552035 -0.14378631  0.2883741   0.29083498]
 [-0.0471381   0.43752798 -0.04820969  0.14034418  0.02318195]
 [-0.21489394 -0.14997099 -0.31248858 -0.19348525 -0.08531378]
 [-0.08997653  0.21443429  0.06922021  0.28793235  0.13968657]
 [-0.12489427 -0.21194651 -0.23472234  0.1659629  -0.17605573]
 [ 0.15840114 -0.01645672  0.00420048 -0.18813211  0.22908644]
 [-0.15212505  0.06746736 -0.20284716 -0.20933151  0.10505622]
 [-0.33705816 -0.04891399  0.13734936  0.15007272 -0.00340267]
 [ 0.05983961 -0.01334844  0.15843999  0.13475918 -0.3861056 ]
 [ 0.02705206  0.04031874  0.26507639  0.32816981 -0.3063654 ]
 [-0.04783787  0.16656793  0.17204315  0.25505285  0.14049297]]
Singular Values 
[9.77188233 8.18954698 6.93021548 6.07357479 4.46071068]
Singular Vector V (transpose) 
[[-0.79166244 -0.37641107 -0.17602447 -0.39344005 -0.21402243]
 [-0.39310113  0.51894975 -0.55085851  0.52092523  0.03680315]
 [ 0.08092588  0.60663778  0.07769631 -0.41381157 -0.66945117]
 [-0.43398058  0.41094717  0.67257033 -0.05623562  0.43274702]
 [-0.15444721 -0.22829562  0.4551733   0.63201216 -0.56338714]]

Kinase ABL1
Singular Vector U 
[[ 0.3615863  -0.24645154 -0.27658808]
 [-0.03046375  0.3303451  -0.09773689]
 [ 0.20456804  0.02859029  0.20856012]
 [ 0.16079977 -0.24214096 -0.2450093 ]
 [-0.01588774 -0.4302832  -0.09221508]
 [ 0.00751072 -0.04803162  0.01596216]
 [ 0.28746575  0.02933503  0.29104442]
 [ 0.24664621  0.16164684  0.16772668]
 [ 0.12411397 -0.01985653  0.29522999]
 [-0.15964102 -0.21789683  0.41729279]
 [ 0.21443101  0.11371286  0.0833452 ]
 [ 0.31598469  0.0137693   0.28768358]
 [ 0.21613975  0.03669578 -0.00920389]
 [ 0.09570378 -0.42357398  0.16244213]
 [ 0.12843572 -0.16423447 -0.2209434 ]
 [-0.14108613 -0.09343034 -0.1517853 ]
 [ 0.31560379 -0.21673681 -0.26952715]
 [ 0.33938685 -0.07199999  0.09668261]
 [-0.26543305 -0.18657178  0.08664734]
 [ 0.11038873 -0.11674051  0.12035285]
 [-0.03674605  0.0125119   0.22465002]
 [-0.12856399 -0.29287823  0.2883022 ]
 [-0.25008244 -0.303736    0.04384259]]
Singular Values 
[8.80254934 8.24805855 4.35120855]
Singular Vector V (transpose) 
[[-0.68937158 -0.08661385  0.71921128]
 [-0.44630304 -0.73124117 -0.51584876]
 [ 0.57059655 -0.67659765  0.46544086]]

Kinase HIPK2
Singular Vector U 
[[-0.23141396  0.00482378 -0.17546506 -0.10431169]
 [ 0.03834103  0.03980224  0.51351634  0.01740879]
 [-0.06352598  0.21238432  0.37374822 -0.17050771]
 [-0.1832617  -0.1321103   0.00546815 -0.38305013]
 [-0.12726034 -0.22435871  0.12462933 -0.46840456]
 [ 0.0229446  -0.16495822 -0.12447257  0.04382059]
 [ 0.19889203 -0.43316309 -0.22412649  0.02296862]
 [ 0.0977632   0.2601342  -0.27519024 -0.24524706]
 [ 0.27486358 -0.04662982 -0.03600175 -0.00782536]
 [-0.10864037  0.20140018 -0.01775725 -0.11013376]
 [ 0.44742199  0.05346401 -0.02455245 -0.1074605 ]
 [ 0.11307127  0.05655258  0.43272722 -0.19331045]
 [-0.0275316   0.10567533 -0.04135754 -0.13209265]
 [ 0.0742471   0.1797903  -0.1120932  -0.22755206]
 [-0.20110958 -0.16990115 -0.03347333 -0.45252832]
 [ 0.22658393  0.08897231  0.11600232  0.06166812]
 [ 0.26073446 -0.01843623  0.22685958 -0.01241582]
 [ 0.05917262 -0.40860077 -0.0055208   0.13151108]
 [ 0.16761411 -0.49557009  0.08722947 -0.20809085]
 [ 0.22429912  0.153425   -0.28937738 -0.09246129]
 [ 0.4975999   0.00177896  0.06924187 -0.1149206 ]
 [ 0.08417961  0.05951184 -0.09225659 -0.15973339]
 [ 0.19636515  0.18425162 -0.18530503 -0.28995972]]
Singular Values 
[9.03168491 7.8263773  6.34239663 6.09831026]
Singular Vector V (transpose) 
[[ 0.1863715   0.59635999 -0.44859446  0.63904885]
 [-0.01259045 -0.58212276 -0.81266205 -0.02355761]
 [ 0.64144531  0.3298002  -0.22721094 -0.65433549]
 [-0.74408001  0.44353092 -0.2944802  -0.40361699]]

Kinase MAPKAPK2
Singular Vector U 
[[-0.21958354 -0.16857735 -0.1643531   0.14962962 -0.08893126 -0.16046484
   0.01924991]
 [ 0.18882076  0.14115196 -0.09735777 -0.17710085  0.1511003  -0.14285388
   0.35608909]
 [ 0.09051728  0.05507678  0.0822193   0.43625504 -0.13951799  0.01844003
   0.01917861]
 [ 0.00600087  0.04526064 -0.4607995   0.30858831 -0.07366881  0.09078983
   0.14211312]
 [-0.28891828 -0.24809764 -0.17933447 -0.06658524 -0.17091278  0.17655536
   0.18849896]
 [-0.04909138  0.08082045 -0.21825455 -0.14280169  0.41121359  0.0794426
   0.08512605]
 [-0.11217439  0.09393494  0.16519666  0.47858254  0.12914982  0.03495536
   0.02540149]
 [-0.19047136  0.13047816  0.14604453 -0.02842861 -0.07912265  0.56885176
  -0.12033271]
 [-0.42126703  0.0053489  -0.0853327   0.04508145  0.08194686 -0.03894617
   0.06484606]
 [-0.1652896   0.23325616  0.02480899  0.12145037  0.51405551  0.10972965
  -0.19222129]
 [-0.32222581 -0.27046629 -0.13926831 -0.04709219  0.21649701  0.14546462
  -0.21427816]
 [-0.05582448 -0.09176364  0.03920897 -0.37977394 -0.06156468  0.30900067
  -0.11080515]
 [-0.09741492 -0.06945814  0.05120984 -0.14460029  0.18046238 -0.11883129
   0.63558709]
 [-0.2290432  -0.00603746  0.21221861 -0.19418913 -0.09956236 -0.46277002
  -0.24747941]
 [-0.01332786 -0.25622735 -0.01860467  0.10238505  0.28127469 -0.07907022
   0.14606585]
 [-0.14572916  0.43159966 -0.07162956 -0.11515373  0.21568147 -0.26761874
  -0.12697849]
 [-0.0682257   0.40913873  0.24545063 -0.02663106 -0.27299719 -0.01077656
   0.18997491]
 [-0.13475897  0.34039167  0.10935621 -0.14625036  0.0824117   0.26107372
   0.19919851]
 [-0.33828837  0.16367344 -0.35591326 -0.15078253 -0.24578606 -0.22883909
  -0.13654065]
 [-0.13969422  0.32637251 -0.27889751  0.24429447 -0.15458186  0.02742117
   0.0510165 ]
 [-0.31970211 -0.20287587  0.29260298  0.21639219  0.0785153  -0.11474807
   0.08831061]
 [-0.08851329  0.03120054  0.35109054  0.08558613  0.11240065 -0.09355004
  -0.07354634]
 [-0.33353334 -0.03377565  0.22020056 -0.04208808 -0.22125293  0.0574685
   0.28655793]]
Singular Values 
[10.06378731  8.31614799  7.74758334  6.09099825  5.59235823  5.2841496
  4.53105681]
Singular Vector V (transpose) 
[[-0.37057486 -0.3040923  -0.35560281 -0.32896564 -0.2849186   0.11426995
  -0.66429975]
 [ 0.0209057   0.47300999 -0.64918452  0.38330285 -0.43549423  0.04793646
   0.12453814]
 [-0.71602697  0.53992221  0.2011401   0.13450884  0.30921709 -0.10785154
  -0.17318274]
 [-0.0770798   0.23443055 -0.14200849 -0.74022275 -0.13913863 -0.4739315
   0.35641867]
 [ 0.5795156   0.4932666  -0.02987355 -0.20140457  0.27026522 -0.02200297
  -0.55305161]
 [-0.0790225  -0.09595477 -0.55187854 -0.16548787  0.67778974  0.36938599
   0.23821635]
 [-0.03896697  0.29119838  0.29329165 -0.33299872 -0.28591814  0.78196631
   0.15348108]]

Kinase PAK1
Singular Vector U 
[[ 0.06567199  0.10047282  0.01500618 -0.04746727 -0.22884246  0.11735896
   0.02482722]
 [ 0.20799816 -0.14329756  0.01210507  0.05913303 -0.23052541 -0.40630735
   0.07179911]
 [ 0.01226041 -0.2834844  -0.08942266 -0.09861846  0.11769277 -0.15523515
   0.11146424]
 [ 0.41999968  0.18580372  0.28132863 -0.14907513 -0.27741871 -0.0591192
  -0.06601796]
 [-0.01743646 -0.13204242  0.32577621  0.2706728   0.12497945  0.2512751
   0.06013923]
 [-0.00655902 -0.25461589  0.25043211  0.24658728  0.05120594 -0.28397176
  -0.04350396]
 [-0.11905778 -0.02931675  0.36600895 -0.12749911  0.0249735  -0.33677957
   0.05100247]
 [ 0.25226856  0.1197363  -0.0866084   0.20194492  0.13275729  0.05109657
   0.68331414]
 [-0.08410938 -0.26397776  0.05159221  0.00941056 -0.3499223  -0.1613458
   0.15539726]
 [ 0.16517528  0.14840017 -0.14105398  0.04117311  0.21059411 -0.32020291
   0.27181583]
 [ 0.05234447 -0.13277402  0.34711447 -0.05602594 -0.0171095  -0.18112929
  -0.07975509]
 [ 0.07463715  0.35415587  0.24492555  0.07255895 -0.07570434  0.01945493
  -0.06743991]
 [-0.08055846  0.09203149  0.33583884 -0.33569054 -0.07199586  0.33117321
   0.21736537]
 [ 0.19167024 -0.27052564  0.26710927  0.26409566  0.18926471  0.34540354
   0.14899112]
 [ 0.44707255 -0.03208687  0.03861816 -0.40412379 -0.01066417 -0.08933209
   0.09237375]
 [ 0.0282824  -0.0795576   0.20850439 -0.12703165 -0.11578034  0.13039935
   0.14755112]
 [ 0.22520094  0.46066892  0.00856932  0.24631168 -0.06994651 -0.08708892
  -0.06840804]
 [-0.26262371  0.04129576  0.22390647  0.24858727 -0.27617121 -0.12114179
  -0.03309109]
 [-0.00743009  0.05629403 -0.17771748  0.08813523 -0.53672567  0.22673641
  -0.00954429]
 [ 0.16374205  0.0346661   0.15783755 -0.23489101  0.32399703  0.08973237
  -0.34765744]
 [ 0.4160717  -0.14253458  0.00426673  0.43594315 -0.0379582   0.08313545
  -0.27938129]
 [-0.16039068  0.38076557  0.12205282  0.13821242  0.25333268 -0.16632122
  -0.10368648]
 [ 0.25641701 -0.22284148 -0.22004954 -0.0675524   0.003712    0.04159512
  -0.27962354]]
Singular Values 
[9.76859644 9.63863879 8.83882212 6.32542343 5.64531349 3.96452839
 3.72038402]
Singular Vector V (transpose) 
[[ 0.47488852  0.63311129 -0.19415277  0.15313954  0.21746797  0.37246155
   0.35564596]
 [-0.42776491  0.03504501 -0.1929974   0.20386279  0.59105839  0.40655425
  -0.47153433]
 [ 0.35744458 -0.37175214  0.52686047  0.59944799  0.30598358 -0.02528349
   0.05337296]
 [-0.35833367  0.06559647 -0.31239565  0.73457148 -0.43922204 -0.04263271
   0.18808038]
 [ 0.24330069 -0.63091143 -0.6559719  -0.06560582  0.16874693  0.09488394
   0.26584544]
 [ 0.31322256 -0.16128487  0.0437724   0.01421372 -0.53647267  0.62585284
  -0.44075624]
 [-0.4219299  -0.17713654  0.3430285  -0.17762021 -0.02317892  0.54114184
   0.58992251]]

Kinase GSK3B
Singular Vector U 
[[-0.23828977  0.36932207 -0.06537643  0.05732762 -0.13138412  0.32191717
  -0.03633001  0.196669   -0.05289433  0.07492256 -0.32131501  0.02473035
  -0.03356705  0.25510133 -0.13605253  0.22613874 -0.2595284   0.1470929
  -0.21371649 -0.13820167  0.42060905 -0.07061537  0.23363391]
 [-0.30669585  0.23343603  0.22936136  0.09524034  0.00966392 -0.3077731
   0.0343999  -0.22523655  0.21872744  0.18518058  0.12106159  0.12708906
  -0.30814757  0.00992823  0.08341163  0.33420932 -0.15695297 -0.08956571
   0.34063286  0.01742512  0.01122059  0.39652583  0.10019073]
 [-0.29816997 -0.33652705  0.01353513 -0.07682955  0.19083153 -0.12852666
  -0.07689057  0.00553123 -0.37380041  0.00743174  0.09424242 -0.12582525
   0.09198656 -0.21898924 -0.25444915  0.1107472  -0.23303954 -0.14430945
   0.18389698 -0.52230858  0.0303966  -0.16560639  0.15764059]
 [-0.10102496  0.07192803 -0.33226198  0.43224665 -0.0930454   0.20161474
  -0.17751261 -0.20378015  0.10912846  0.00620738  0.07439261 -0.18277673
  -0.12575107 -0.43119897  0.06454128  0.06597187  0.29020174 -0.34240709
  -0.01036017 -0.01061661  0.29510884 -0.1006565  -0.07062953]
 [-0.00723802  0.11925952 -0.05334153  0.11844574 -0.3111505  -0.17449864
   0.09923572  0.36394688  0.03251819 -0.20885421 -0.16082315  0.0378423
   0.04524815  0.16648988 -0.01026517 -0.14065462  0.28604871 -0.09402274
   0.25527367 -0.50843049  0.02477299  0.24117053 -0.32333313]
 [-0.21292355  0.04704034  0.48636888  0.0903898  -0.0641362   0.07766323
  -0.28271462 -0.08828099  0.07197991  0.07258138 -0.05945194 -0.12695453
   0.08818628 -0.11492315 -0.4145853  -0.38444042  0.15789477  0.3109118
   0.23145906  0.15537469  0.15949341 -0.04025549 -0.11282195]
 [ 0.02050456 -0.23057539 -0.3974818   0.15138181 -0.00819805 -0.20682592
   0.19423495  0.02661177 -0.21546947 -0.09299438 -0.08517856 -0.03342483
  -0.53306706  0.02047476 -0.23646524 -0.08650047  0.0979002   0.4263467
   0.12328788  0.1737481   0.09311614  0.0710806   0.14944537]
 [-0.27080837 -0.0308478   0.02901808  0.33912439 -0.21631141  0.27875461
  -0.18468209 -0.096476   -0.37630453 -0.10813451  0.25210803  0.39022841
  -0.01805997  0.02904928  0.25491746 -0.15675514 -0.06630274  0.19563973
  -0.12194646 -0.0746927  -0.31328279  0.14297252  0.01964404]
 [-0.3437171  -0.24608638 -0.21962989 -0.09445167 -0.04187032  0.35398245
   0.04449776  0.09176273  0.13568066 -0.23747952  0.01767542 -0.30024603
   0.19166301  0.10798623  0.01225232  0.28744609 -0.15667185  0.09710874
   0.3015907   0.27772793 -0.12811261  0.14895726 -0.29930002]
 [-0.25724766  0.04040704 -0.28036364 -0.03782995  0.15524097 -0.02821238
  -0.37631507  0.14220787  0.42705638  0.20568724 -0.06688532 -0.01766896
  -0.20044688  0.19420393 -0.03722292 -0.15193539  0.09010148  0.01794918
  -0.007509   -0.15559718 -0.46580653 -0.26008246  0.12753058]
 [-0.18709652  0.08719752 -0.16389254 -0.00933291  0.36464898 -0.0557658
   0.03722465 -0.11201581  0.01846603 -0.25228928 -0.31958629  0.49919947
   0.33200829 -0.15412643 -0.27834682  0.12560786  0.28630732 -0.04161241
  -0.04546209  0.11752737 -0.07279236  0.15980076  0.08630533]
 [ 0.00804579  0.19267844 -0.23154883 -0.20800167 -0.25913273  0.18766388
   0.27125264  0.1289481  -0.11468955  0.48464662 -0.08805917  0.08131182
   0.17053435 -0.37053599  0.00724143 -0.20633495 -0.0418588  -0.02128352
   0.34118579  0.08327355 -0.1747646   0.06562763  0.20384573]
 [-0.00118201  0.35072753  0.043016   -0.10145557 -0.37198026 -0.20530322
  -0.0918755  -0.16694653 -0.31286198 -0.24066566 -0.15445948 -0.08041819
  -0.10595897 -0.0117739  -0.15764189  0.26503303  0.01955467 -0.12235686
   0.08094145  0.18218238 -0.33494083 -0.41951107 -0.1102588 ]
 [-0.06614638 -0.31604781  0.12074865  0.25292449 -0.2595827  -0.11727311
  -0.06998758  0.27253313 -0.03132087  0.00364591 -0.08876692 -0.04681313
   0.10007547  0.22144328 -0.14952055 -0.08212906  0.00506038 -0.49698155
  -0.05402585  0.34850573 -0.04234899  0.12964115  0.4094728 ]
 [-0.34281623 -0.31015091  0.14437177 -0.20701358 -0.3004248  -0.02571766
   0.28176901  0.02427023  0.19439949  0.13295078 -0.1322301   0.20002359
  -0.24422202 -0.25399109 -0.10147113  0.02077906 -0.00700849 -0.06040606
  -0.45201967 -0.01839608 -0.0154824  -0.06283223 -0.30215095]
 [-0.23634504  0.03243299 -0.12585552  0.30982676 -0.01562241 -0.28180169
   0.39468671 -0.17728785  0.17786544 -0.05017427  0.05349984  0.10592653
   0.29218759  0.1707526   0.13952499 -0.27554857 -0.256753    0.03083541
   0.11677431  0.06234607  0.14250192 -0.44678323 -0.04374117]
 [-0.07899173  0.25297904 -0.13051654 -0.10790771  0.1189193  -0.07402004
  -0.05254297  0.44905343 -0.07228417 -0.00322334  0.6227186   0.22168277
  -0.06322626 -0.01128569 -0.28990552 -0.02954919 -0.05565074 -0.13232571
  -0.04320837  0.21892919  0.15582647 -0.06627103 -0.2162743 ]
 [-0.0619924   0.14779555 -0.11881461  0.06803102 -0.19208395 -0.40662149
  -0.12518444  0.13916416  0.14447213 -0.12634418  0.11184344 -0.31426239
   0.31670733 -0.34819581  0.02142872  0.05818719 -0.12755681  0.33577804
  -0.35192616 -0.01662748 -0.09605264  0.2319626   0.16917643]
 [ 0.06141367 -0.09092587 -0.09209628  0.05706926  0.11371757 -0.23684098
  -0.43110328  0.19697929 -0.14456056  0.11881698 -0.41248754  0.17228747
  -0.0377594  -0.17653041  0.27165096 -0.08420075 -0.3796805  -0.03833435
   0.09338836  0.19235367  0.14080471  0.02397148 -0.34997191]
 [-0.18134256  0.19856244  0.06106312 -0.29492479  0.11420709  0.10786986
   0.06692673  0.01743928  0.05189566 -0.54510527 -0.07680919 -0.1172594
  -0.27732864 -0.18398204  0.18325363 -0.45426442 -0.1889037  -0.21397733
   0.01480216  0.02397683  0.0394476   0.09219525  0.21216522]
 [-0.35731666  0.04831333  0.20750816 -0.02864765  0.2333272  -0.1122101
   0.12932631  0.32355822 -0.26391871  0.11632535 -0.04751237 -0.17802529
   0.00258148 -0.0200653   0.46681199  0.11718441  0.46859868  0.10458928
  -0.01708594  0.14443775  0.05615061 -0.1708318   0.06676949]
 [-0.15454857  0.22076666 -0.11390052  0.10657027  0.25442249 -0.04252271
   0.15903941 -0.21174287 -0.30033837  0.26266468 -0.09765287 -0.3623605
   0.00944553  0.20948108 -0.17183931 -0.23776842 -0.06151574 -0.19809435
  -0.28868249  0.02559889 -0.17208677  0.30271761 -0.29671075]
 [-0.18828576 -0.09199355 -0.27290885 -0.49927781 -0.26716337 -0.18483267
  -0.28393036 -0.34225208 -0.10647854  0.07519593  0.11218578  0.05057218
   0.14182087  0.27351391  0.13182735 -0.12464803  0.20833872 -0.02301028
  -0.01884403  0.03171791  0.33266844  0.10400835  0.04775159]]
Singular Values 
[16.83658307 12.44169001 12.12476094 10.61713808 10.53148305 10.05513289
  9.28945664  8.74001948  7.75129678  7.1781668   6.35789899  6.01947659
  5.65160586  5.41735218  4.99840219  4.32589633  3.7666132   3.64782105
  2.43366121  2.16458535  1.75246334  1.25727214  0.37996879]
Singular Vector V (transpose) 
[[-9.01875984e-02 -3.93800641e-01 -1.87372081e-01 -1.13914002e-01
  -3.27668290e-02 -9.48739149e-02 -2.74043816e-01 -1.13300850e-01
  -2.53264384e-01 -2.35653700e-01 -8.84100481e-03 -8.80650757e-02
  -1.30452145e-01 -2.03467793e-01 -2.65184091e-01 -6.18353879e-02
  -3.49819021e-01 -2.99227901e-01 -1.60719926e-01 -1.03423771e-01
  -2.33201791e-01 -1.12760231e-01 -3.84830831e-02 -5.83954652e-02
  -3.31599990e-01  1.52625709e-02]
 [ 1.08497843e-01 -7.43592236e-02  3.03448910e-01 -9.00537446e-02
  -8.33475460e-02 -5.64579120e-02 -8.23694266e-02 -3.78749740e-03
  -3.45614555e-01  1.51046951e-01  6.10438464e-02 -1.16430080e-01
   8.21791067e-02 -2.51899260e-01  1.81154890e-01  4.33570499e-01
  -6.71494236e-02 -1.60364010e-01  2.01428541e-01  5.94651960e-03
  -1.81225466e-01  1.23123945e-01 -2.02579800e-01  1.82303868e-01
   3.04068088e-01  3.59796144e-01]
 [ 8.17743052e-02 -1.82432169e-01  8.00464670e-02  3.83854723e-01
  -1.00873083e-01  2.29508078e-01  7.62130175e-02 -2.54453391e-01
   8.31850168e-02  1.61726203e-01 -2.83694398e-01 -8.75010125e-02
  -3.40358256e-01  1.83469041e-02  2.18268002e-01  1.41843041e-01
  -2.20192351e-01 -2.79516964e-01  1.48142941e-01  1.03328586e-01
   1.34888565e-01  2.78214196e-01  1.86842274e-01 -5.20995485e-04
  -8.32865675e-02 -2.66529485e-01]
 [-2.01975491e-01  1.05608610e-01 -1.54717496e-01  4.83608823e-02
   1.98970296e-01  1.16104624e-01 -2.28721977e-01  1.51702361e-01
  -2.62094861e-03 -1.00079194e-01  1.87481773e-01  2.16193184e-01
  -1.71116684e-01 -4.89944062e-01  2.20061429e-01 -2.51812379e-01
   1.12639788e-02 -3.07977101e-02  4.46666301e-02  3.80691912e-01
   1.71843283e-02  2.34702544e-01 -2.59118883e-01  1.15047305e-03
   1.39750863e-01 -1.73936127e-01]
 [ 1.72536068e-01 -1.26807560e-01  1.38084899e-01 -1.84896595e-01
  -5.42697522e-02 -2.99199833e-02 -1.04403799e-01  1.60746373e-01
  -1.52883424e-01 -1.96323918e-02 -3.73977311e-01  1.24739011e-01
   9.14794291e-02  1.17281846e-01 -1.30247810e-01 -8.99222051e-02
   1.29439088e-01 -1.47693891e-01 -4.44460699e-02 -1.23900556e-01
  -1.84471836e-02  1.89292160e-01 -2.13739271e-01 -5.04157872e-01
   3.58580281e-01 -3.36837237e-01]
 [ 1.60246816e-02 -1.74858958e-01 -6.16491922e-02  3.03389563e-02
   1.64933640e-01 -1.10281939e-01 -1.97176950e-01 -3.29541969e-01
   1.00134905e-01  2.72438031e-01  3.11358354e-01 -1.45421831e-01
   7.77655802e-02  7.07469944e-02  4.37282717e-02 -8.59650154e-02
  -5.58458079e-02 -1.04104023e-01  2.61832820e-01  1.25508864e-01
   3.30861132e-01 -3.44169477e-01 -9.29069097e-02 -4.32110188e-01
   1.48722541e-01  1.06077823e-01]
 [ 1.63195883e-01  1.63796266e-01 -3.33417972e-01  9.89312544e-02
  -1.93669204e-01 -5.14157168e-02 -2.07311335e-01 -2.90772849e-01
  -4.13353208e-01  1.16049200e-01  1.81624991e-02 -1.44186334e-01
   9.94306096e-03 -9.75361304e-02  6.21880230e-02  1.55398968e-01
   2.87808589e-01  1.72638894e-01 -1.92542996e-01 -9.10001507e-02
   1.51076746e-01 -1.54035111e-01 -8.43734663e-02  1.96882936e-01
   3.32522457e-02 -4.04101807e-01]
 [ 1.82325489e-01  1.50441478e-01 -2.19327718e-01  1.50734771e-01
   6.58227488e-02  6.29238910e-02 -9.08012196e-02 -2.34369543e-01
   5.56355820e-02 -2.92570596e-01 -3.42235715e-02  5.95036964e-01
  -5.46561340e-02  2.91102721e-02 -7.99095335e-02  3.47179732e-01
  -1.37945033e-01  1.61232611e-01  2.86367509e-01 -2.16982053e-01
  -1.84258842e-02 -2.32285725e-03 -1.36439326e-01 -1.33773466e-01
  -2.65977101e-02  1.24379763e-01]
 [-1.67887502e-01 -2.23670855e-01 -1.50658177e-01  5.80250008e-02
   1.74353694e-01 -2.84247834e-01  4.95980661e-01 -2.41421120e-01
   7.07030554e-02  3.17146034e-02  2.84197480e-02  1.30226980e-01
  -2.29340839e-01  5.37810055e-02 -1.36468808e-01  1.38385056e-01
   2.94085196e-01 -1.59940573e-01 -8.26070765e-02  1.78469792e-01
  -3.25124020e-01 -1.07106775e-01 -1.71088366e-01  7.73031901e-02
   2.27420514e-01 -9.12194817e-02]
 [ 2.19189161e-01 -2.77194447e-02  4.21391809e-01  2.22947274e-01
   3.03597533e-01 -2.06382683e-01 -2.98166733e-01 -3.25366657e-02
   3.56468439e-02 -1.84587128e-01 -7.24378554e-02 -7.59385622e-02
  -1.15494650e-01 -1.65615257e-01 -3.81936681e-01  1.35445583e-01
   1.98447527e-01  2.08806722e-01 -3.42243973e-02  2.88164647e-01
   1.14490900e-02 -3.87088581e-02  2.77103997e-01  1.05679548e-02
  -3.60784059e-03 -4.58878406e-02]
 [ 1.55734023e-01 -2.31096254e-01 -2.06732395e-01  5.21695047e-02
  -1.70699900e-02  1.70102325e-01 -2.81985669e-01 -2.28691811e-01
   2.24046210e-01 -1.94952967e-01 -4.45364983e-02 -1.02436792e-01
   2.87330765e-01  2.74143599e-01 -2.42215691e-02 -2.27087021e-01
  -8.41712275e-02  4.58555455e-02  5.69733232e-03  1.27060146e-01
  -2.18285467e-01  1.39107384e-01  2.63766477e-02  3.68602313e-01
   4.17013109e-01  4.96326970e-02]
 [-2.77715469e-01 -1.57700720e-01  6.95398363e-02 -8.48716400e-02
  -4.77123554e-02 -6.29317761e-01 -1.23297071e-01  1.73127182e-02
   1.37628381e-01  3.32105021e-02 -1.22635462e-01  1.73369196e-02
   8.58823292e-02  7.53768514e-02  8.71805097e-02  1.73469449e-02
  -1.71970337e-01  2.35163410e-01  3.13546506e-01 -9.66020548e-02
   1.52509617e-01  1.88612209e-01 -1.59840368e-01  2.41243426e-01
  -1.09632260e-01 -2.62075868e-01]
 [ 1.92880166e-02 -1.58827698e-01  6.68066578e-02 -1.38442427e-01
   2.05292517e-01  1.34997017e-01  3.10897782e-01 -3.21785137e-01
  -1.11119948e-01 -2.47331021e-02  1.23237031e-02  1.04195792e-02
   9.52518086e-02 -3.42293648e-01 -2.74024641e-01 -2.56966681e-01
   7.72157888e-02  5.50560193e-02  5.10652912e-02 -3.33223337e-01
   3.96405395e-01  3.03944760e-01  3.05694039e-02  1.53115051e-01
   6.59497281e-02  9.34575646e-02]
 [ 1.65952262e-01  3.92301658e-02  3.13912167e-01  1.33507402e-01
  -4.08624272e-01 -2.42310050e-02  1.34088849e-01 -1.25118497e-01
   6.57322282e-02  2.16757460e-01  3.26953386e-01  1.75923143e-01
  -6.68148252e-02 -1.57832844e-01 -1.80028552e-01 -2.47440014e-01
  -3.59036873e-01  2.56383043e-01 -9.45168110e-02 -4.06465629e-02
  -2.49213246e-01 -8.73260232e-02 -7.09996794e-02 -3.41934070e-02
   1.33501758e-01 -2.05438217e-01]
 [ 1.28317142e-02 -9.73260930e-02 -2.57146238e-01 -1.54261766e-01
   1.15310577e-01 -7.95697912e-02 -1.36400226e-01  2.13107332e-01
   7.02874625e-02  1.64232559e-01  3.00014859e-01 -8.65623542e-02
  -4.62179627e-01  1.02440008e-01 -5.25005506e-02  2.04479584e-01
  -1.17080550e-01  1.82849367e-01 -1.80864499e-01 -2.60576056e-01
   4.15790503e-02  2.89018792e-01  2.86165863e-01 -7.47767225e-02
   3.10812855e-01  4.00787741e-02]
 [-1.64011715e-01 -1.85364628e-01 -9.00981872e-03  2.43473265e-01
   2.84770383e-01  1.56386832e-01 -5.73145124e-02  2.44073525e-01
  -1.00340118e-01  3.10265647e-01  2.11368104e-01  2.75574969e-01
   4.57247156e-01 -4.83609067e-03 -1.22037848e-01  1.73050876e-01
  -2.52386043e-02 -1.70869627e-01  4.11850104e-02 -1.50539746e-01
  -1.00128560e-01 -4.45252655e-02  2.36532469e-01  1.12191697e-01
  -2.49965273e-02 -3.07771403e-01]
 [ 1.69539681e-02 -2.97712102e-01  1.21145509e-02  2.59999145e-01
  -3.08462276e-01 -1.74933726e-01  3.17886483e-02  1.49648710e-01
  -2.08182003e-01 -3.19975875e-01  1.70063256e-01  1.44631041e-01
  -7.68070165e-02 -3.69100592e-02  2.84568213e-01 -2.54924467e-01
   3.21560043e-01 -4.03818415e-02  2.34218433e-01 -1.64785639e-01
   1.16123810e-02 -8.92086337e-02  3.56362301e-01 -5.56195896e-02
   1.02409848e-01  9.83563103e-02]
 [-3.14143172e-01 -2.95695073e-02 -9.51696483e-02  1.02778432e-01
  -2.69988063e-01  4.84404350e-02 -3.68361127e-02 -1.23610721e-01
  -3.23739873e-01  1.60631544e-01  7.23671409e-02  7.50893543e-02
   9.94006632e-02  2.37317779e-01 -2.87274530e-01  9.99969166e-03
   1.20437615e-01  2.02788033e-01  4.44556466e-02  3.63691875e-01
  -2.33173434e-02  4.32987475e-01  4.88214523e-02 -2.07612967e-01
  -1.55665260e-01  2.25862192e-01]
 [-1.06441216e-02 -4.51034612e-02  2.53222120e-01  4.68521337e-02
   2.16583718e-01  5.07483509e-02 -7.68250535e-02 -2.79255462e-01
   8.71618971e-02 -1.49019955e-01  3.17832692e-01 -1.61779551e-01
   8.82669546e-02  1.18649981e-01  3.48220060e-01  3.09956491e-02
   2.09633013e-01  9.50484444e-02 -1.69698501e-01 -2.60429903e-01
  -3.06122262e-01  3.04651441e-01 -1.62625862e-01 -2.15172809e-01
  -2.77553622e-01 -1.05724299e-01]
 [-3.09049948e-01 -5.94012756e-02 -8.94282766e-02  3.28306272e-01
   3.03279462e-02  3.94413652e-02 -1.45661032e-01 -2.67792866e-02
   1.48056019e-01  2.83566888e-01 -4.43948491e-01 -8.90135031e-02
  -9.27012485e-04 -2.98809242e-01  5.89752487e-02 -9.39871405e-02
   8.84599437e-02  2.91070201e-01 -8.58428308e-02 -2.85577589e-01
  -2.27920114e-01 -1.24655713e-01 -2.94492824e-02 -1.50327437e-01
   1.01907650e-01  2.62708275e-01]
 [-2.90382182e-01  2.74497177e-01  2.36016508e-01  2.13054733e-01
  -1.51658013e-01 -5.13334467e-02 -3.03445945e-01 -7.03948246e-02
   1.26001649e-01  3.10255706e-04  1.05367409e-01  1.26113935e-01
  -1.73048608e-01  1.89634951e-01 -2.13982499e-01 -7.19597909e-02
   1.57265178e-01 -4.53750895e-01 -1.74465758e-01 -2.51675816e-01
   1.88234379e-01  2.62653943e-02 -1.73711882e-01  1.99935566e-01
   1.10135232e-01  1.18332780e-01]
 [-9.42114480e-02  3.67242761e-02  8.91303827e-02  2.64833526e-01
   3.06130771e-01  1.89514422e-01  9.92043341e-02  1.79301199e-01
  -4.16712082e-01 -1.13549913e-01  1.45527013e-02 -2.40909446e-01
  -2.55771417e-01  3.33880487e-01 -9.95208460e-02 -1.79451920e-01
  -1.69452927e-01  1.98739113e-01  2.69039621e-01 -1.10420211e-01
  -3.79751444e-02 -1.42084704e-01 -2.88801698e-01  9.45551009e-02
   7.69025879e-02 -6.00025939e-02]
 [-2.91229530e-01 -2.91431026e-01  1.86434297e-01  8.00229568e-02
  -4.73750476e-02  1.15272394e-01  8.59062402e-02 -1.14951543e-02
  -6.11724100e-02 -2.89240370e-01 -1.29638655e-02  1.19996932e-01
   1.03092909e-01  5.54720623e-02  1.91305406e-01  2.56267339e-01
  -2.13229999e-01  2.13289446e-01 -4.90438081e-01  1.18535438e-01
   3.67348593e-01 -1.56045343e-01 -8.14895445e-02 -3.80594205e-02
   1.87146352e-01  1.24430127e-02]]

Kinase PKD1
Singular Vector U 
[[-0.18208415 -0.18711059 -0.00504096  0.10460499  0.11628951 -0.38181473
  -0.14986465]
 [ 0.1951534  -0.30270877 -0.10414844 -0.12948155  0.12384379  0.27233348
   0.02529368]
 [ 0.11975635 -0.06618122  0.05996031  0.20200789 -0.22145225 -0.19856255
   0.2853998 ]
 [ 0.04182119 -0.34539824  0.20913884 -0.25759575  0.14352169 -0.04558645
  -0.12362156]
 [-0.03716429 -0.10558322  0.2263905  -0.3458404  -0.16609161 -0.04474354
   0.08545919]
 [ 0.22106968 -0.36451505 -0.03054277  0.04107286  0.19824165  0.34452264
  -0.04297342]
 [-0.02667636 -0.17572422  0.03076387 -0.41507875 -0.07210557 -0.1237042
   0.10243627]
 [ 0.22720791  0.01154534 -0.30425653 -0.22970722 -0.19996461  0.05881757
   0.27302083]
 [ 0.12166692  0.00486814 -0.26919205 -0.07729823  0.34237934 -0.24267279
   0.03513511]
 [-0.06516572 -0.11366789 -0.27120175 -0.05481108 -0.04794855 -0.4373789
   0.36602397]
 [ 0.00485904 -0.2387075   0.26089117  0.33985791 -0.05314093  0.07797194
   0.39831558]
 [-0.1124601   0.05539945  0.09782751 -0.02953119 -0.26670808  0.31745595
   0.30008138]
 [ 0.44685134  0.10450243 -0.14758346 -0.15045642 -0.09097368 -0.07273126
   0.13506331]
 [ 0.2706625   0.29397725  0.25125034 -0.23879431  0.19787743  0.05119449
  -0.02610029]
 [ 0.47243001 -0.1574162   0.17272542  0.20334504  0.01779069  0.10114227
  -0.02277718]
 [ 0.25704008  0.05862293  0.0854895  -0.0069083  -0.06101921 -0.2053639
  -0.43818162]
 [ 0.19768998  0.0822168  -0.19677298  0.42211219 -0.36499225 -0.03448772
  -0.23141751]
 [-0.29873163  0.16358231 -0.06858581  0.01206638  0.19560424  0.27370049
   0.05899901]
 [ 0.0701396   0.44037668 -0.21814624 -0.07449513  0.04986355  0.20842441
   0.07429114]
 [ 0.12357751  0.16052405  0.4496214  -0.11180501 -0.27998938 -0.15121833
   0.04632428]
 [-0.05569182  0.0563816   0.27229288  0.22299722  0.30450205 -0.05404868
   0.18109146]
 [-0.01978471 -0.32825355 -0.28765617  0.02384883 -0.149446    0.1088271
  -0.08043606]
 [ 0.2533015   0.10928772 -0.0181614   0.16030898  0.42078603 -0.15668421
   0.29438135]]
Singular Values 
[10.26180649  8.50970693  7.63012309  6.36140092  5.82941743  4.70375048
  4.51954354]
Singular Vector V (transpose) 
[[ 0.41153106  0.23815133  0.29432132  0.31567671  0.5742586  -0.18705756
   0.47210786]
 [-0.12037287 -0.55961152 -0.15726104 -0.12325473  0.13517443  0.50170168
   0.60203476]
 [ 0.76983304  0.11363608 -0.54662615 -0.18608405 -0.22151272  0.09933277
   0.04562489]
 [-0.06952384 -0.34821853 -0.46636818  0.7477461  -0.04335723 -0.30607744
  -0.0415156 ]
 [ 0.31936465 -0.60225716  0.15147504 -0.19928498  0.44444962 -0.09809127
  -0.51524362]
 [-0.24327724  0.36463581 -0.47448914  0.02472723  0.60318575  0.37597718
  -0.2773331 ]
 [ 0.23978843  0.01663228  0.35250513  0.50107789 -0.19909468  0.6773284
  -0.26167443]]

Kinase FRAP
Singular Vector U 
[[ 0.22833345  0.28450877 -0.12761431  0.23503224]
 [ 0.35037695  0.00673064 -0.0803474  -0.3519965 ]
 [ 0.26808025 -0.18897341  0.00806669 -0.05003876]
 [ 0.17109471 -0.1660033  -0.19901203  0.2595687 ]
 [-0.09630254  0.14472956  0.01146033 -0.04463442]
 [ 0.27560932 -0.01305423  0.02651097 -0.20434108]
 [ 0.23191906 -0.15163472  0.06792897  0.17042628]
 [ 0.2170917   0.31245179  0.01683727 -0.05931899]
 [ 0.18296975 -0.00380482  0.24432074 -0.13248143]
 [ 0.1789613  -0.02134659 -0.32595189  0.155968  ]
 [-0.08101108 -0.13141406 -0.23192184 -0.40730929]
 [ 0.26050086  0.07193233  0.25340426 -0.04031098]
 [-0.02054011  0.16897556 -0.38377479  0.12302852]
 [ 0.13085859  0.0775612   0.30496062 -0.20206761]
 [ 0.36999075 -0.04062152 -0.00721287 -0.20821343]
 [-0.0094428  -0.57284176  0.24604679 -0.09594566]
 [ 0.06271204 -0.0925491   0.22728199  0.25874889]
 [ 0.09471958 -0.01894286 -0.26071086 -0.07335903]
 [ 0.28285361 -0.17813956 -0.21855778  0.12695882]
 [ 0.16271312 -0.26971344 -0.34837624 -0.06420495]
 [ 0.16059561  0.3251494   0.10273434  0.11552381]
 [ 0.29521848 -0.03358638  0.21749192  0.40737175]
 [ 0.10498328  0.32629959 -0.02059927 -0.29132007]]
Singular Values 
[10.60315518  7.82928327  6.2520987   4.52562805]
Singular Vector V (transpose) 
[[ 0.40044075  0.32271147  0.74117849  0.43146143]
 [-0.48770701 -0.58072744  0.1466139   0.63513926]
 [ 0.12730943  0.43091228 -0.62690927  0.63646813]
 [-0.7652329   0.61067795  0.19011464 -0.07312641]]

Kinase GSK3A
Singular Vector U 
[[-0.02911128  0.18804499 -0.45464379 -0.04917223]
 [-0.04688171 -0.08556151  0.43767132  0.26624974]
 [-0.4253065  -0.11145635 -0.32234495  0.05698345]
 [-0.32354124 -0.13596953  0.02182514 -0.25389821]
 [-0.15243751  0.26357575  0.03845588 -0.0493522 ]
 [-0.24864706  0.14435618  0.00444267  0.34513023]
 [-0.07558319  0.18654167  0.05272609  0.04700991]
 [-0.08213574 -0.37978349  0.02540518 -0.12565714]
 [-0.37997399 -0.01302827 -0.17949665 -0.1257324 ]
 [ 0.16862145 -0.36897066 -0.09141475 -0.14156793]
 [-0.0224813  -0.19706457  0.02170873  0.08131127]
 [ 0.20613425 -0.03433913 -0.26455874 -0.50004403]
 [ 0.03721953  0.33807834 -0.23317808  0.14161917]
 [ 0.17719653  0.08570551  0.2342258  -0.25895424]
 [-0.23795677 -0.16530167 -0.10388766  0.04036431]
 [-0.21601034  0.27071894  0.16590404 -0.53880987]
 [ 0.24191949  0.21153478 -0.03483783 -0.0298145 ]
 [-0.14587627  0.17141353  0.42425059 -0.1745185 ]
 [-0.09231354 -0.38264113  0.07301966 -0.06054534]
 [ 0.07953286 -0.17546793  0.03652945  0.0392205 ]
 [-0.34481414  0.0535472   0.04578499  0.00147867]
 [-0.21223017  0.02449785  0.20107598 -0.08057911]
 [ 0.05830827 -0.06070565  0.05874537 -0.06944424]]
Singular Values 
[9.41568429 8.31100925 6.76357999 4.70806119]
Singular Vector V (transpose) 
[[-0.45369964  0.18819329 -0.25684885 -0.83232721]
 [ 0.49425391  0.44537463 -0.74407377  0.06089935]
 [-0.69099352 -0.14137571 -0.50270877  0.49982472]
 [ 0.26906813 -0.86385047 -0.35730489 -0.23172812]]

Kinase LRRK2
Singular Vector U 
[[ 0.02474908  0.34028056 -0.03672223 -0.00941675  0.25373665  0.06435368]
 [-0.22642932  0.11021316  0.26583795 -0.02762347 -0.05674556 -0.08950273]
 [ 0.13006279 -0.06632976  0.16057693 -0.05282669  0.5093983   0.10882711]
 [ 0.04087332  0.01643507 -0.3915613   0.21395622 -0.11062708  0.08487972]
 [ 0.01891182  0.20651978  0.21861504 -0.18958167 -0.03702776  0.09643185]
 [ 0.32355786 -0.05033966 -0.21687203 -0.41859804 -0.08988874  0.20225364]
 [ 0.29918622  0.18934178  0.01709975 -0.06240149 -0.36080878  0.09661852]
 [-0.01035787 -0.31967114  0.11209403  0.17063927  0.01843706 -0.1077878 ]
 [ 0.10236072  0.33756176 -0.38450302  0.06929633  0.22341129  0.12877179]
 [-0.16315975  0.00849791 -0.09508933 -0.31706996  0.09327825  0.09548202]
 [ 0.20849209  0.00923862  0.1296359   0.12380444  0.38510672  0.40334062]
 [ 0.12590161 -0.2965518  -0.14086805 -0.16135924  0.20429552 -0.31633116]
 [ 0.4495126   0.00646516  0.2821456  -0.16827875 -0.18023904  0.07677441]
 [ 0.19598876 -0.18074732 -0.2125336  -0.09648739 -0.17572829  0.06037793]
 [ 0.262177    0.34727671  0.06425496  0.31135595 -0.18893628 -0.23084002]
 [ 0.15908163  0.09398731  0.10542885 -0.05707636 -0.06002969 -0.48501759]
 [ 0.24648823  0.16662488 -0.39209576  0.11377583  0.15989005 -0.24917455]
 [ 0.29109293 -0.09894915  0.26759695 -0.06007361 -0.00628879  0.07254947]
 [-0.0404235   0.23630017 -0.02827642 -0.46619986  0.00817108 -0.15633175]
 [ 0.15198145  0.10639411  0.14940944  0.19577695  0.00873327  0.25860409]
 [ 0.08690956 -0.25179314 -0.07976926  0.32777136 -0.2189142   0.17582837]
 [ 0.3423984  -0.17004896  0.103057    0.11080491  0.3036636  -0.33833859]
 [ 0.09441117 -0.35063471 -0.20538915 -0.1730293  -0.05909326  0.08407296]]
Singular Values 
[10.60262999  8.43552971  7.54439903  7.12198026  5.89215699  4.35340015]
Singular Vector V (transpose) 
[[ 0.47962254  0.65236823  0.00392255  0.55226916  0.14337027  0.13713592]
 [-0.67845687 -0.0970704   0.20995586  0.55945802  0.203115    0.36323983]
 [ 0.07286838 -0.22307507 -0.69055683  0.2403094  -0.50832784  0.38976041]
 [-0.27204349  0.13000634 -0.66436029  0.08469     0.47452176 -0.48515235]
 [ 0.19945232 -0.45035591  0.18424721  0.56280704 -0.21763265 -0.59944604]
 [ 0.43653156 -0.54360689 -0.06093264  0.01824068  0.63816706  0.32035767]]

Kinase CDK6
Singular Vector U 
[[-0.09026625  0.19998253 -0.14586715  0.36180687 -0.14100612]
 [-0.18827321 -0.16593946  0.40806953 -0.24297566  0.10676048]
 [ 0.10604463  0.04086483  0.43578168 -0.1610719  -0.40584846]
 [-0.22046555  0.07892638  0.06231164 -0.12779431  0.04460863]
 [-0.27481864  0.12570403  0.16431855 -0.13953369 -0.24594789]
 [ 0.31956686  0.39197198 -0.19075285  0.12304444 -0.14998622]
 [ 0.27332632  0.07165292  0.20386651  0.11202127  0.32029884]
 [ 0.0283921   0.0634918  -0.09483508 -0.13306996  0.08980813]
 [ 0.33370867  0.18525214  0.11465885 -0.13187024 -0.00403915]
 [ 0.14338982  0.35262642 -0.23640362 -0.15092696  0.11102107]
 [ 0.17010456  0.37118911  0.15579723 -0.0340715   0.07511399]
 [-0.13928096  0.37153638  0.30510064 -0.00765179 -0.26852396]
 [-0.03891275  0.04805816  0.30485525  0.15853532  0.34907259]
 [-0.06091775  0.2080698   0.20246509  0.27715134 -0.1135076 ]
 [-0.16921118  0.26148664 -0.1416154  -0.26292501  0.07692736]
 [-0.12086976  0.23022092 -0.23046455 -0.07550647 -0.02101005]
 [-0.21953864  0.2737744   0.15701491  0.14210523  0.10058991]
 [ 0.31414904 -0.10932345 -0.08152818 -0.27135877 -0.16790086]
 [-0.33297951  0.15751319 -0.1015436  -0.20485188  0.16168755]
 [ 0.03795285  0.10447028  0.13194742  0.14815581  0.52020799]
 [ 0.17958295  0.10904779  0.08678305 -0.54475102  0.18217576]
 [-0.16876157 -0.02301667 -0.10662769 -0.15229559  0.0929853 ]
 [-0.30779208  0.09720735 -0.18181983 -0.08402591  0.01693698]]
Singular Values 
[9.64073541 9.37306007 6.5156709  4.65728182 3.91602537]
Singular Vector V (transpose) 
[[-0.33117673  0.47147921  0.72214911 -0.22362299 -0.31068111]
 [ 0.81607801  0.42786854  0.21974713 -0.03871554  0.31805266]
 [-0.42769373  0.62294613 -0.2932357   0.30624009  0.49924546]
 [ 0.17391567  0.451849   -0.53001883 -0.05199021 -0.69423546]
 [ 0.10568855 -0.04905581  0.25160429  0.92304273 -0.26666618]]

Kinase IRAK4
Singular Vector U 
[[-1.98169974e-01  3.75685839e-01 -4.47502111e-02]
 [-3.13932028e-01 -1.98984700e-01 -1.67357633e-01]
 [-1.71948057e-01 -1.32725275e-02 -7.53177076e-02]
 [-2.52305030e-01 -2.82816410e-02  4.42823843e-04]
 [-8.15293458e-02 -2.76542633e-01  5.25418188e-02]
 [ 5.83938341e-02 -2.19867049e-01 -5.46464565e-02]
 [ 4.82734564e-02  7.74725830e-02 -4.90662803e-01]
 [ 2.38043668e-02 -2.45939800e-01  1.53916842e-01]
 [ 3.54263254e-03 -1.11598553e-03 -1.32464856e-01]
 [-1.63759531e-01 -3.92099786e-01 -2.57583837e-01]
 [-3.16582938e-01  9.31904795e-02 -1.16570357e-01]
 [-3.03143631e-01 -4.82231412e-02  3.00771351e-01]
 [-2.11953286e-02 -1.63595472e-01  1.87049000e-01]
 [-3.10663395e-01  3.53161480e-01 -3.54495418e-02]
 [ 1.74838259e-01  1.48510581e-01  1.78839760e-01]
 [-4.34720918e-02  1.32352918e-03  4.03707878e-01]
 [-3.33939268e-01 -3.50228101e-01 -1.68573556e-01]
 [-3.43841354e-01  3.79800230e-02  5.03935312e-02]
 [-5.09801995e-02 -1.23517159e-01  4.26400942e-01]
 [ 5.38502409e-02 -3.15620886e-01  3.01672830e-02]
 [-3.50957415e-01  2.11199406e-01  6.49149847e-02]
 [ 3.03857059e-02  6.79645649e-02 -9.54870751e-02]
 [-2.19754896e-01 -2.20637506e-02  2.18989448e-01]]
Singular Values 
[9.33520477 7.21366236 6.03535735]
Singular Vector V (transpose) 
[[-0.74614871 -0.5652027  -0.35186362]
 [ 0.01563124  0.51348143 -0.85795833]
 [-0.66559579  0.64566457  0.37429869]]

Kinase SGK1
Singular Vector U 
[[ 0.13726297  0.29939259  0.0612651  -0.06745434]
 [-0.48151201  0.09084031 -0.07082451  0.03091796]
 [-0.18101571 -0.37796547 -0.04618374 -0.24712353]
 [ 0.2139866   0.10183114  0.03970105  0.28450978]
 [-0.07660666  0.16811351 -0.05243987 -0.00945725]
 [-0.11646873 -0.23060208  0.37751211  0.04005384]
 [ 0.11675704 -0.17567881 -0.23152559  0.23469613]
 [-0.18918193  0.05520588  0.17513259  0.22059534]
 [ 0.12345392 -0.30292247 -0.33761566 -0.01943495]
 [-0.16237084  0.06070433 -0.35440599 -0.07309509]
 [-0.35175276 -0.00533966 -0.29474596  0.22657577]
 [ 0.09351197  0.38701146 -0.25943007 -0.21923534]
 [ 0.00444503 -0.28784528 -0.03293175  0.05744905]
 [ 0.13188452  0.03729754  0.06956023  0.04450088]
 [ 0.10184681  0.28970541 -0.22729757  0.00410871]
 [-0.37386197  0.28892875  0.0293847   0.10229023]
 [-0.0992005   0.21410296  0.02826683 -0.29792512]
 [-0.29667804 -0.04064837  0.01765163  0.179029  ]
 [-0.23302889  0.17059185  0.07953668  0.24316672]
 [ 0.15118072  0.13902774  0.13674015 -0.21755796]
 [-0.25415992 -0.11028744  0.29273171 -0.44227235]
 [-0.13484212 -0.03858291 -0.24203518 -0.45056631]
 [-0.04957554 -0.1644729  -0.36790655  0.0164462 ]]
Singular Values 
[7.74021938 7.16750325 6.4254278  5.38628973]
Singular Vector V (transpose) 
