Method Singular Value Decomposition(One of the PCA methods)
X = U(SIG)V*

X shape (nxm)

U shape (nxn)

(SIG) shape (nx1)

V shape (nxm)

Kinase CSNK1D
Singular Vector U 
[[ 0.28786808  0.10337159 -0.2591274 ]
 [ 0.38066759  0.07471798  0.15433968]
 [-0.06743733 -0.13643099 -0.17220029]
 [ 0.1897844  -0.16248375 -0.04210247]
 [-0.13568634  0.261868    0.11342687]
 [-0.03280253  0.11682985  0.13433497]
 [ 0.14604886 -0.25831176 -0.17673929]
 [ 0.12771393 -0.26552066 -0.12073861]
 [ 0.27520864 -0.21718446 -0.13431558]
 [-0.06132477 -0.21070017 -0.11043302]
 [ 0.41075484  0.06954814  0.15019151]
 [-0.20240279  0.09014993 -0.15410411]
 [-0.06547179 -0.17348687 -0.29835642]
 [ 0.21343379 -0.02526171  0.50312586]
 [-0.03723809 -0.23480333  0.38269849]
 [ 0.06785493 -0.35795771  0.12752626]
 [ 0.24861124 -0.01394334  0.20092118]
 [ 0.3532513   0.25899968 -0.17563773]
 [ 0.2876778  -0.20573826 -0.05871022]
 [ 0.17974997  0.34261427 -0.20768274]
 [ 0.11844969  0.30278345 -0.09171928]
 [ 0.0961452   0.12246347 -0.17157755]
 [-0.06763915  0.25898646  0.25262104]]
Singular Values 
[8.14419407 7.5620082  6.42480739]
Singular Vector V (transpose) 
[[ 0.44914743  0.5826242   0.67735931]
 [-0.6506407   0.73286498 -0.19893618]
 [ 0.61231795  0.35136586 -0.70824344]]

Kinase PAK1
Singular Vector U 
[[ 0.01750071 -0.09975575  0.33215248 -0.28974712  0.15039003 -0.17190849
  -0.1746411 ]
 [ 0.06225673 -0.07380413 -0.15405388 -0.41698704  0.14680777  0.00188599
   0.03891487]
 [-0.308327    0.43860428 -0.04633731 -0.26919833  0.03954326 -0.07852644
   0.11264619]
 [ 0.11941642  0.20121364  0.30862122  0.06205829 -0.19186648 -0.28734437
   0.26473616]
 [-0.32870411 -0.10154474  0.4069249   0.03161701 -0.19237445  0.10028359
   0.28023808]
 [-0.17488769  0.10962228  0.07996529 -0.10049009 -0.14424952  0.45794591
   0.18881268]
 [ 0.02974495  0.17564131  0.12249705 -0.03856858  0.39957547  0.21322731
   0.10944407]
 [ 0.00886461  0.26150806 -0.3239495  -0.08317605  0.21390836 -0.27668241
   0.39049716]
 [-0.31694242 -0.12514404 -0.07038471 -0.23929872 -0.06756461 -0.2538538
  -0.13702369]
 [-0.39176955 -0.31130478 -0.13212375 -0.0436069   0.01441844  0.06902687
   0.31607848]
 [-0.29168319  0.24531002  0.07795877  0.08215316  0.26341019  0.31284531
   0.06118476]
 [-0.12249884 -0.11428966  0.11203011  0.30156062  0.39725275 -0.15979534
  -0.29973824]
 [-0.18341466 -0.37423669 -0.00132451 -0.32863468  0.10117685  0.01032192
   0.02029107]
 [-0.05043617 -0.02383276  0.15310516  0.27365157 -0.32966516 -0.17745574
   0.08860381]
 [ 0.25584201  0.00113186 -0.08820086 -0.26021243  0.03055136 -0.03899331
  -0.01373698]
 [-0.3114613  -0.06055765 -0.18190891 -0.0656552  -0.12380054 -0.30875548
  -0.11706485]
 [-0.25407721  0.24462651 -0.10940631  0.13262054 -0.11902604  0.0785023
  -0.36735362]
 [ 0.14404339  0.08909243  0.2963889  -0.250834    0.09249454  0.21160976
  -0.22207146]
 [-0.11080227 -0.04814707 -0.22048128 -0.0403646  -0.26363462  0.30325163
  -0.33360888]
 [-0.16854688 -0.26716301  0.13803799  0.26692742  0.41250006 -0.0625878
   0.04678935]
 [-0.07939031  0.1905836  -0.33310533  0.24846871  0.15590183 -0.01271514
  -0.01475245]
 [-0.24726451  0.34373355  0.26978004 -0.13670662  0.01706289 -0.24873143
  -0.26538985]
 [ 0.0282156   0.06424392  0.14156828 -0.0278293  -0.00994264 -0.10005313
   0.06116522]]
Singular Values 
[11.00201503  7.68770223  7.03385607  6.06881216  5.93291906  5.20386205
  3.86893434]
Singular Vector V (transpose) 
[[-0.01121611 -0.539671   -0.6322911   0.08538612 -0.11625352 -0.29203625
  -0.45027383]
 [-0.09082574  0.05426823  0.23704816  0.74387341  0.44368429 -0.41526925
  -0.09980912]
 [ 0.31113423 -0.42869333 -0.13386962  0.38949354 -0.15906925  0.157353
   0.70691459]
 [ 0.69391505 -0.15338588  0.10856198 -0.39576629  0.47895784 -0.31119214
   0.01722954]
 [-0.01519318  0.57843606 -0.69157475 -0.01262586  0.23407952 -0.16603134
   0.32308857]
 [-0.21319395 -0.24572253 -0.15831705 -0.01198478  0.67437348  0.63983447
  -0.06923228]
 [ 0.60631657  0.32177186 -0.10473506  0.36155544 -0.159226    0.42861546
  -0.42200378]]

Kinase MAPKAPK2
Singular Vector U 
[[-0.10198248  0.36358158 -0.25426107  0.17945727  0.26220785  0.11006598
  -0.14657476]
 [-0.33478676 -0.24519034 -0.07769348 -0.00140652 -0.10546514 -0.05679278
  -0.0132857 ]
 [-0.32818736  0.15330082  0.02286048 -0.20501908 -0.13502423 -0.08337002
  -0.41800889]
 [-0.21127089  0.45824798 -0.25095179  0.12866585  0.11363845  0.37851833
   0.07157689]
 [ 0.13065705  0.1458673   0.01584609 -0.32218849  0.17952545  0.08802782
  -0.11846684]
 [ 0.13288029 -0.01988662 -0.34173151 -0.21466833  0.10363111  0.16801464
  -0.12441079]
 [-0.14502899  0.14004359 -0.35289595 -0.08043424 -0.14567264 -0.54052251
   0.25212794]
 [-0.07145609 -0.13780509  0.14215146  0.27483103 -0.04740156  0.01373579
  -0.34594961]
 [-0.02908166 -0.00525911  0.06688547 -0.03313191  0.31718557  0.0245702
   0.08978528]
 [-0.14301623 -0.07919888  0.28271882 -0.08328894  0.0952529  -0.29811261
  -0.12505218]
 [-0.33797236 -0.22082156 -0.3731023  -0.12389598  0.0938574  -0.08906273
   0.04102117]
 [-0.35921696 -0.05566337  0.18487983  0.2331094  -0.2923038   0.36146269
   0.39901584]
 [-0.00732849 -0.16769988 -0.46537113 -0.02660738 -0.3236837   0.16763645
  -0.21296667]
 [-0.14184789  0.13853324  0.19118947 -0.03698757 -0.24590654  0.21202883
  -0.07560715]
 [-0.46941783 -0.02648632  0.02262509  0.00700695  0.24109265 -0.03818914
  -0.08095191]
 [-0.07638841  0.34778237  0.13184429 -0.15730698 -0.1484959  -0.11440617
  -0.30264402]
 [-0.05940371 -0.24303997 -0.00963675  0.09434948 -0.21995202  0.08387922
  -0.397434  ]
 [-0.00193358  0.28023381  0.08792496 -0.29797045 -0.24064363  0.00366368
   0.12275012]
 [-0.3421996   0.06045484  0.13422715 -0.02474774  0.11246947 -0.02183031
   0.11740832]
 [-0.08777421 -0.24363868  0.11638402 -0.28370909  0.41707397  0.30616048
  -0.1083097 ]
 [-0.06772884 -0.25526465 -0.05054657 -0.4930378  -0.07421052  0.15643368
   0.22534355]
 [-0.05133238  0.14430837  0.17537702 -0.38087968 -0.1696447   0.04608652
   0.03749728]
 [ 0.13350384 -0.01393274 -0.05035517 -0.07598026 -0.21452144  0.25015842
  -0.03443933]]
Singular Values 
[9.94429984 9.61254974 7.26847421 6.60438043 5.46451458 5.11682646
 3.89595173]
Singular Vector V (transpose) 
[[-0.24200814 -0.34391557 -0.41830004  0.18524925 -0.60055008  0.15249414
  -0.47952796]
 [ 0.18202686 -0.08037959 -0.35743976 -0.26965145  0.54425049  0.60298147
  -0.31644116]
 [-0.66238275 -0.47026779  0.0190454  -0.47397721  0.12219956 -0.00767004
   0.31636785]
 [ 0.31357929 -0.05276579 -0.56996014 -0.39927886  0.02225581 -0.64343683
  -0.0099673 ]
 [ 0.02347425  0.22552439  0.46235135 -0.64172556 -0.26058258 -0.01958596
  -0.50469828]
 [-0.30205483  0.72006313 -0.39501682 -0.18044231 -0.24150175  0.24276987
   0.29054079]
 [-0.52860877  0.2863093  -0.04730262  0.25401121  0.44886142 -0.37385596
  -0.48020377]]

Kinase IKBKB
Singular Vector U 
[[-0.09851457 -0.15219996  0.14287808  0.32347914 -0.37334314 -0.21745948
   0.18551875]
 [-0.4136855  -0.17919436  0.19528199  0.07816384  0.30800893 -0.00811875
   0.38303221]
 [-0.11873832  0.14457935 -0.06301855  0.1195777   0.40961956  0.16905838
   0.21722252]
 [-0.06422728 -0.0062446   0.05881057  0.21938498 -0.27489717 -0.19150252
  -0.10071232]
 [ 0.05770319  0.0433732  -0.33491793 -0.24825161 -0.05546614  0.06647431
   0.07335587]
 [-0.28818391  0.30458022 -0.16697754  0.05189645 -0.15395769  0.02930131
  -0.26253719]
 [ 0.08925069  0.29284653  0.10332952 -0.08253768 -0.094646    0.10487216
   0.28891627]
 [ 0.02972269  0.00967609  0.13225705 -0.28239393  0.11038149 -0.21810989
   0.03272486]
 [ 0.06763651 -0.0095732   0.06342422 -0.33675587 -0.32394944 -0.2483128
  -0.10252665]
 [-0.2396417   0.10217475  0.33681047 -0.27924353  0.10755014 -0.2786275
   0.10409469]
 [-0.05384945  0.10275312 -0.22051117  0.2563948  -0.00149047 -0.0996818
   0.13103365]
 [ 0.04566855  0.07088701  0.0487374   0.0022427   0.18169274  0.01418644
  -0.00525329]
 [-0.36308986  0.12744047 -0.13416435 -0.17107306 -0.25203703  0.04381044
   0.08788747]
 [-0.15486746 -0.3774118  -0.07582494  0.17544358  0.05027671 -0.0622792
  -0.26630283]
 [-0.19522163  0.25854702 -0.34717054  0.02024851 -0.18080882 -0.38471176
   0.25230996]
 [-0.27644082  0.14804232  0.37960656  0.24760445 -0.00278567 -0.03701816
  -0.33979397]
 [-0.01403426 -0.25581902  0.1434736  -0.01274863 -0.23444784  0.0653224
   0.51953149]
 [-0.1540228   0.04105095 -0.35958268  0.33646924  0.17280996 -0.13667977
   0.04191964]
 [-0.2759253  -0.09041857 -0.22909545 -0.38119485  0.27415498 -0.24031016
  -0.13528326]
 [-0.19315704 -0.18872147 -0.09136389 -0.05926961 -0.15725016  0.3374782
  -0.0511479 ]
 [-0.10082839  0.42424369  0.04631399 -0.02093955 -0.11565639  0.46252462
   0.043368  ]
 [-0.42957042  0.00771594  0.20091154 -0.11613706 -0.07888586  0.16227478
  -0.10893886]
 [-0.19054551 -0.42279885 -0.2360741  -0.14467275 -0.147904    0.28998486
   0.00687693]]
Singular Values 
[10.57867953  9.2421706   7.74103     6.96083113  5.73582515  5.24976659
  2.8247774 ]
Singular Vector V (transpose) 
[[-0.41660912 -0.46251892 -0.37063375 -0.29965447  0.11202327 -0.49208346
  -0.36146308]
 [-0.04368399 -0.49333589 -0.06412532 -0.45355038  0.20804143  0.61667996
   0.34830447]
 [ 0.02156311  0.33478863 -0.88542315  0.01131587 -0.17597125  0.10508553
   0.24767026]
 [ 0.76429805 -0.47167763 -0.10446358  0.02997242 -0.2546485  -0.30872806
   0.14628344]
 [ 0.23787779 -0.01701131 -0.11895218 -0.06809554 -0.24835752  0.47527775
  -0.79797728]
 [-0.41580758 -0.25057912  0.11836213  0.16323062 -0.83010645  0.09083364
   0.162274  ]
 [-0.10212875 -0.38085884 -0.18834162  0.81987293  0.31240938  0.19252017
  -0.04678073]]

Kinase SYK
Singular Vector U 
[[-0.10636707 -0.06772417 -0.11741917]
 [-0.13516463 -0.18022897  0.38288399]
 [-0.2955936   0.06419932 -0.22189518]
 [ 0.08486221  0.08630266  0.34077663]
 [-0.32780504 -0.11406526  0.24134948]
 [ 0.1733311  -0.04691196 -0.34464513]
 [-0.18772423  0.02599129 -0.07666424]
 [ 0.11915362 -0.27694944 -0.2185084 ]
 [-0.24856533  0.34996518 -0.2583014 ]
 [-0.36360196 -0.16271299  0.26714487]
 [-0.2018456  -0.08009574 -0.02356335]
 [ 0.06086325  0.15164736  0.15713804]
 [ 0.01563221 -0.43316742 -0.06106583]
 [-0.29013616  0.04884779  0.04606405]
 [ 0.22903768  0.19816578  0.10631321]
 [ 0.20059603 -0.05861412 -0.14626843]
 [-0.27103467  0.23726989 -0.24834541]
 [ 0.12284297 -0.1967422  -0.30274299]
 [-0.18819988 -0.07742221 -0.14730761]
 [-0.25022607 -0.25614075 -0.21048893]
 [-0.07115891  0.10342686 -0.14302928]
 [-0.10231073 -0.47983848 -0.01210283]
 [-0.26689059  0.20033829 -0.04211917]]
Singular Values 
[9.38244717 6.72416901 5.61904195]
Singular Vector V (transpose) 
[[-0.75729963 -0.44662395  0.47647069]
 [ 0.10280322 -0.80201919 -0.58838484]
 [-0.6449254   0.3966009  -0.65328321]]

Kinase LRRK2
Singular Vector U 
[[-0.17889686 -0.06337592 -0.04878469 -0.25261608  0.18247029 -0.01228561]
 [-0.23857994  0.11623375  0.22187403 -0.17017723  0.12076274 -0.14920812]
 [-0.34875583  0.00784307 -0.30500258 -0.28850248  0.1306423   0.15971118]
 [-0.18334622 -0.19406608 -0.096854    0.34642725 -0.15278146  0.37254791]
 [-0.01163024  0.17208064  0.07160325 -0.3214444  -0.02230197  0.29992374]
 [-0.25340399 -0.19022245  0.1383401   0.04704193 -0.24564457  0.18566317]
 [-0.01795208  0.05729569 -0.57919512  0.12472242 -0.14614245 -0.0375661 ]
 [-0.31485756  0.19469396  0.11128274 -0.19694566 -0.09041558 -0.34054046]
 [-0.0797783  -0.17566489 -0.08546182 -0.27807158  0.28979409 -0.25321112]
 [-0.01484486 -0.16777145 -0.23753218 -0.19050706  0.1771349  -0.13383367]
 [ 0.06374602  0.22460451 -0.22551611 -0.10408058 -0.15065944  0.05321783]
 [-0.18097199 -0.09185556  0.21673482  0.10718941 -0.15759371 -0.1747281 ]
 [-0.23561724 -0.34502958  0.16405787  0.12276146  0.15381936 -0.10933839]
 [-0.05829126 -0.07099529  0.17978893 -0.2163955   0.05960164  0.5455034 ]
 [-0.23901337  0.0101677  -0.31139814  0.09447567  0.296293    0.05728759]
 [-0.04117878  0.43118853 -0.07948428 -0.24257326 -0.21026625  0.11657985]
 [-0.19982925 -0.18911088  0.00585309 -0.03512612  0.27346102  0.23946911]
 [-0.19594932  0.32585948  0.01433903  0.3726503   0.23387399 -0.1461268 ]
 [-0.12062128 -0.27439492 -0.10655675 -0.26697505 -0.50078569 -0.21029986]
 [-0.41613455  0.23680452  0.03310378  0.21468472 -0.02017629  0.00275194]
 [-0.26712605  0.11550251  0.27403924 -0.06425982 -0.18910072  0.01982844]
 [ 0.06261295 -0.33586609 -0.01553208 -0.05629723 -0.09540419 -0.07963883]
 [-0.29927383 -0.10148566 -0.24851093  0.11716089 -0.27148134 -0.00487479]]
Singular Values 
[8.96988551 7.26954888 7.04321758 6.57570164 4.75300623 4.01344621]
Singular Vector V (transpose) 
[[-0.51647726 -0.34722047 -0.25224815 -0.1614511  -0.48548224 -0.53600428]
 [ 0.20329608 -0.47415834 -0.26484286  0.48506633  0.52728741 -0.38779049]
 [-0.54997325 -0.50051836  0.05199605 -0.10710334  0.31241629  0.57899235]
 [ 0.47596229 -0.2704524  -0.65491794 -0.38360435 -0.17979687  0.30318094]
 [ 0.22620317 -0.24601779  0.43667203 -0.70027222  0.30969337 -0.33366711]
 [-0.33428043  0.520023   -0.49388822 -0.2993987   0.51032748 -0.15438065]]

Kinase CDK5
Singular Vector U 
[[-1.31176109e-01 -1.45139164e-01 -3.64937104e-02  4.14130373e-01
   1.24667783e-01  4.64936809e-02  5.81476432e-02  1.35789068e-02
  -3.03048613e-01  2.56638995e-01  2.39276810e-01]
 [-1.54555485e-01 -1.35574315e-01 -1.45545480e-01  2.56224501e-01
   3.95987215e-02  1.37426147e-01 -7.92601788e-02  2.08531388e-01
   2.83373720e-01  3.56197272e-01  1.72463546e-01]
 [-1.24667084e-01  1.54851570e-01 -1.05406839e-01 -1.00464832e-01
   2.95086665e-01 -9.89474369e-02  1.86829225e-01  6.61363426e-02
   3.88168386e-01  9.90918282e-02 -2.93949979e-02]
 [-1.73166378e-01  5.06930293e-02  4.28896824e-01  5.02584464e-02
  -1.86679146e-01  7.13363196e-02  1.33081763e-01  2.36876678e-01
  -5.89671140e-02  4.88328597e-01 -2.30441258e-01]
 [-2.07869281e-01 -3.97382819e-01  6.27945796e-02 -9.27726383e-02
   2.14119814e-01  4.01909163e-02 -2.72947974e-01 -1.19377204e-01
   2.79318981e-01  3.37012465e-02 -2.22636200e-01]
 [-2.52621096e-01  1.46180004e-01  2.26946678e-02  2.65176579e-01
  -3.26247047e-01 -3.32636515e-02  1.13729343e-01 -2.71646189e-01
   4.27978595e-01 -1.40291645e-01  1.38790737e-01]
 [-1.41704936e-02 -5.43341471e-02 -1.90860716e-01  2.19153854e-01
   3.99028230e-01 -1.38494470e-01  4.35945127e-03 -5.44650305e-01
  -2.42226878e-02  8.37589942e-02 -1.93098287e-01]
 [-1.59984000e-01  2.29577512e-01  2.82469033e-01 -1.53445478e-01
   2.41657382e-01 -3.60562452e-01 -1.45524235e-01  5.61822560e-02
   2.80314421e-01  6.76469238e-02 -6.74514423e-02]
 [-4.00968457e-01  9.54387238e-02  1.37779527e-01  6.02410509e-02
   6.73996464e-02  1.73252531e-01  4.38277578e-02  7.81748397e-02
  -2.30080391e-01 -2.51570248e-01 -2.87386784e-02]
 [-1.12287657e-01 -1.41991676e-01  1.10515214e-02 -8.30532173e-02
  -2.23893911e-01 -1.58472446e-02  5.10618402e-01  5.20558455e-02
   1.65474138e-01 -1.13922338e-01  5.19539050e-03]
 [-1.54129515e-01 -8.70266668e-02 -2.60029165e-01 -2.08665771e-01
  -5.98303232e-02  2.99850293e-01 -8.89243826e-02  1.14416277e-01
  -1.55187151e-01 -8.88988361e-02 -3.98123160e-01]
 [-3.45052191e-01  6.30750355e-02  1.72726576e-01 -1.92013819e-01
   2.86292076e-02  3.16417849e-01 -4.09833284e-02 -3.35174371e-01
  -1.84951838e-01  2.44806131e-01  2.31845322e-01]
 [-6.87200743e-02 -4.22487553e-01 -2.48938560e-02 -1.23418412e-01
  -4.34731833e-01 -5.80326194e-02 -1.95706172e-01 -3.70544586e-01
   8.00573710e-02  1.60915815e-01 -1.71311152e-02]
 [-2.23364716e-01  1.34807520e-01  1.82980063e-01  1.65859932e-01
  -2.85089978e-02 -5.98966262e-03 -3.10743082e-01 -1.16260116e-01
  -1.17220572e-01 -4.54583985e-01  2.84509691e-02]
 [-1.39482372e-01 -1.27712052e-01 -3.30156832e-01  1.28973400e-01
  -7.53829579e-02  1.16543612e-01  2.87033992e-01  2.01703020e-02
   5.01767462e-02 -7.97715817e-02 -2.08953848e-01]
 [-2.59712304e-01 -4.17036320e-01  5.13841760e-02 -1.07769478e-01
   3.37719191e-02 -1.82625442e-01  3.94431060e-03  2.87231902e-01
   3.89984848e-02 -2.59783105e-01 -3.71726225e-02]
 [-9.97021730e-02  5.82193867e-02  4.70065519e-02  2.40553396e-01
   4.41431111e-02  4.33001133e-01 -2.64754057e-01  1.88339549e-01
   3.13100374e-01 -1.40952943e-01  1.07723935e-01]
 [-3.75064018e-04 -3.89886743e-01  2.02787997e-01  1.06116263e-01
   2.10092510e-01 -1.94470737e-01 -8.53107274e-02  1.86943122e-01
  -1.34561310e-01  1.01620767e-02  3.25374969e-02]
 [-2.11019462e-01  1.16438986e-01 -5.15311372e-01 -5.97902349e-02
   1.67315490e-01  2.39940512e-02 -1.00741077e-01  1.75959507e-01
  -4.62658937e-02  9.62902677e-02  1.03977589e-01]
 [-1.24907703e-01  9.92984275e-02 -2.89200258e-01 -1.04893272e-01
  -3.41146301e-01 -3.71941078e-01 -3.89534901e-01  1.69938609e-01
  -6.25833787e-02  1.10866965e-01  2.60780704e-01]
 [-3.38674408e-01  1.63761104e-02 -4.93044960e-02  3.13092821e-01
  -3.99107877e-02 -4.13161037e-01  1.98792047e-01 -2.36367298e-03
  -1.99684057e-01 -4.83710947e-02 -4.43833078e-02]
 [-3.67855732e-01  2.14918526e-01 -6.05955477e-02 -3.74818993e-01
   2.06576979e-02 -5.23986672e-02  5.62453468e-02 -8.06864259e-02
  -9.21655806e-02  1.24495989e-01 -1.25907285e-01]
 [-5.23737430e-02 -2.14633230e-01  2.87867041e-02 -3.39968566e-01
   2.07069737e-01  6.21015275e-02  2.40090399e-01 -5.69532602e-02
   9.65905802e-05 -1.29240907e-01  6.16288955e-01]]
Singular Values 
[13.07543405 10.6931495   9.34090855  7.96909954  6.98205517  6.81149472
  5.89165811  5.2284236   4.31456067  3.43554826  2.37517829]
Singular Vector V (transpose) 
[[-0.29867927 -0.28733104 -0.29750948  0.22204331 -0.17533391 -0.30844321
  -0.27417161 -0.43043826 -0.2070214  -0.30380314 -0.41101809]
 [ 0.26816602 -0.29261975 -0.18275652 -0.57456165  0.20181075  0.07577634
  -0.5042456  -0.18916204 -0.24559452  0.11281409  0.26340161]
 [-0.40674035  0.17440666  0.4648338  -0.03770339 -0.40225106 -0.05359748
  -0.49540321 -0.11434646  0.22554613  0.0440817   0.33265641]
 [ 0.38582864  0.24142595 -0.18677137 -0.37631604 -0.37754212 -0.2025302
   0.17847937 -0.26014577  0.44340174 -0.36967456 -0.00091972]
 [-0.19462121 -0.05257416 -0.22344344 -0.20324462  0.12679218 -0.49882375
  -0.06789119  0.19909914  0.42548785  0.56418812 -0.24418023]
 [-0.06274944  0.12203232 -0.36606676 -0.13138597 -0.45189805  0.35316566
  -0.2703287   0.58964667 -0.1006387  -0.06459989 -0.25671686]
 [ 0.04546551  0.06896168  0.05418694  0.00966099  0.18036446 -0.60994409
  -0.11978485  0.50290487 -0.20728671 -0.45576944  0.26005614]
 [ 0.22837416 -0.79518153  0.10418515  0.19331626 -0.36034165 -0.0297343
   0.09452386  0.20432877  0.22312252  0.02291199  0.18863191]
 [-0.04026036 -0.09567252 -0.06210496  0.15646189  0.48586828  0.303312
  -0.33178375  0.07458333  0.60054424 -0.38692823 -0.08253724]
 [-0.63278241 -0.25553156 -0.03158033 -0.50117437  0.06395403  0.12768525
   0.42353315  0.04694149  0.00788921 -0.25584006  0.12092609]
 [-0.1628035   0.11804854 -0.65158054  0.32534465 -0.03691631  0.02146684
   0.0534444  -0.0918493   0.06865991  0.10234475  0.63312586]]

Kinase PRKCZ
Singular Vector U 
[[ 0.2497099   0.05775417 -0.07198029]
 [ 0.19058703  0.01588946  0.3620651 ]
 [-0.20948588 -0.26464009 -0.08211513]
 [-0.15647265  0.14818644  0.29709209]
 [ 0.12659657 -0.23399038  0.00463115]
 [ 0.25725596 -0.08253272 -0.27361151]
 [-0.172748   -0.24651275 -0.05504754]
 [-0.01848243  0.11479768 -0.25261769]
 [-0.08741656 -0.2666979   0.04159759]
 [-0.08943386 -0.19436953 -0.35328522]
 [ 0.15322295 -0.50101186  0.33612121]
 [ 0.01215237  0.3030424  -0.17307106]
 [-0.22582946 -0.24138354 -0.1791798 ]
 [ 0.23599037 -0.28709672  0.05147959]
 [ 0.00114698 -0.02786878 -0.1782286 ]
 [-0.25738146 -0.07744952  0.07584478]
 [ 0.33202042 -0.0186352  -0.18590041]
 [ 0.39491341  0.03491318  0.03106668]
 [ 0.11159723  0.28013204 -0.1128587 ]
 [ 0.35236129  0.05055737 -0.00618584]
 [ 0.07218277  0.08126377  0.44767715]
 [ 0.07294202  0.09138359  0.09395875]
 [ 0.30825849 -0.26858279 -0.16644116]]
Singular Values 
[8.84372004 7.17500946 5.61020922]
Singular Vector V (transpose) 
[[ 0.15897374  0.63755997  0.75382003]
 [-0.92024964  0.37223524 -0.12075397]
 [-0.35758628 -0.6745059   0.64588996]]

Kinase SRC
Singular Vector U 
[[-0.35604615 -0.19411839 -0.0773178  -0.02503904 -0.03639604 -0.34515491
   0.10911304]
 [-0.11594425 -0.29216363 -0.23648366 -0.21433818 -0.14779726  0.08490893
   0.21009282]
 [ 0.02336474  0.2782695  -0.04462777 -0.34466967 -0.03626207  0.11139828
  -0.18326451]
 [ 0.16398149  0.23125702 -0.05584816 -0.01597747 -0.2140633   0.20666531
  -0.20417345]
 [ 0.01878722  0.09048022 -0.07552489  0.42672541 -0.30334307 -0.01348281
  -0.2158879 ]
 [ 0.2093875  -0.04719565  0.20478335  0.11846305 -0.14506925 -0.41420732
   0.09863383]
 [-0.3894496   0.07509865  0.28126819 -0.03905066  0.03769282  0.04351031
   0.0032818 ]
 [ 0.06136919 -0.14340062  0.15534542  0.36040394  0.22472372  0.20919882
  -0.00443531]
 [ 0.23616861  0.05060114 -0.15038711 -0.15519057  0.29170504 -0.30158421
   0.04763153]
 [-0.01070305 -0.08566858 -0.13839462  0.09651726 -0.24336639 -0.0959768
  -0.27706714]
 [-0.09292582 -0.29021403  0.23596581 -0.09741299  0.07336701  0.18492928
  -0.31466909]
 [ 0.04973679  0.41530235  0.2975318  -0.26676393 -0.10402817 -0.04853621
  -0.05566358]
 [-0.23689716  0.38143377 -0.10922054 -0.02358001  0.05017373 -0.19541432
   0.19758734]
 [-0.28031817  0.00723459  0.30906295  0.01571434  0.10247399 -0.01908379
   0.15496557]
 [-0.1006463   0.13108565  0.18083623 -0.10022263  0.15585902 -0.27021325
  -0.46426792]
 [-0.30790151  0.14018362  0.24122704  0.30896766  0.04492291 -0.14595879
  -0.066419  ]
 [-0.35857808 -0.15021342  0.1111953  -0.09369314 -0.19868968  0.09768563
   0.12238629]
 [ 0.27249848  0.09343001  0.27854066  0.09268089 -0.19748935 -0.28513638
   0.15778157]
 [ 0.21554448 -0.29924378  0.24802027 -0.02697559 -0.27263004 -0.21726141
   0.16976418]
 [-0.08162781  0.26568394 -0.01775255  0.28200572 -0.41437042  0.26516845
   0.17526069]
 [-0.1809096   0.20333307 -0.38567689  0.00511548 -0.03113991 -0.18231072
   0.21604422]
 [-0.14505143 -0.15184592 -0.05699178 -0.30048295 -0.47707681 -0.16206488
  -0.28985539]
 [-0.1279215  -0.06796171 -0.30661649  0.31390437  0.10851741 -0.25234512
  -0.34358965]]
Singular Values 
[9.95922823 8.4378681  7.82819955 5.79488758 5.37889377 4.29887729
 3.89464789]
Singular Vector V (transpose) 
[[-0.54329968 -0.45019991 -0.19571253 -0.02552185 -0.5818677   0.01391757
  -0.35274213]
 [ 0.16103991  0.39734716  0.18754105 -0.67553722 -0.16974523  0.14337216
  -0.52468103]
 [-0.44582736  0.191952    0.62819833 -0.08720697 -0.08812568 -0.55194236
   0.22304191]
 [ 0.33619276 -0.71887865  0.12685602 -0.49522175  0.14107543 -0.2722929
   0.12167659]
 [-0.54779445 -0.09001789  0.05797837 -0.34780015  0.44400323  0.55870772
   0.24124343]
 [ 0.06782174  0.21257286 -0.34823414 -0.34620482 -0.50351447  0.03036775
   0.67426936]
 [ 0.24985085 -0.18031293  0.62543653  0.22209399 -0.39278801  0.53608807
   0.15130221]]

Kinase AURKA
Singular Vector U 
[[-0.18275377  0.02933888  0.00064464 -0.22034006 -0.03490009]
 [ 0.1509695   0.32196643  0.12211672  0.16497488  0.00153829]
 [ 0.03011907 -0.1894898  -0.38882593  0.08002681  0.31495831]
 [ 0.04265509 -0.42163887  0.25027478  0.10982977  0.31256766]
 [ 0.12698572  0.08528546 -0.12590442 -0.09378236  0.07737725]
 [ 0.29457938  0.30316053 -0.03406742  0.24484999 -0.0216087 ]
 [ 0.33366398 -0.28430873  0.09243932 -0.17767927  0.04145468]
 [ 0.01941073 -0.19115617  0.06739652  0.26182961 -0.56085526]
 [-0.01761869 -0.24683281 -0.16063953 -0.197414   -0.11890298]
 [ 0.42386972 -0.10124331  0.17957475  0.09615128  0.05151048]
 [-0.25560283  0.14642859  0.03484981 -0.28935481  0.02599637]
 [ 0.23129814  0.05699596  0.05389735 -0.4713174   0.37496373]
 [ 0.19699108  0.27060912 -0.24363159 -0.15616778 -0.00760683]
 [ 0.07176204 -0.07877922 -0.37328291 -0.12799461  0.01713928]
 [ 0.1670123   0.17236646 -0.19143158  0.11633431  0.11146201]
 [ 0.3503542  -0.08757017 -0.12441737  0.11767774 -0.11424178]
 [ 0.19030479  0.10418855 -0.04210491 -0.44741373 -0.33771156]
 [ 0.03567511 -0.16664167 -0.29453734 -0.00862424 -0.09148749]
 [-0.00619201 -0.42077343 -0.12062936 -0.1386287  -0.13453452]
 [ 0.24612698 -0.02887893  0.05721658 -0.18768992 -0.36108387]
 [ 0.07358776 -0.17933707  0.2428682   0.01652734  0.12599319]
 [ 0.28668946  0.03714591  0.37270882 -0.09591158  0.03277837]
 [ 0.21761511 -0.05007784 -0.35202744  0.22469527  0.08608565]]
Singular Values 
[9.65901245 8.54389082 7.01121449 4.45052593 3.72187294]
Singular Vector V (transpose) 
[[ 0.15102299  0.43128272  0.66924036  0.33605564  0.47997001]
 [-0.6978192  -0.28438521  0.55582486  0.06450803 -0.34506645]
 [ 0.37568227 -0.81134556  0.27462637 -0.13908501  0.32529514]
 [-0.21672551 -0.27167467 -0.3621836   0.83252319  0.2344165 ]
 [-0.54966654  0.03211722 -0.19125758 -0.41287505  0.69984992]]

Kinase PKD1
Singular Vector U 
[[-6.74830478e-02 -3.50819307e-01 -4.62446405e-02 -1.64710253e-02
  -1.42953302e-01  2.90057512e-01  4.44811932e-01]
 [ 8.06410715e-02 -1.28997799e-01 -4.07145581e-01 -2.00386282e-01
   2.06570134e-01 -2.30128796e-01  5.06585485e-02]
 [-1.22649100e-01  2.42299376e-01  1.38218622e-01  2.14422297e-01
   1.42731128e-01  1.45998889e-01 -3.80797903e-02]
 [-5.86192585e-02 -3.05071480e-01  6.79642316e-03  6.31938840e-02
   3.60335513e-01  8.46856967e-02  6.52953952e-02]
 [-2.28550264e-01  3.73098381e-02  3.23328622e-01  6.33594541e-05
   3.65666974e-01 -1.45526729e-01  4.72987037e-02]
 [-2.64692952e-01  3.58127479e-01 -1.34530408e-01 -2.11362519e-01
  -1.09246471e-01  2.61505234e-01  5.21529851e-02]
 [-2.32812799e-02 -2.53597563e-01  4.90596208e-01 -1.36405624e-01
  -3.89603427e-01 -5.10810160e-02  6.95796362e-02]
 [-2.80989653e-01 -1.27973795e-01  7.16108789e-02 -3.61124444e-01
   1.16577069e-01 -6.12509113e-02 -3.75819058e-02]
 [-2.40513692e-01  5.82902958e-02  1.41253650e-01  2.68260034e-01
  -3.38935151e-01 -3.07819800e-01 -1.59100514e-01]
 [-4.56272416e-01 -1.27609168e-01 -7.77477245e-02  7.26164257e-02
  -1.76504510e-01  3.00882685e-01  9.29289057e-04]
 [ 1.22098929e-01  1.06300044e-01 -1.68964743e-02  2.36749040e-01
   1.67473750e-01 -1.31782956e-01 -5.49386579e-02]
 [ 2.14489540e-02 -2.01414003e-01 -2.65099506e-01  2.57675632e-01
  -3.23861284e-01  3.07164339e-01 -3.00013744e-01]
 [ 4.75786229e-02  1.91686949e-01 -1.87589661e-01 -7.97058457e-02
  -6.11040011e-02  7.07534379e-02  3.90034533e-01]
 [-2.54577960e-01 -4.45779617e-02 -2.50990904e-01  6.22174030e-02
   1.78410275e-01  1.72332052e-01  1.07956375e-01]
 [-4.42874996e-02 -1.91868485e-01 -2.06918143e-01 -2.82525827e-01
  -1.68795810e-01 -2.27682265e-01 -3.62457605e-01]
 [-4.14100674e-01  1.53392558e-01  1.36779131e-01 -1.56781411e-02
   1.63839446e-02 -8.35193682e-02 -6.20703534e-02]
 [-3.11655943e-01  5.44066888e-02 -1.75434248e-01  1.50870598e-01
   2.41893132e-02 -2.72248483e-01  1.27698520e-01]
 [-5.69727347e-02 -1.53061733e-01 -1.79163986e-01 -3.46219676e-01
   1.34605732e-02 -8.61421848e-02 -1.82310117e-01]
 [-1.33259443e-02  5.66106065e-02 -1.64574242e-01  3.48791435e-01
   1.23270520e-01  1.35611692e-01 -2.67215754e-01]
 [-3.94902675e-02 -6.92415939e-02  2.53095034e-01 -2.25259049e-01
   2.90054324e-01  4.45563862e-01 -3.65533173e-01]
 [-9.95253806e-02 -8.66607592e-02 -8.07642676e-02  8.56113114e-02
   7.39540120e-02 -7.95572253e-02 -3.02590106e-01]
 [-3.65640834e-01 -1.52860243e-01 -1.28893989e-01  8.25077923e-02
   3.73064356e-02 -1.94781565e-01  1.04976982e-01]
 [ 3.23168122e-02 -5.12137618e-01  1.05190425e-01  3.11085415e-01
   1.59398390e-01 -7.24588337e-02  9.03215464e-02]]
Singular Values 
[10.72827374  9.2118633   7.10177685  6.80958408  6.15012161  4.71168416
  3.97000007]
Singular Vector V (transpose) 
[[-0.19148952  0.05334642 -0.5498495  -0.0270413  -0.54095011 -0.46513836
  -0.38527848]
 [-0.45600711 -0.40037143  0.3690411  -0.38448097  0.05650007  0.13531414
  -0.5711752 ]
 [ 0.65743397 -0.36771364  0.02660435 -0.36875316 -0.48833266  0.23951311
   0.00672793]
 [-0.15886702  0.39005014  0.66118763 -0.0602558  -0.53365837 -0.225407
   0.21499477]
 [ 0.39907386  0.0702407   0.29474714  0.61834145  0.00340246 -0.04441693
  -0.60382103]
 [ 0.00086572  0.68444278 -0.16981365 -0.23982286 -0.05345001  0.59729033
  -0.29252863]
 [ 0.3723848   0.27587817  0.08879627 -0.52150968  0.42196232 -0.54629016
  -0.16993685]]

Kinase CSNK2A1
Singular Vector U 
[[ 0.13948293  0.38235809 -0.08770365  0.08628698 -0.36818496  0.07151363
  -0.10801613 -0.45322457  0.08730856 -0.25323342  0.11934076 -0.15597195
   0.06814695  0.14640417 -0.1951709   0.11262599 -0.03111104  0.11454049
   0.28920091 -0.10349139 -0.02058786  0.28587997  0.28930072]
 [ 0.32616291 -0.30561544  0.04637884 -0.20667085  0.02576777  0.2325854
   0.02721865  0.00576948  0.02586449 -0.23108976  0.30338696 -0.35479886
  -0.42547435  0.07557045 -0.07339357  0.16632707  0.04058105 -0.0253257
   0.00502762 -0.33202291  0.09865075 -0.08516825 -0.28016564]
 [ 0.1213294   0.22924961  0.28790493 -0.01451306  0.06407222 -0.03295836
   0.14581336 -0.01118566  0.26838663  0.17534404 -0.07670395 -0.28992082
   0.27986557  0.09670157 -0.49917611 -0.03556209 -0.09021112 -0.17958446
  -0.18081388  0.14200144  0.3860973  -0.1422904  -0.1721903 ]
 [ 0.3121216  -0.31355752  0.05445411  0.04721148 -0.26032804 -0.24470254
   0.10075316 -0.01395443  0.29910722  0.29587894 -0.26315088 -0.22367693
   0.01566828  0.16546262  0.23836144 -0.12602579  0.01819784  0.45088853
   0.19287727  0.1196107  -0.04560859  0.03744362 -0.07640831]
 [ 0.32153046 -0.03237656  0.10797987  0.04016294 -0.22058804 -0.00918275
   0.29782639  0.03965733  0.12697727 -0.38081149 -0.0254543   0.59417249
  -0.16559038  0.01814312 -0.20918437 -0.27745195 -0.04776752  0.10138854
  -0.15436815  0.05276807  0.01698577 -0.18733443  0.0735252 ]
 [ 0.03440633  0.2267992   0.15410396 -0.40625788  0.20654129 -0.1737837
   0.16078844  0.08711111  0.13972142 -0.19879258  0.17276784  0.12650936
   0.15747338 -0.32433284  0.10044936  0.24912287  0.31405962  0.25556784
   0.33204831  0.17845872  0.09379038  0.06584109 -0.16144347]
 [ 0.11955317  0.24465986  0.27146215 -0.18914291 -0.26652542  0.45289955
  -0.03131973  0.18248198 -0.23660377  0.33996585 -0.21074686  0.04898932
  -0.12390914 -0.23799599  0.10448402 -0.04899586 -0.07401137  0.03194553
   0.26353295 -0.15161355  0.17352871 -0.20392602  0.17784699]
 [ 0.37833109 -0.01906126  0.06745945  0.30653057  0.02173732  0.17067563
   0.12039568  0.0362055  -0.05727928  0.29721112  0.47423843  0.11799284
   0.22764088  0.17823424  0.11206837  0.1268545   0.33814122 -0.23891849
   0.07665094  0.16771008 -0.20054774 -0.11716914  0.1026222 ]
 [ 0.21622342  0.21421919 -0.24224089  0.00878994 -0.18047792 -0.10538491
  -0.12701988  0.41050386 -0.27473246  0.04781403 -0.25701629  0.17025409
   0.03934704  0.28093188 -0.20659924  0.31110255  0.14973436  0.05636065
  -0.06964059 -0.1190468  -0.03183538  0.22361758 -0.36316645]
 [ 0.1260909  -0.09310286 -0.19321636 -0.66179575 -0.05910265 -0.19005121
  -0.21126742 -0.13963043 -0.04340459  0.14371193  0.14549886  0.13964334
   0.329815    0.21669034 -0.03945374 -0.12913017 -0.15600661 -0.09167792
  -0.01003717 -0.17039207 -0.13334818 -0.26757852  0.08919306]
 [ 0.20000832  0.07509902  0.22460411  0.03472881 -0.2889872  -0.3302203
   0.04436605  0.10822433 -0.25033419 -0.3479655  -0.0694142  -0.2714974
   0.13449986 -0.17540988  0.30167136 -0.03587997 -0.21904064 -0.43051031
   0.03921821  0.11264795 -0.16804726 -0.05607193 -0.11876922]
 [ 0.2386925   0.38128191 -0.36061368  0.01978715  0.14920819 -0.14501824
  -0.128126   -0.18530115 -0.04382376  0.18912727  0.04445499 -0.08602342
  -0.39152309 -0.22069511 -0.04930332 -0.42945424  0.12258446 -0.059463
   0.05416175  0.18860567 -0.09319141 -0.10798024 -0.24460777]
 [-0.06674273 -0.00861733  0.41702221 -0.18652458  0.04018528 -0.20824184
   0.01108742 -0.06301526 -0.48409369  0.12252565  0.19649631 -0.04511231
  -0.31663398  0.26548159 -0.1719361  -0.0216958  -0.05784952  0.20451819
  -0.10497887  0.35115804 -0.0510791   0.20349631  0.15296008]
 [ 0.14457384 -0.02785467 -0.06210238  0.1796624   0.30865569 -0.15383273
  -0.18357     0.09644588 -0.2997749  -0.28828283 -0.12544886 -0.13132287
   0.12566091  0.22173336  0.07373399 -0.18731802  0.2472625   0.13921285
   0.16614142 -0.0877535   0.43778324 -0.27904364  0.28892272]
 [ 0.05701509 -0.23465794  0.12345583 -0.17208202 -0.0010928   0.32090693
  -0.17501     0.03330206 -0.04831084 -0.17305143 -0.25379057 -0.16224331
   0.21404165 -0.14205639 -0.27007924 -0.33883958  0.44563433 -0.05410484
  -0.04790128  0.12211304 -0.32932324  0.2393149   0.03000623]
 [ 0.1874346   0.27532689 -0.05349214 -0.23080123  0.09780639  0.15325361
   0.25188876 -0.13176342  0.02821106 -0.02190494 -0.13169661 -0.08664161
   0.01428549  0.14121358  0.47908777 -0.02721342  0.14316515  0.00319768
  -0.57002121 -0.05541837  0.11913234  0.24332037  0.14364475]
 [ 0.07184942  0.01137738 -0.16076661  0.01658513  0.1521525   0.01466693
   0.38031689 -0.21210476 -0.23199689 -0.01700154 -0.29392698 -0.18446751
   0.02969886 -0.14049915 -0.20651727  0.37335719 -0.01882344  0.19689081
  -0.0805099   0.0181602  -0.37591403 -0.41360878  0.14169297]
 [ 0.19325389 -0.26506257 -0.00327342 -0.01156907  0.02640002 -0.36943791
   0.13927613 -0.19297153 -0.076005    0.24146276 -0.14319992  0.13828973
  -0.11169867 -0.32829485 -0.16379402  0.11934091  0.18220753 -0.3287885
   0.0394974  -0.27663769  0.22466246  0.31469977  0.25396421]
 [ 0.14284711  0.17414698  0.29985954  0.11647664  0.48356778 -0.02673533
   0.13088233  0.02397005  0.001369    0.03624188 -0.04521427  0.06872248
   0.10016052  0.11592885 -0.0052371  -0.23036741 -0.26426446  0.06911089
   0.19732233 -0.47732748 -0.3317546   0.21580979 -0.10417476]
 [ 0.17191376  0.10206518 -0.03913082  0.05837262 -0.0107857  -0.17180152
  -0.22646146  0.47752446  0.1802612   0.03323304  0.27067998 -0.20018704
   0.00364093 -0.33111381 -0.12712299  0.02184812 -0.10876411  0.25111065
  -0.31860537 -0.11374296 -0.142171    0.02632605  0.40333157]
 [ 0.06130395 -0.02193673  0.29853199  0.20571521 -0.10184609 -0.04889068
  -0.3737144  -0.4062004  -0.17127124  0.04037516  0.07236374  0.14431838
   0.19366628 -0.26368835  0.07584933  0.06971859  0.09874226  0.29410719
  -0.33397228 -0.19694218  0.05671681 -0.13532548 -0.32266629]
 [ 0.3671434  -0.0668954   0.08629079 -0.02767529  0.32837148  0.13351906
  -0.46286744 -0.09356613  0.19602253 -0.06894769 -0.26681961  0.16969784
  -0.12159122  0.01586719  0.06779935  0.32980664 -0.28164239 -0.12866042
   0.0273132   0.35008607 -0.01905928  0.04600223  0.10308711]
 [ 0.21363404 -0.20841892 -0.3231284   0.03065821  0.06912841  0.23946825
   0.18093373 -0.00873739 -0.32582065 -0.00191045  0.1732197  -0.00735449
   0.31128457 -0.23811516 -0.04523308 -0.1177385  -0.41298462  0.18610705
   0.03156632  0.19846289  0.246999    0.29096921 -0.1168681 ]]
Singular Values 
[18.15270793 14.44349125 12.63544514 11.41014944 10.83360135 10.65076149
  9.8321612   9.15104445  8.76477904  7.43567396  7.08063538  6.97561235
  6.69917357  6.54463032  5.69626098  5.48527735  4.8225012   4.5444224
  3.81744033  3.36656145  2.56799745  2.13377258  2.01397225]
Singular Vector V (transpose) 
[[ 1.09363136e-02  7.40306904e-02  1.00504013e-01  1.76911567e-01
   8.94891796e-02  1.22897417e-01  1.22150384e-02  2.05637886e-01
   1.83891630e-01 -3.37008734e-02  4.82873074e-02  7.54395994e-02
   2.15632685e-01  2.63891866e-01  2.05846723e-01  3.04997314e-02
   1.81195603e-01  2.00300987e-01  2.75835898e-01  1.80859121e-01
   3.12848491e-01  4.63090525e-02  2.48351656e-01  3.17784730e-02
   1.42168565e-01  7.24309097e-02  2.73581309e-01  2.20926245e-01
   4.49855307e-03  1.17272933e-02  2.46289548e-01  3.10518947e-01
   1.85019414e-01]
 [ 1.21640372e-01  2.26546746e-01  9.86088640e-02 -6.57570938e-03
  -2.16316478e-01  2.64810333e-01  1.06426401e-01  8.12972204e-02
   4.54646348e-01 -8.39554424e-02 -1.52369351e-01  2.36401827e-02
   5.58448135e-02 -8.48717139e-02 -6.92625201e-02  1.29332016e-02
  -9.24248322e-02 -1.08684240e-02 -2.28902317e-01  1.57056236e-02
   7.09844767e-02 -2.13955702e-01  1.54759053e-01  1.54997555e-01
  -2.30177753e-01 -4.49835438e-02  2.20028578e-01 -2.25544056e-01
   2.95085204e-01  5.08212679e-02 -2.10190131e-01  1.13159911e-01
  -2.74629900e-01]
 [-3.47304543e-02 -1.15087361e-01 -5.32277439e-02 -1.74787303e-01
  -9.54593979e-02  1.37311949e-01  2.55628918e-01  1.75891232e-03
   5.41252096e-02 -1.88025736e-02  1.34248452e-01  2.43226301e-01
  -2.54582352e-01 -8.88801033e-02  2.48810449e-01 -4.28813383e-03
   1.31477959e-02  3.96025247e-02  2.16527463e-01 -7.75572779e-02
  -2.40249148e-01 -2.41583325e-02 -6.24932587e-02 -1.41123168e-01
   5.40421311e-02  3.54914583e-01 -1.06628755e-01  3.11592302e-01
   5.03448144e-01  1.01565433e-01 -5.48701781e-02  3.29859838e-02
  -4.19914796e-02]
 [-1.65320099e-01 -1.77097347e-01  3.95128062e-02 -8.58403589e-02
  -2.19340413e-01  8.58740161e-02  8.32295866e-02  5.56041032e-02
  -8.81290253e-03  7.15783695e-02  2.67633581e-01  5.59474657e-02
  -1.27661212e-01  1.52679852e-01 -3.80256462e-01 -1.03376710e-01
   1.12520858e-01  1.20187783e-01 -3.38369612e-01 -4.89060215e-02
   1.00514960e-01 -1.43056161e-01  3.20709634e-01 -2.49800554e-01
  -1.77554116e-01  1.89760199e-01 -2.84242793e-02  3.61666190e-02
  -3.02127464e-02 -3.47668720e-01  1.76127491e-01 -5.91353402e-02
   1.62029178e-01]
 [-1.28166543e-01  2.94476535e-01  4.37756320e-02 -3.46335144e-01
   7.96297253e-02 -2.35454491e-02  3.50587429e-02  1.43009918e-01
  -2.23077893e-02 -5.15257837e-02  1.80191665e-01  2.75559006e-02
  -5.35791682e-02 -2.71883154e-01  2.73536727e-01 -1.42340546e-01
   3.12043031e-01 -2.78830058e-01 -9.84130569e-02  3.51315889e-01
   5.78661220e-03 -7.33168953e-02  1.60741458e-01  2.91848032e-01
  -9.27540774e-02 -3.98877801e-02 -2.28219408e-01 -4.85579022e-02
  -5.57261228e-02 -3.90692420e-02  1.67910963e-01 -8.86370096e-02
   9.05282323e-02]
 [-3.22828218e-01 -2.79458906e-01 -4.19984020e-02 -1.31496807e-01
   2.49582876e-01  2.81909539e-01 -9.71132532e-02 -1.50153665e-01
  -4.10766897e-02 -5.27237339e-02 -9.90177138e-02  5.24188353e-02
   2.44929887e-01  1.59674310e-01  1.56692884e-01 -2.66676684e-01
  -1.73730323e-01  2.67896914e-01 -1.84642555e-02  1.90200105e-01
  -2.45517511e-01 -1.43260370e-01  3.85763951e-02  7.39003032e-02
  -1.07424220e-01 -3.35036728e-01 -9.30731733e-02  2.73610034e-02
   1.16763572e-01 -1.97164076e-01 -9.98789754e-02  6.87612522e-02
  -8.98884642e-03]
 [ 9.00081066e-02 -3.17800758e-01  3.84745566e-02  1.63265849e-01
  -2.20164968e-02 -5.87479892e-02 -2.24281997e-01 -1.33980454e-01
  -6.85890754e-02 -1.23983225e-01 -5.68014882e-03  1.28392353e-01
  -2.36011945e-01  1.81645932e-01  2.54456642e-01 -2.73126969e-01
  -2.72525562e-01 -1.58378829e-01 -4.37692290e-02  7.02966600e-02
   2.87183519e-01 -9.58447287e-02 -3.37637301e-02  2.43589542e-01
  -2.54892725e-01  3.38545696e-01 -1.71045226e-02 -1.78405262e-01
  -2.50540987e-02  1.37353715e-01  1.80961588e-01  1.16327470e-02
  -5.92527689e-02]
 [ 1.03466513e-01  4.56190609e-02 -1.00283396e-01 -1.03352436e-01
  -1.00498505e-02 -1.70859292e-01  2.66750245e-01 -3.46743169e-01
  -6.28474861e-03  1.73076829e-01  1.03651135e-02  2.43003997e-01
  -2.03656650e-01 -7.33298314e-02 -6.62974501e-02 -1.88055147e-01
   1.40114443e-01  1.23265889e-01  2.04267502e-01 -1.48954276e-01
   1.52963482e-01 -2.70901404e-02  1.16529335e-01  9.50273909e-03
  -3.33871692e-01 -3.28063909e-01 -1.76874387e-02  1.28858495e-01
  -2.29929629e-01  1.36974477e-01 -2.60779195e-02  3.34705349e-01
  -1.14615239e-01]
 [-3.00824278e-02  1.64168950e-01 -3.53509177e-01 -6.35353372e-02
   5.42493106e-02  2.26692492e-01 -3.33150435e-01 -4.67073518e-02
   4.77132621e-02 -2.69089305e-01  1.05424119e-01 -2.29039872e-01
