Method Singular Value Decomposition(One of the PCA methods)
X = U(SIG)V*

X shape (nxm)

U shape (nxn)

(SIG) shape (nx1)

V shape (nxm)

Kinase AURKA
Singular Vector U 
[[-0.19350024  0.14207146 -0.16012258 -0.15901535 -0.16828847]
 [-0.22405071  0.28519396  0.21508758  0.26007249 -0.20992974]
 [-0.23748233 -0.07449403  0.02128555 -0.35143815  0.0611628 ]
 [-0.1992385   0.42575911  0.26628259 -0.02530004 -0.02014617]
 [-0.26979562 -0.02380321 -0.12410968 -0.30489353  0.16719085]
 [-0.15535575 -0.13725468  0.25466628 -0.22390455 -0.28659196]
 [ 0.00263098  0.13484164  0.40258438  0.01933062  0.05995435]
 [ 0.19557829 -0.15525754  0.12996899 -0.08542827 -0.16855382]
 [-0.33818394 -0.22199532  0.16055419  0.23709197 -0.12954301]
 [-0.01671538  0.17959554  0.03959649  0.1133675   0.2478088 ]
 [-0.29358368  0.08109411  0.10989369  0.0498516   0.42497477]
 [-0.1990989   0.26173565  0.21444178 -0.13166818 -0.25390574]
 [-0.0693549   0.23357459 -0.23899056  0.06195416 -0.22068616]
 [ 0.12819971  0.16229617 -0.11890722  0.01865242 -0.48521265]
 [ 0.21828137  0.24957454  0.15625368  0.14600515  0.12667902]
 [ 0.11529545 -0.4406066   0.16188802  0.15974397 -0.17488247]
 [-0.29133017  0.0460623  -0.34884891 -0.00200857 -0.09948925]
 [-0.24243406  0.03527616 -0.35339628  0.32446088  0.07532019]
 [-0.10350152 -0.10890454  0.16491004  0.54327646  0.09136046]
 [ 0.00173154 -0.02985272 -0.2152787  -0.0113446   0.1940696 ]
 [ 0.09141028  0.07305607  0.16755088 -0.24806359  0.2423801 ]
 [-0.37261918 -0.27561202  0.01530539  0.05733065 -0.06914319]
 [-0.23844001 -0.24210241  0.20444136 -0.1639359   0.04724183]]
Singular Values 
[9.54693867 8.62120456 7.35378515 6.56325068 5.42164243]
Singular Vector V (transpose) 
[[-0.24733095 -0.883367   -0.07911131 -0.01636181 -0.38982538]
 [ 0.4230581   0.13422525 -0.23459034  0.66505048 -0.55288395]
 [-0.61046686  0.23782813  0.62077148  0.31745664 -0.29091586]
 [ 0.19291969 -0.36752777  0.32390144  0.58139224  0.62030336]
 [-0.59157539  0.10003719 -0.66965618  0.3444481   0.27008742]]

Kinase IKBKB
Singular Vector U 
[[ 0.08746243 -0.14752787 -0.15895966 -0.31835455  0.01353067  0.03868045
  -0.32914927]
 [ 0.25134624  0.06168169  0.23989023 -0.24686557  0.07162699  0.38134753
  -0.23373537]
 [-0.13506743  0.15336289  0.30805274  0.06452168 -0.13804432  0.00337414
   0.13595548]
 [ 0.16960799  0.24857868 -0.00295408  0.22593453 -0.06517454  0.11249854
   0.28892624]
 [-0.06430103  0.32859405  0.0179509  -0.1686714   0.32234555 -0.22767087
  -0.13116501]
 [ 0.08194522  0.42432723  0.13226952 -0.32517763 -0.39432899 -0.40093741
  -0.00620848]
 [ 0.40581597 -0.20109762  0.11346368 -0.15933155  0.22496179  0.06247286
   0.10379111]
 [ 0.01401905  0.12633739 -0.08155239 -0.42220144  0.03122836  0.29162178
   0.48860309]
 [-0.04711212  0.19264472  0.31301127  0.2005104  -0.0761894   0.13010795
  -0.27286357]
 [ 0.22440861  0.07709352 -0.05564237 -0.05232658 -0.27933692 -0.0473151
   0.13501805]
 [ 0.30734803  0.123638    0.33072889  0.01977308 -0.00366719 -0.21633252
  -0.055476  ]
 [-0.07752934  0.21937848  0.01642706 -0.27854469  0.17350035  0.1802773
   0.06111824]
 [ 0.25711604 -0.05856121  0.21507999  0.20054143 -0.02939468  0.05505238
  -0.05505218]
 [ 0.31628983  0.26007609 -0.27429112  0.1768177   0.10119781 -0.18830444
  -0.07404329]
 [ 0.12811425 -0.2955892   0.2847776   0.08774845  0.3906445  -0.41109176
   0.0941582 ]
 [ 0.02561944 -0.4006912  -0.12964317 -0.19270372 -0.2072416  -0.06527383
  -0.006816  ]
 [ 0.01370523  0.26324714 -0.00194805  0.06088068  0.50298323  0.21932071
  -0.0315456 ]
 [ 0.39131594 -0.06356727  0.07493923 -0.23923542 -0.01846894 -0.06811961
   0.1030672 ]
 [ 0.39887429 -0.01960403 -0.22110991  0.25153481 -0.08993159  0.24282145
   0.02856987]
 [ 0.15350462 -0.04518984  0.07864258 -0.05422418 -0.20145531  0.15083812
  -0.34956642]
 [ 0.11030435  0.04928432 -0.40184891 -0.09360244  0.17291899 -0.30355494
  -0.01853715]
 [ 0.0693656  -0.02708403  0.06417449  0.19558029 -0.05592356 -0.01121954
   0.43544671]
 [-0.13116255 -0.20074228  0.35849401 -0.18239396  0.06897038 -0.04403401
   0.16372761]]
Singular Values 
[10.57673167  7.82653771  7.08595764  6.43587745  5.26152253  4.73201541
  4.40030997]
Singular Vector V (transpose) 
[[ 0.37416251  0.46440073  0.35931275  0.23796437  0.42904855  0.38031481
   0.36038823]
 [ 0.2973775  -0.4213488   0.20058732 -0.68553256 -0.13936532  0.36234165
   0.27042092]
 [ 0.24755555 -0.30200868  0.16799205  0.54900773 -0.46582168  0.4481895
  -0.31624757]
 [ 0.45229949  0.44199035  0.30189246 -0.18562207 -0.49484393 -0.45598526
  -0.14724817]
 [-0.6937036   0.21601105  0.60646686 -0.13019415 -0.19720971  0.21057266
  -0.06426092]
 [ 0.14035406 -0.35749884  0.49786747 -0.02479153  0.52709619 -0.27861539
  -0.49854965]
 [ 0.06918474  0.38179344 -0.30923232 -0.34639268  0.1338366   0.4396651
  -0.65009006]]

Kinase RPS6KA1
Singular Vector U 
[[-0.35530304  0.13315269  0.09025921 -0.05215042  0.08807594  0.11903037
   0.15633983]
 [-0.18317266 -0.20946375  0.2689981   0.03197772 -0.2814698  -0.18461947
   0.43452969]
 [-0.03706564  0.06522509 -0.18009073 -0.22724876 -0.09858235 -0.29149124
   0.17720779]
 [-0.02483244 -0.04295207 -0.17883908  0.34664931  0.00353335 -0.50435172
  -0.29299743]
 [ 0.28171444 -0.11925604 -0.00552851 -0.21225948 -0.25325662  0.36509374
  -0.07515553]
 [-0.20742547 -0.01395351 -0.0078642   0.05381298  0.23400767  0.12675075
   0.00757399]
 [-0.17748976  0.11200305 -0.19444115 -0.31897632  0.29748899 -0.1774028
  -0.03502204]
 [-0.28988969  0.02225129  0.3973688   0.0517427   0.07822143 -0.12960834
   0.04966522]
 [ 0.13779833  0.05488219  0.04067951 -0.23364019 -0.16403949  0.06889016
   0.4518302 ]
 [-0.37124304  0.14021293 -0.04673456  0.0424358  -0.26232727  0.07063998
  -0.18512141]
 [-0.06409289  0.43909001  0.01447857  0.33906848  0.10898636  0.27637742
   0.1336394 ]
 [ 0.10356677 -0.02106795 -0.1817686  -0.23823641 -0.3963175  -0.22802446
  -0.20019712]
 [ 0.2756726   0.35116748  0.32410371 -0.13555309  0.1107708  -0.22403954
  -0.06896817]
 [ 0.1527329   0.02507815  0.14267614 -0.2889105   0.10247958 -0.01632897
  -0.03246586]
 [ 0.01747015  0.13792986  0.17641768 -0.25989908  0.23133766 -0.24203441
  -0.01872102]
 [ 0.19366814  0.10396316  0.33567725  0.31976438 -0.16018629 -0.11861111
  -0.06205412]
 [ 0.12641368  0.42206324 -0.38370996 -0.01781799  0.09012732 -0.09640352
   0.11081167]
 [-0.32074798  0.35992441 -0.02838854 -0.04153098 -0.3261735  -0.00952963
  -0.16862578]
 [ 0.24435854  0.0672266  -0.20942237  0.287658   -0.13293006  0.12133061
   0.012963  ]
 [ 0.17841719  0.27460281  0.32236911  0.02934299 -0.25092974 -0.11858081
  -0.08097244]
 [-0.20458496 -0.30285066  0.02681007 -0.01855047 -0.13051596 -0.1126979
  -0.14847797]
 [-0.14275067  0.19178298 -0.18820728 -0.03383051 -0.31397538 -0.06765234
   0.32043829]
 [-0.13738541  0.13796804  0.14500135 -0.29186396 -0.11129825  0.31322615
  -0.4260954 ]]
Singular Values 
[10.08097503  8.98340397  8.48676844  6.97829724  6.52466104  4.93423561
  4.39897995]
Singular Vector V (transpose) 
[[ 0.23452483  0.272147   -0.63742358  0.15828495 -0.44560524 -0.48920784
   0.04102224]
 [ 0.63425308  0.48046805 -0.11136539  0.12943928  0.36145669  0.43910196
   0.11939531]
 [-0.04162473 -0.15871963 -0.10888868 -0.23772821 -0.35533906  0.34835156
   0.81061048]
 [-0.58354622  0.69937285 -0.11520339 -0.35345528  0.16798247 -0.0027012
   0.06263837]
 [-0.44547563 -0.1113084  -0.39621179  0.69946243  0.11961839  0.35859561
   0.00557245]
 [ 0.04482041 -0.37901649 -0.63006841 -0.52517924  0.29452815  0.17198576
  -0.25536693]
 [-0.00221708 -0.1572549  -0.04680149  0.10809754  0.6443956  -0.5369722
   0.5077457 ]]

Kinase CDK6
Singular Vector U 
[[-0.18954881 -0.04169454 -0.11436192  0.12572325 -0.24359982]
 [ 0.03868446  0.26309478 -0.265003    0.3160832   0.13595905]
 [-0.28130041 -0.30419316 -0.17398938 -0.08181419 -0.23031543]
 [-0.40569885 -0.04109896  0.30205066 -0.25543589 -0.10881825]
 [-0.14525146  0.23558667  0.0010921   0.03195718 -0.23654704]
 [-0.33273151 -0.10759455  0.13123778  0.17472298  0.15832771]
 [-0.22008501  0.34991307  0.15677244 -0.36540076  0.17375708]
 [-0.22731404  0.37155113 -0.0421945   0.22177003  0.00064455]
 [-0.17963551  0.21016112 -0.21774511 -0.31727481  0.1994085 ]
 [ 0.1073209   0.16750875  0.37279294 -0.02711891 -0.23312569]
 [-0.15732832 -0.17077015  0.16077877  0.05350805  0.5140034 ]
 [-0.05143151 -0.12680929 -0.1271964  -0.13820382 -0.18040144]
 [ 0.00658754  0.12761951 -0.21020425 -0.09031187 -0.41196069]
 [-0.38015243  0.00323127 -0.27493742  0.09934571  0.02729668]
 [-0.12505157 -0.24370633  0.0556142  -0.047407   -0.01114929]
 [-0.37873598 -0.22207895 -0.26649699  0.15661493 -0.02660597]
 [-0.19706301 -0.09317841  0.30894816  0.20793527  0.04527371]
 [-0.0793901   0.12685357  0.17217689  0.23350421  0.09990113]
 [-0.04517264 -0.08309196  0.06977368 -0.15587334  0.07395557]
 [-0.03188215 -0.00778153  0.20458658  0.41808003 -0.31296851]
 [-0.14916044  0.4125693   0.02582654  0.21883989  0.04832929]
 [-0.1571693   0.25062491 -0.07703098 -0.27850373 -0.11255726]
 [-0.13026542 -0.0029937   0.3884333  -0.0873352  -0.23124795]]
Singular Values 
[10.91387497  7.88411414  7.27829476  6.25697238  5.37567471]
Singular Vector V (transpose) 
[[-0.59009449 -0.56443443 -0.32982075 -0.32125258 -0.34816277]
 [ 0.55832589 -0.45992278 -0.58540364  0.36575521  0.01639946]
 [-0.31707158 -0.05966478  0.25369923  0.83179459 -0.37371137]
 [-0.25755415 -0.45425067  0.23345238  0.15952711  0.8045951 ]
 [-0.41616363  0.50988358 -0.65548267  0.21374932  0.30245706]]

Kinase HIPK2
Singular Vector U 
[[-0.38712983 -0.17234083  0.08615614  0.00150715]
 [-0.04658544 -0.3163996  -0.34346365  0.0083627 ]
 [ 0.05262007 -0.21496512  0.43360481 -0.18090892]
 [-0.06058325  0.10397932  0.31875     0.04915987]
 [ 0.00981736 -0.13077623 -0.00069924  0.24120159]
 [ 0.16054321  0.17382446  0.29976136  0.22338525]
 [-0.23296338  0.08771352 -0.33101185  0.02365124]
 [ 0.04141232 -0.31647981 -0.16455938  0.26533702]
 [ 0.07363134  0.42113658 -0.23224347  0.25406232]
 [-0.29017357  0.16281668 -0.09841427  0.42491825]
 [-0.26447028  0.23093825 -0.07079415 -0.05838091]
 [-0.31399494  0.10237627  0.02869292  0.09721123]
 [ 0.07022623  0.02262856  0.05169027  0.1860248 ]
 [-0.29160463  0.06923868  0.07964759 -0.32275582]
 [-0.36312679 -0.07366658  0.07838657  0.16043909]
 [ 0.00113514 -0.17011636  0.27514247  0.24979988]
 [-0.26199685  0.21980152  0.24401023 -0.23317477]
 [-0.18045287 -0.23773845 -0.08762879 -0.09320498]
 [ 0.05276438 -0.40796136 -0.02235069  0.08797224]
 [ 0.03521832  0.03698569  0.29286098  0.45131005]
 [-0.01814131  0.07415204 -0.18467537  0.08911591]
 [ 0.14116159  0.2415663  -0.01885098 -0.03946072]
 [-0.39267163 -0.11900076  0.10109866  0.12994495]]
Singular Values 
[9.22884348 7.36479344 7.10418626 5.01532421]
Singular Vector V (transpose) 
[[ 0.02658634 -0.27103174 -0.32064647 -0.90720494]
 [ 0.46903794 -0.12841453 -0.80617157  0.33704676]
 [-0.10088027  0.93594355 -0.28395803 -0.18221054]
 [ 0.87699473  0.18455671  0.40821694 -0.17371816]]

Kinase RPS6KA3
Singular Vector U 
[[ 0.24042929  0.05502532  0.01063218  0.30391421]
 [ 0.18701176 -0.2972472   0.0169378  -0.42187745]
 [-0.28781472 -0.30888015  0.10057321 -0.0577933 ]
 [-0.01542924 -0.22949033 -0.04176132  0.01850176]
 [-0.03217296  0.22754232  0.04426879 -0.31492392]
 [-0.0364881   0.09149061 -0.09534243 -0.01024374]
 [-0.1067284  -0.38677997 -0.33425049  0.24833391]
 [ 0.29112738 -0.05020241 -0.02196802  0.18223152]
 [-0.0007959  -0.28234162  0.12587485  0.00094044]
 [ 0.20879567  0.22302591  0.25606238  0.04954663]
 [ 0.05383985 -0.33321213 -0.0364666  -0.31885601]
 [ 0.30049792 -0.37974944  0.01905877  0.21312896]
 [-0.15317883  0.06202791 -0.07862658  0.23997018]
 [-0.3576179  -0.04128648  0.14257585 -0.03528918]
 [-0.29418069 -0.07506639  0.22787997  0.43754258]
 [ 0.38329062 -0.16535635  0.15584117  0.16112461]
 [-0.42245585 -0.19195609  0.06299176  0.05237382]
 [ 0.02998696 -0.10288549  0.56310756  0.05266565]
 [ 0.00898145 -0.0535763   0.21626506 -0.04486746]
 [-0.07479281  0.17021022  0.43235537  0.06168042]
 [ 0.0451037   0.00256166  0.11824779 -0.1633224 ]
 [ 0.12707269 -0.11645188  0.18124478  0.09726824]
 [-0.02838119 -0.17946967  0.2776003  -0.24198973]]
Singular Values 
[8.30859713 7.99660277 6.06557597 4.74112185]
Singular Vector V (transpose) 
[[ 0.05012091 -0.55765215 -0.51004139  0.65296994]
 [-0.97557564 -0.19015276 -0.02505383 -0.10708127]
 [ 0.04678677 -0.48498845  0.84009102  0.23842039]
 [-0.2086889   0.64626017  0.18296765  0.71085834]]

Kinase AKT1
Singular Vector U 
[[ 0.15316726  0.14562042 -0.04375354 -0.35153244  0.39061018  0.16720777
  -0.25974615  0.01034304 -0.02226904  0.05690673 -0.49337126  0.07116798
  -0.25610529  0.13600277  0.15544461 -0.30657323  0.03917047  0.11454086
  -0.11604236  0.0199129  -0.24281457  0.04586958  0.19417732]
 [ 0.2460796   0.23668901 -0.09821334 -0.06186053  0.02721635 -0.25618227
  -0.46666516 -0.14894481  0.22570683 -0.02911058  0.1229775   0.13008773
   0.2049051   0.09202616 -0.10857966  0.27296879  0.32024746 -0.25721512
  -0.13544621 -0.1014316   0.20001816  0.09365939  0.31127864]
 [ 0.30772357  0.17547843 -0.30784342  0.13740717  0.18303395  0.01461873
   0.30185585  0.20658572  0.07206573  0.02892543  0.1813671   0.53392367
   0.18012241  0.29960631 -0.05461789 -0.03360328 -0.07610176 -0.07353134
   0.06677034  0.05886658 -0.29998049  0.00790706 -0.18402117]
 [ 0.18112185 -0.02061544  0.00298922  0.07704834 -0.40097128 -0.14872694
  -0.30960992  0.54311337  0.06562385  0.01895437  0.05874542 -0.11930668
  -0.14881047 -0.22070618 -0.05792961 -0.22422358  0.00185889 -0.12724653
   0.1101288  -0.02413116 -0.34951654  0.29829088 -0.01458186]
 [ 0.25885545 -0.18203161 -0.26938896 -0.27713781 -0.37933031  0.17375298
   0.14532161 -0.05025438 -0.023026   -0.22442928 -0.21322123  0.08646305
   0.24394884 -0.05801925 -0.18078731 -0.14088219 -0.31464653  0.01764013
  -0.20858248  0.17524302  0.29081808  0.20747722  0.17988277]
 [ 0.07750333 -0.11547019  0.01013146  0.07094307  0.26422085  0.46308949
  -0.13691931 -0.00313687  0.22312021  0.1202316   0.20299513 -0.15293888
  -0.08392594 -0.02225836  0.26660321  0.24212232 -0.37240515 -0.34928158
   0.10667833  0.17550099  0.07552788  0.31169511  0.02656239]
 [ 0.16843633 -0.25790813 -0.2868556   0.19704369  0.19400302 -0.05961813
   0.24198133  0.12926601  0.28293723  0.1874641  -0.08266237 -0.23184711
   0.04999801 -0.20165294 -0.00781554 -0.2353362   0.08490961 -0.14520531
   0.15751113 -0.14729025  0.09374053 -0.37725806  0.40895528]
 [ 0.17541414  0.15482052 -0.39892885  0.20241301 -0.23001679  0.09367308
   0.01036773 -0.20590583 -0.06944596  0.08335172 -0.25367178 -0.3980448
  -0.25647584  0.3309372  -0.07000927  0.03899842  0.1868943  -0.21498114
   0.02378619  0.0484764   0.06519236 -0.02690647 -0.36829512]
 [ 0.19026997 -0.28812746 -0.07734709 -0.22442821  0.19700988 -0.31087116
   0.10518844 -0.26932207 -0.27915771 -0.02645137  0.28473057 -0.18089556
   0.11676328  0.02749144  0.21030427 -0.26487241  0.25150069 -0.00961598
   0.24259217  0.156486   -0.03214904  0.36449417 -0.06004135]
 [ 0.18865053  0.35486259  0.00821155  0.33045999  0.29366241 -0.13644168
   0.15629352  0.01197305  0.00203186  0.00462638 -0.05411734 -0.24638186
  -0.04606856 -0.26085699 -0.29284658  0.11921292 -0.06901847  0.41588686
  -0.09481632  0.24945228  0.05611609  0.3233135   0.09678287]
 [ 0.14562634  0.33693902 -0.05453027 -0.23192164 -0.08600084  0.06259561
   0.10205339  0.04481968 -0.30132737  0.37758562  0.19082672 -0.31519774
   0.32096085 -0.11187775  0.22955577  0.06768196 -0.1623527  -0.01169445
  -0.31601953 -0.26959729 -0.16938417 -0.11951397  0.02832469]
 [ 0.20098458  0.05053913  0.11066947  0.06693168  0.08275997 -0.01582358
  -0.19098503  0.19795938 -0.00750905 -0.51649386  0.14983786 -0.26989831
   0.16048412  0.13722032  0.20327503 -0.08746092 -0.04588756  0.0300994
  -0.14695734  0.41096514 -0.00780567 -0.45165054 -0.06586008]
 [ 0.30321969 -0.13528178  0.22404498 -0.03949763 -0.0230428   0.30873062
   0.16250697 -0.07697809 -0.02253818 -0.32695047 -0.22395438 -0.11760411
   0.19810584 -0.0960958  -0.08752852  0.391588    0.25894606  0.01656084
   0.23347404 -0.24054369 -0.38276069  0.02764316  0.04448067]
 [ 0.13615493  0.07107446 -0.13200197 -0.07683209 -0.2076848   0.36343844
  -0.13383059 -0.15952349 -0.15119845  0.08033361  0.47304563  0.07169033
  -0.32684766  0.02707967 -0.17687186 -0.02145981  0.08181004  0.33337038
   0.24833731  0.10641458 -0.04619413 -0.21299515  0.31407914]
 [ 0.23979437  0.1538075   0.18170191 -0.46457459 -0.06871715 -0.16492961
   0.21338071  0.10612783  0.1474314   0.22271432 -0.09497817  0.09691676
  -0.20819365 -0.28053323  0.0196655   0.23216735  0.08456076 -0.14109609
   0.20400314  0.36841679  0.15825432 -0.21583683 -0.19788484]
 [ 0.22828646 -0.17359939  0.18641568  0.04676222 -0.05247564 -0.0656505
  -0.22052742  0.20519242  0.0072811   0.34566285 -0.16795478 -0.05610693
   0.26800789  0.40791202  0.05039643  0.09724166 -0.14517419  0.41184589
   0.33386423 -0.07067073  0.26522084 -0.0096919  -0.06568096]
 [-0.15146844 -0.08183549 -0.06212248 -0.26910968  0.13379261 -0.33519093
   0.03894455  0.05871023 -0.12797302 -0.08561661  0.0268377  -0.23333681
  -0.1436242   0.3213637  -0.41995185  0.24610327 -0.41105671 -0.17856107
   0.12111868 -0.00854786 -0.23101345 -0.07208966  0.21213889]
 [ 0.13820276 -0.20721084 -0.23807157  0.05214159  0.11037983 -0.08444672
   0.03909077  0.37054057 -0.42588387 -0.1666924  -0.00390576  0.14076857
  -0.35703176 -0.05740272  0.26411517  0.37088935  0.07398045  0.06568245
  -0.1602789  -0.20191207  0.27079284  0.02417752  0.05646354]
 [-0.00518767 -0.07817719 -0.07671305 -0.35436222  0.09110722  0.07681486
   0.13367085  0.16861766  0.52468216 -0.12927567  0.27955174 -0.22091589
  -0.14344944  0.1481466  -0.09697265 -0.02467459  0.13210481  0.2883801
  -0.23082207 -0.30059064  0.09211491  0.11112606 -0.25559017]
 [ 0.38300932 -0.24740641  0.46817782  0.11961888  0.13270342  0.0801121
   0.00122445 -0.05595502 -0.18729447  0.16858431  0.11445027  0.05917508
  -0.16467564  0.05743639 -0.39569502 -0.20890293  0.0013789  -0.2338267
  -0.35482953 -0.1026008   0.09962541 -0.07188981 -0.12041859]
 [ 0.242959   -0.2791282  -0.17998003  0.08086901 -0.03399483 -0.26930039
  -0.24544124 -0.4151091   0.19102986  0.03243619 -0.01864036  0.10671614
  -0.11509594 -0.26247492  0.1212164   0.14591838 -0.33307439  0.22537519
  -0.1347799  -0.08136174 -0.27817006 -0.17698174 -0.23508594]
 [ 0.21603505  0.39575477  0.17395792  0.02700624 -0.02914484 -0.11459613
   0.08841715 -0.15311195  0.01678528 -0.33113428  0.03001717  0.02332117
  -0.18491463 -0.01786638  0.15503845 -0.24752209 -0.32908327 -0.08869898
   0.33997194 -0.44396249  0.24554817  0.01137651 -0.00319597]
 [ 0.09152049 -0.03062444  0.27319348  0.14330927 -0.31578318 -0.17694785
   0.34556356 -0.1083173   0.21219547  0.06602954 -0.00277162 -0.00349471
  -0.23235761  0.35253212  0.36370977  0.07763664  0.02653785  0.042213
  -0.24388714  0.12675498 -0.16070861  0.11668393  0.38713471]]
Singular Values 
[16.52738046 12.85342426 12.13346651 11.29892475 10.29361665 10.1268745
  9.60529379  8.85040606  7.94084799  7.5342468   7.15061971  6.86202988
  6.22646669  5.6566611   5.43320704  4.49084077  4.25988078  3.05947657
  2.53278699  1.98525077  1.92916386  1.21806115  0.77355732]
Singular Vector V (transpose) 
[[ 2.02464854e-01  1.54403813e-01  2.58784608e-01  1.24526685e-01
   4.44533913e-02  2.77737670e-01  1.04374060e-01  2.56389043e-01
   2.38366097e-01  1.37939674e-01  1.45742295e-01  1.41000461e-01
   1.06861439e-01  2.50026643e-01  2.57767781e-01  2.63545015e-01
   1.21142248e-02  4.50109619e-02  3.22486192e-01  1.61029789e-01
  -3.58317265e-02  1.20667499e-01  3.09098441e-01  1.22142680e-01
  -1.20679328e-01  3.11733005e-01]
 [-2.35487721e-02  4.67108181e-02 -1.65762712e-01  1.66314978e-01
   2.01620339e-01  5.68443841e-02  1.83040359e-01  3.77361079e-01
   4.44988394e-02 -3.06390166e-01  1.02700721e-01  1.78405667e-01
   3.87265875e-02  5.15189463e-02  6.21726883e-02 -6.69519463e-02
   1.51051105e-01  4.00525520e-01 -2.65908886e-01  3.26770085e-01
   1.26219736e-01 -7.76044853e-02 -3.63710947e-01  4.55348317e-02
  -2.04220283e-01 -1.13415689e-01]
 [ 1.59053311e-01 -1.68020300e-01 -1.54892537e-01 -9.55559299e-02
   2.41890383e-01  7.65953039e-02 -1.93644407e-01  3.36107918e-01
   1.67045237e-01  2.18858300e-01  1.65176630e-01 -1.85152970e-01
   3.01055795e-02  7.35694291e-02 -1.22183034e-01 -1.45258359e-01
  -3.09208232e-01 -2.11195565e-01 -3.30243681e-01 -3.55897010e-02
  -7.33333977e-02  9.15943066e-02  1.71463624e-01 -3.27582350e-01
  -3.40096430e-01 -4.58795534e-02]
 [-4.19742904e-02  3.73568499e-01 -2.45080987e-01 -3.70787151e-01
   2.46878731e-01 -4.08168592e-02  1.08320766e-01 -6.96145126e-02
  -4.48555995e-02  2.43740164e-01 -2.03427458e-01  3.21243750e-01
  -3.30469713e-01  2.70904123e-01  2.50365824e-01  3.00806628e-02
  -7.32900915e-02 -7.41310192e-02 -1.84505694e-01 -6.12245957e-02
  -1.87255602e-01 -1.46266666e-01 -8.78934597e-02  3.19029350e-02
   4.34318130e-02  1.18354883e-01]
 [ 2.23831255e-01 -2.21442073e-01  5.19446820e-02 -2.42862445e-01
   1.05129315e-01 -2.37341074e-01  2.84198259e-02  1.05095817e-01
   4.94862310e-01 -3.00015515e-01  9.79468171e-02  1.89030477e-01
  -1.75052097e-02 -7.44775680e-02  1.43458298e-01 -1.93424294e-01
   2.29287733e-01 -1.02387045e-01  9.50313778e-02 -4.02570407e-02
  -2.89348491e-01  2.07138142e-02  3.76097005e-02 -1.19991320e-01
   3.60302494e-01 -1.11295192e-01]
 [ 2.11492527e-01 -1.48346348e-01 -1.57484100e-01 -9.78931909e-02
   3.05872203e-01 -1.16790946e-01  2.14236314e-01 -7.53856360e-02
  -1.98546031e-01  1.27037893e-01  2.05969406e-01 -2.87804667e-01
  -1.20792499e-02 -5.06317462e-01  3.13379607e-01  2.17312268e-01
   3.25023555e-02  2.38282788e-01  2.40109352e-02 -9.50999912e-02
  -1.70456576e-01 -8.57107085e-02  1.00687278e-01  1.72111421e-01
  -1.07411543e-01  4.68846788e-02]
 [ 1.12655591e-01  1.12269068e-01  3.52093048e-01 -1.41891112e-01
   8.47716751e-02  7.64574930e-02  1.49461836e-01  3.13899501e-02
  -2.06496662e-01  3.80826669e-02 -3.67113911e-01 -2.06584490e-01
   1.11094995e-01 -1.28073524e-01  5.26511580e-02 -4.40591245e-01
   7.51028702e-02 -8.14520675e-02 -2.11243338e-01  4.00312913e-01
  -1.49506638e-01  2.68052077e-01  8.89412267e-02  1.49043689e-01
   5.29289125e-02  5.27989215e-02]
 [ 1.59915189e-01  8.35054187e-03  7.65642240e-02 -2.56750031e-01
  -2.90527221e-01  9.84201061e-02 -2.91217982e-01  1.49789887e-01
  -1.92392807e-01 -1.67547629e-01  2.19176672e-01  9.10320241e-02
  -2.46990198e-01 -3.59980828e-02  3.19601236e-01  8.01986838e-02
  -1.17081923e-01 -1.79641906e-01 -9.61843390e-02  6.69417707e-02
   2.01266715e-01  9.30413833e-02  6.63307627e-02  3.45585165e-01
  -4.38924049e-02 -4.17511155e-01]
 [ 2.57563143e-01 -8.92878331e-03 -2.30055612e-01 -9.49956401e-02
  -4.51822928e-02 -2.00013903e-01  2.65188936e-01  1.60540312e-01
  -1.66214554e-01  2.34020677e-01  3.79390397e-02  8.01446667e-02
   7.20052766e-02  2.04378268e-01 -4.11795150e-01 -1.18433874e-01
   3.56416803e-01 -4.93060597e-02  1.21426352e-01  7.92135964e-03
   1.52962336e-01 -1.71418335e-01  3.29718197e-01  2.28787690e-01
  -3.46120736e-02 -2.31008832e-01]
 [-2.33165400e-01  3.59341862e-01  2.60758594e-01 -1.05332654e-01
  -1.25382135e-01 -2.67607635e-02  1.51236228e-02  1.85179840e-01
   1.54379685e-02  3.01684276e-01  4.68691788e-01 -1.35846577e-01
   8.22473003e-02 -1.55060122e-02 -2.73158174e-03 -3.31499446e-01
   7.54993459e-02  1.42603081e-01  1.08647829e-01 -2.79418051e-01
  -1.95476808e-01 -9.10538594e-03 -2.66726122e-01  4.10990466e-02
   9.03098285e-04 -1.14613820e-01]
 [ 1.48951436e-01  4.35066598e-02 -3.07206171e-01  1.01225682e-01
  -2.60318594e-01  1.51201684e-01  4.34395630e-01 -2.10266508e-02
  -1.59483188e-01 -3.86506236e-01  1.49935186e-01 -1.35028887e-01
  -1.80830594e-01  1.82667890e-01  1.32855802e-02 -2.28838047e-01
  -1.79284987e-01 -4.20543595e-02  3.11317160e-02 -2.56161981e-01
  -1.62255043e-01  3.05424715e-01  4.26487769e-02 -1.37701231e-02
  -1.14108891e-02  1.87439353e-01]
 [ 2.42725385e-02  2.77930472e-02  1.69886382e-01 -2.94955199e-01
  -8.57176365e-02 -3.54729731e-02 -8.12168485e-02 -8.22189931e-02
  -2.19901215e-02 -1.24016711e-01 -1.22121408e-01  1.21282660e-01
  -2.64231266e-01 -4.73750841e-02 -3.41007754e-01  2.13416996e-01
   1.23967839e-01  3.32880263e-01  1.47153545e-01  1.77232291e-02
  -3.24118489e-01  2.88153905e-01  2.86142484e-02 -1.57365859e-01
  -4.54147381e-01 -1.15629948e-01]
 [-2.03781575e-03 -3.37775839e-02 -8.41995845e-03 -9.19834187e-02
  -4.08103910e-01  1.40363830e-02  6.21305143e-02  3.06561895e-02
   1.89983461e-01 -9.72672350e-03 -5.84551374e-02 -4.19305043e-01
  -3.02482308e-01  5.22690750e-02  1.28402751e-01 -5.06922788e-02
   1.29834940e-01 -4.68545039e-02  5.40341563e-02  3.00497444e-01
  -6.92134271e-02 -5.47373120e-01 -1.36543236e-02 -1.45119899e-01
  -1.89434087e-01  1.27516429e-01]
 [-7.66741829e-02  1.45615497e-01  3.46338257e-02 -1.59228978e-01
   3.77918197e-02 -3.52859375e-01  1.05344612e-01  3.39232794e-01
  -3.04690638e-02 -1.04279441e-01 -3.41045567e-01 -1.77472969e-01
   4.29781725e-02  2.84638358e-02  1.96548214e-01 -3.52788263e-02
  -3.20716797e-01  2.30528068e-01  3.30248926e-01 -1.32892125e-01
   3.42407240e-01  3.91721221e-02  1.22115540e-01 -2.34464003e-01
   3.18900628e-02 -1.40350406e-01]
 [-1.05993515e-01  1.71631019e-01 -7.27019162e-05  1.06474783e-02
  -3.44388042e-01 -1.26675263e-01  4.66567520e-02  2.20594029e-02
  -5.78213928e-02 -1.31112168e-01  3.29041437e-02  2.91930492e-01
   3.93355627e-01 -1.59785136e-01  1.15014280e-02  4.99898962e-02
  -2.60326946e-01  1.53695323e-01 -3.15640163e-01  3.65386897e-02
  -3.06238154e-01 -2.75972825e-01  4.07639633e-01 -6.00545318e-02
   3.53971152e-03 -7.90219468e-03]
 [ 6.91016312e-02  1.30940603e-01 -3.03155456e-01 -8.26331162e-02
  -3.58338015e-01 -2.19207987e-01  1.83593538e-01  5.41158589e-02
   2.62963443e-01  2.84369678e-01 -1.49008936e-02  3.90982613e-02
   1.54807207e-01 -2.76315550e-01 -4.21924239e-02  2.21723569e-01
  -8.84102446e-02 -1.93785917e-01  1.45168984e-02  2.79794541e-01
   5.67012310e-02  3.68012724e-01 -3.14830325e-01  1.02773122e-02
   2.04789456e-03  3.85947669e-02]
 [-3.01536117e-01  1.70657523e-01  1.18023613e-01 -9.79442376e-02
   3.08767313e-01 -2.12009605e-01  1.68119944e-01  4.97902941e-03
  -6.53305535e-02 -3.64450688e-01  2.16340517e-01 -2.13097547e-02
   4.77087221e-02 -7.39999183e-02 -1.79394328e-01  1.09383261e-01
  -1.19939859e-01 -5.30151800e-01  1.89689166e-01  1.71321806e-01
  -2.64088086e-02 -1.21240249e-01 -1.01102194e-02  1.21851216e-01
  -2.36761284e-01  6.65127943e-02]
 [-2.01282093e-01  1.85012296e-01 -3.30922560e-01  2.86196851e-01
   1.99737102e-02 -6.35498714e-02 -2.94960608e-01  1.25181365e-01
   1.37439161e-01 -9.04802789e-02 -3.01088856e-01 -2.36614403e-01
   1.34883179e-01  7.08623248e-02  1.91283474e-01  3.17909935e-02
   2.72251396e-01 -1.18623966e-01  5.75296552e-02 -1.45128736e-01
  -3.34856849e-01  1.24112530e-01  1.04599682e-01  2.67989747e-01
  -1.74552226e-01 -1.97155472e-01]
 [-1.14414706e-01 -2.24285033e-01 -1.07297659e-01 -2.31458111e-01
   6.49523363e-02  1.64226633e-02  4.96915934e-02 -4.02415680e-01
   2.32215276e-01  2.79931167e-02  8.32737745e-02 -1.56439236e-01
   2.55652421e-01  3.84643345e-01  2.31967746e-02 -9.90285380e-02
  -3.42249556e-01  2.46177929e-01  1.20227172e-01  2.22957045e-01
  -7.27384334e-02  1.78145506e-02 -2.99119796e-02  3.06601904e-01
  -4.95668782e-02 -2.19060917e-01]
 [-5.16575237e-01 -1.71018051e-01 -2.01551154e-01 -6.44964382e-02
  -5.98728371e-03  3.36874805e-01  1.78451981e-01 -4.60987228e-02
   7.30077198e-02  1.35114156e-01  2.05717470e-02  2.53435002e-01
  -1.10335902e-01 -2.87236839e-01  1.70149799e-01 -2.66141350e-01
   1.29448249e-01 -3.44161475e-02  1.78035449e-01  8.73859887e-02
   1.43327388e-01  1.06031068e-01  2.95047044e-01 -1.49385061e-01
  -1.17944553e-01 -1.28804940e-01]
 [-2.16213391e-01 -2.78153852e-01 -5.12633002e-02 -1.25329763e-01
  -3.71622317e-02  1.36043654e-01 -6.65722813e-02  4.59302957e-01
   5.14303687e-02  2.63425381e-02 -1.63782324e-01  1.60252235e-02
  -1.82005358e-01 -1.48880182e-01 -3.10966884e-01  2.06842828e-02
  -2.45590122e-01  1.00957026e-01  6.47932999e-02 -6.54238476e-02
  -1.58592367e-01 -8.52410639e-02 -4.66654772e-02  4.54254298e-01
   2.17893640e-01  2.68368487e-01]
 [ 1.97103998e-01  4.24192114e-01 -1.69307365e-01 -1.70002404e-01
   6.74298502e-02  1.28843189e-01 -2.62111598e-01 -2.00914113e-01
   3.31540679e-01 -1.90397854e-01  2.06487678e-02 -3.74874386e-02
   1.93073598e-02 -2.78256062e-01 -1.77602453e-01 -2.47841110e-01
   2.65034680e-03  1.48752117e-01 -1.80389786e-03 -8.96344704e-02
   3.40587666e-01 -5.72684811e-02  1.34961616e-01  1.77810893e-01
  -9.34833675e-02  2.58142790e-01]
 [-7.60373309e-02 -3.36663680e-01  1.04676525e-01 -2.58214750e-01
  -1.66797192e-01 -2.01369216e-01  2.83589633e-04  1.16021307e-02
  -3.14651022e-02 -3.13646036e-02 -8.99649221e-02  1.39180368e-01
   2.82351959e-01  1.14387847e-01  2.23430152e-01 -1.01155632e-01
   2.17030827e-01 -6.88867951e-02 -1.43057609e-01 -3.10280790e-01
   1.82450633e-01  3.76614699e-02 -1.27967874e-01  1.40824507e-01
  -4.04147182e-01  3.86655721e-01]]

Kinase PRKCI
Singular Vector U 
[[-0.2098621   0.28127179 -0.04352689]
 [ 0.01425501  0.02640408  0.4103982 ]
 [-0.03198487 -0.30700353  0.23832517]
 [-0.34784992  0.06277512  0.03534285]
 [ 0.31258451 -0.23952213 -0.1118851 ]
 [-0.01405813  0.27164552 -0.03952218]
 [-0.14477879  0.02585786  0.24912192]
 [ 0.04590158  0.15864002 -0.21269919]
 [ 0.02630963 -0.47475816  0.10731757]
 [ 0.03034267 -0.32622406 -0.34007599]
 [-0.35356383  0.06544721 -0.07308323]
 [-0.30148556 -0.05893834 -0.28071888]
 [-0.29809858 -0.04221849 -0.14681542]
 [ 0.32250677 -0.15678477 -0.15311013]
 [-0.1723997  -0.02558731 -0.07997217]
 [-0.13698383 -0.21785922  0.11231014]
 [-0.12681406 -0.29414298  0.13587118]
 [ 0.19419246  0.04276217  0.08314495]
 [-0.33810311 -0.08704791  0.16472907]
 [ 0.17764101  0.10970409  0.19100393]
 [-0.10297936 -0.05174785  0.2630931 ]
 [-0.13456425 -0.1986687  -0.44696473]
 [-0.15971628 -0.31754662  0.13015569]]
Singular Values 
[8.83326895 7.14465023 6.38928266]
Singular Vector V (transpose) 
[[ 0.47780135 -0.6131609  -0.62907836]
 [-0.59145432 -0.7540209   0.28571712]
 [-0.6495288   0.23555508 -0.72292887]]

Kinase AURKB
Singular Vector U 
[[-0.03801135  0.04010471 -0.18974751 -0.43048203  0.01205951  0.09045677
   0.13568063 -0.04757092 -0.18622794 -0.32634939]
 [-0.135107   -0.05134815 -0.23457433 -0.47871685 -0.31995549 -0.05026222
  -0.29711823  0.04767735  0.17191546  0.04434353]
 [ 0.13911381 -0.12684968 -0.4661256   0.12024447 -0.07015695 -0.04494663
  -0.23336753 -0.19013541 -0.22815085  0.01244764]
 [-0.136423    0.03633357  0.08565546 -0.04894446 -0.15447282  0.25045038
  -0.09595027 -0.18020606  0.19202662  0.27874803]
 [-0.09094668  0.12766691  0.25436177  0.10139028  0.04815513 -0.17705885
  -0.0018132  -0.26516939 -0.1882757   0.3851455 ]
 [-0.13606453  0.1350383  -0.03833339  0.32125772  0.32808923 -0.23433762
  -0.249649   -0.15583233 -0.15783071 -0.30378428]
 [-0.18331529 -0.21071154  0.18755205  0.24114604 -0.35757384  0.01843212
   0.07316308  0.30571554 -0.08856567  0.19803166]
 [-0.06363771  0.29329948 -0.18935704  0.06977493 -0.27120847 -0.0474246
  -0.34442818  0.3711591  -0.24306658  0.05105024]
 [-0.23125586  0.32698861  0.09074213 -0.08751949  0.15351494  0.31541441
   0.17451561  0.06370531 -0.00552733 -0.06593788]
 [-0.1718956  -0.34338595  0.11774151  0.16683851 -0.06577354  0.44174097
  -0.25317993  0.03486232 -0.13051952 -0.38144405]
 [-0.42611975  0.09780481 -0.17198544  0.18715103 -0.12854488  0.03827738
   0.23438933  0.01120687  0.37757118 -0.15747918]
 [-0.04860725  0.27963713  0.03606049  0.08927381  0.05177054  0.24284271
  -0.04512605 -0.14568903 -0.08689405  0.2061461 ]
 [-0.32732924 -0.13478103  0.09007608 -0.08471847  0.04394361  0.29896988
  -0.07921146 -0.21529171 -0.10433024  0.24149826]
 [-0.47480048 -0.11155139 -0.13287157  0.22380807 -0.03501149 -0.36984128
   0.07710153  0.00051566 -0.15008712  0.04039037]
 [ 0.10235039  0.2733227  -0.19769612  0.25421201 -0.04356597  0.18603214
  -0.34551726 -0.25845428  0.16436747  0.0236685 ]
 [-0.33559833  0.3542967   0.10643169 -0.10007742 -0.07167564 -0.14257599
   0.02655108  0.10168986 -0.05109502 -0.27119583]
 [-0.20172148 -0.18525421  0.02998996 -0.22795685 -0.16830726 -0.04299875
  -0.02204403 -0.292971   -0.46545134  0.02811407]
 [-0.13798033 -0.03163818 -0.1101745  -0.23391393  0.3827791  -0.07947303
   0.10778009 -0.15371151 -0.0810808   0.06549771]
 [-0.076319    0.04838065 -0.43986705  0.15650935 -0.02044353  0.32398418
   0.27581995 -0.14309581 -0.0566835   0.01200247]
 [ 0.09676947  0.34992618 -0.12424721 -0.05287745 -0.35215527 -0.14135943
   0.231356   -0.17150941 -0.07066466  0.10647722]
 [-0.17813251  0.2013747   0.08422728 -0.2105375   0.2930406   0.02560188
  -0.41783361  0.23363326  0.03577501  0.15344608]
 [ 0.02540999 -0.02189479 -0.32768165  0.04298106  0.28150492  0.17702512
   0.18391922  0.48640837 -0.28591473  0.31179365]
 [ 0.21898057  0.26230968  0.28561397  0.04016713 -0.18878342  0.18554232
   0.09685282  0.01936502 -0.41819405 -0.20664818]]
Singular Values 
[12.14706124  9.94214505  9.2232025   8.65168529  7.40752344  6.16646366
  5.41651203  4.18831662  2.9745624   2.39339937]
Singular Vector V (transpose) 
[[-1.17391020e-01 -5.94996185e-01 -2.91507167e-01 -2.92610266e-01
  -5.60670914e-01 -2.89182412e-01  4.17162921e-02 -1.94651515e-01
   1.51206719e-01 -3.36216860e-02]
 [ 1.43190449e-01 -9.83688259e-02  3.13739275e-01 -5.63485989e-01
  -6.06670661e-02  2.61344215e-01  4.97563309e-01  4.56805677e-01
  -2.40647521e-04  1.60153846e-01]
 [ 2.64034488e-01  2.51208414e-01  2.32660275e-01 -2.55994856e-01
  -1.20921789e-01 -2.51148016e-01  1.80281456e-01 -3.84264723e-01
  -4.46309102e-01 -5.38948932e-01]
 [-5.43042343e-01  8.59147923e-02  3.79519416e-01  1.22282853e-02
  -8.66272451e-03 -2.18242644e-01  2.26123864e-01 -3.66163507e-01
  -1.93100492e-01  5.32295721e-01]
 [ 1.05160314e-01 -5.11290559e-02 -5.93022229e-01 -3.79750853e-01
   5.35691359e-01 -1.80206027e-02  8.99537469e-02 -2.12842414e-01
  -2.86903339e-01  2.59699796e-01]
 [-9.91601367e-02  1.12471436e-01 -6.40057834e-02  5.26803371e-02
   3.16683008e-01 -6.88276234e-01  3.71665351e-01  2.61109509e-01
   3.94020363e-01 -1.87264061e-01]
 [ 2.72337373e-02 -4.27721640e-01  4.19368947e-01 -2.07948776e-01
   3.38730671e-01 -3.06200839e-01 -5.63275718e-01  1.92805279e-01
  -1.84640971e-01 -1.25058047e-02]
 [-4.22273356e-01 -1.21052091e-01 -2.33115029e-01  2.32745207e-01
  -9.00013141e-02 -9.73119803e-03  1.37369210e-01  4.73532503e-01
  -6.32271439e-01 -2.17837600e-01]
 [-2.56841040e-01  5.87154982e-01 -1.71249604e-01 -4.69558226e-01
  -2.65758629e-01 -1.45254224e-01 -4.29742483e-01  2.35406455e-01
   4.70035132e-02  7.37548834e-02]
 [ 5.78957200e-01  9.05632847e-02 -5.58031053e-02  2.57480085e-01
  -2.94195171e-01 -3.85183334e-01 -1.36125460e-03  2.03472590e-01
  -2.58887027e-01  4.93816193e-01]]

Kinase ROCK1
Singular Vector U 
[[-0.06534348  0.03251454  0.00315437 -0.60547788]
 [ 0.50420332 -0.08569553 -0.05271508 -0.07982709]
 [-0.12646316 -0.28143087 -0.12068932 -0.09408782]
 [-0.11924135 -0.09584562 -0.28613517  0.00325119]
 [-0.15499942 -0.24767413  0.18219502  0.16193455]
 [-0.13647216 -0.17897593  0.29253063  0.22411421]
 [ 0.06423987 -0.04901461 -0.05111733 -0.10286476]
 [-0.28501017 -0.21733157  0.22842356  0.11192974]
 [ 0.13579879  0.05433045 -0.01025221 -0.01704546]
 [-0.14083733  0.1390249  -0.29857049  0.27956784]
 [-0.16697239 -0.02094801  0.01745655  0.09736275]
 [ 0.20550085  0.31742008  0.31835702 -0.21179127]
 [-0.36375503 -0.09689376 -0.0297582  -0.09516025]
 [ 0.02632403 -0.39992091  0.41125923 -0.18103852]
 [ 0.03545042 -0.21986173 -0.08489478 -0.31367627]
 [ 0.1340322  -0.30442268 -0.00439686 -0.07438035]
 [ 0.16560003 -0.08400458 -0.42491982  0.12532175]
 [ 0.25401199 -0.39657659 -0.01065821  0.21580556]
 [-0.0467162  -0.19931687 -0.31154542 -0.36925631]
 [-0.00744611 -0.25676148 -0.18218988  0.01573168]
 [-0.07597572 -0.16907671 -0.05112745 -0.02578754]
 [ 0.45398685 -0.15861586  0.04196479  0.19428622]
 [-0.1288884  -0.05155751 -0.20919296  0.05267663]]
Singular Values 
[7.81236282 6.70438793 5.88230161 4.83884648]
Singular Vector V (transpose) 
[[ 0.32973944  0.45997225 -0.55745217  0.60740802]
 [-0.34489937  0.41743353 -0.55123192 -0.63477322]
 [ 0.84922576  0.19317061  0.15279042 -0.46707153]
 [ 0.22612372 -0.75951293 -0.60170219 -0.09981302]]

Kinase PAK1
Singular Vector U 
[[-0.14872545 -0.03724056  0.06927136  0.01779356  0.29229826  0.11486482
  -0.63720184]
 [-0.02008153  0.42544917  0.05648122  0.09513213 -0.08256421  0.24311352
  -0.08831081]
 [-0.17744666  0.17407316  0.16979691  0.21094166 -0.22454316 -0.29579271
  -0.14590777]
 [-0.14208233  0.09915458  0.39755278 -0.26791079 -0.05350962  0.13197472
   0.09625248]
 [-0.13926447 -0.39285745 -0.11750574  0.14244359 -0.11398891 -0.07980562
  -0.18343468]
 [ 0.21547279 -0.17375853  0.27378385  0.10275375  0.30051542  0.05768399
   0.0655084 ]
 [-0.03886158  0.30691079  0.21852453  0.06250351  0.05130116 -0.16254225
   0.27680828]
 [-0.12665428  0.06151957 -0.03491879 -0.16060564 -0.21897101 -0.04594079
  -0.05189501]
 [-0.30818052  0.04279448  0.05819043  0.01066056 -0.46144223  0.00738677
   0.00390767]
 [ 0.24995324 -0.28861653 -0.16504528  0.32939991 -0.10017392 -0.00912938
   0.02636497]
 [-0.32714002  0.08894489  0.11645325  0.41526194  0.33218682  0.18130642
  -0.11885747]
 [-0.08933029  0.21238117  0.00297775  0.26230829 -0.19811231  0.44017174
  -0.06385276]
 [-0.07879378 -0.08608841  0.2027679  -0.10732495  0.00384594 -0.40601938
  -0.28667001]
 [-0.1702824  -0.43099844  0.3091421   0.07996787 -0.36399753  0.13086628
  -0.11667063]
 [-0.22966457 -0.09549422 -0.02396972 -0.01474143  0.19139178 -0.02373878
   0.03293538]
 [-0.26486512 -0.09135935  0.19430885  0.09452531  0.17135754 -0.37990345
   0.34003634]
 [ 0.13731521 -0.08677669  0.39367542  0.30871199 -0.03285275 -0.03961425
   0.06084718]
 [-0.36486117  0.06403985 -0.27962768 -0.00138386  0.07924843 -0.0218165
   0.10258428]
 [ 0.03583554  0.09866909  0.11868357  0.13638045  0.27277653 -0.04359371
  -0.09964432]
 [-0.248629   -0.29190519  0.0183939  -0.41003175  0.20140765  0.34374131
   0.11699769]
 [ 0.1945866  -0.04806432  0.43660719 -0.18387216 -0.0420798   0.24133729
   0.06411472]
 [-0.03521023 -0.18679207 -0.09891112  0.34680537 -0.00972265  0.22185704
   0.35662716]
 [-0.39710008 -0.04902858  0.01337468  0.02767309  0.07292735  0.03697792
   0.19445568]]
Singular Values 
[9.94478293 9.41143847 8.33905909 6.74013784 6.12657464 5.26090296
 4.23012129]
Singular Vector V (transpose) 
[[-8.46779644e-03 -3.91233675e-01 -6.95602487e-02 -1.56401727e-02
   1.62279221e-01 -8.08298651e-01 -4.02616454e-01]
 [-4.84384696e-01  5.02233214e-01 -1.92205620e-01 -2.10501066e-01
  -5.79825098e-01 -2.31779631e-01 -2.04842928e-01]
 [-3.38917191e-01  3.56296263e-01  2.55178343e-04  7.63597882e-01
   3.82912119e-01 -2.35836247e-02 -1.67118047e-01]
 [ 3.13726863e-01  4.65075074e-01  7.27549012e-01 -2.07217905e-01
   1.24162865e-01 -1.17979230e-01 -2.89272000e-01]
 [-7.01504705e-01 -2.17180093e-01  4.64170074e-01 -2.49151762e-01
   2.30110048e-01 -5.41813158e-02  3.56801413e-01]
 [-1.01600011e-01  2.33456393e-01 -4.26452768e-01 -5.16456611e-01
   6.28800989e-01  1.81297806e-01 -2.41508959e-01]
 [ 2.22663292e-01  3.87023355e-01 -1.77693334e-01 -2.48931478e-02
   1.64587014e-01 -4.92596891e-01  7.06186101e-01]]

Kinase CHEK1
Singular Vector U 
[[-1.23140842e-01 -2.57992454e-01  4.33038858e-01  4.49824038e-02
