Method Singular Value Decomposition(One of the PCA methods)
X = U(SIG)V*

X shape (nxm)

U shape (nxn)

(SIG) shape (nx1)

V shape (nxm)

Kinase TRPM7
Singular Vector U 
[[ 0.09312605 -0.16472941 -0.34585222  0.02691446 -0.32980937 -0.14981054
   0.08911681  0.04206483]
 [ 0.3200721  -0.2286543  -0.17491297 -0.14395176  0.30024223 -0.2409218
  -0.25776922 -0.20879733]
 [ 0.22482311 -0.22524488 -0.08983005 -0.09381507 -0.25572357 -0.17128005
   0.46760335  0.08184461]
 [ 0.0381053   0.06372427 -0.36079766 -0.04132966 -0.17204418  0.19582775
  -0.1639385   0.13095203]
 [-0.00389538  0.12692389 -0.19625096  0.09633558  0.01624269 -0.26950619
  -0.00623471 -0.19592034]
 [ 0.12936011  0.02552539  0.00266749 -0.26559882  0.31001773 -0.21740199
   0.01083883 -0.04295434]
 [ 0.11143129  0.39652095 -0.23925533 -0.17747832 -0.00585831 -0.10726186
  -0.09602141  0.34865769]
 [ 0.40749301 -0.23087006  0.20030996  0.21295179 -0.01106717 -0.14387695
  -0.39902463 -0.11727553]
 [ 0.05951402  0.10080967  0.25044824 -0.15280362 -0.16030283 -0.39809565
  -0.2820066   0.28263068]
 [ 0.13615559  0.10212577  0.43293829 -0.02059628  0.05184039 -0.16009385
   0.0110813   0.22761347]
 [ 0.24071534  0.01078881 -0.00204447 -0.03645551  0.19619652  0.12463137
   0.27329601  0.32704479]
 [-0.02192038 -0.18427779  0.22886373 -0.23347507 -0.23611178  0.41327357
  -0.1903588   0.28078866]
 [ 0.15276015  0.32012929  0.18086199  0.18273862 -0.30745423 -0.05262657
   0.06806702 -0.21734479]
 [ 0.10051796  0.1327627   0.07481333  0.20945781 -0.32835986 -0.19541581
  -0.04800223  0.08178004]
 [ 0.09336166  0.00747914  0.22858058  0.06315744  0.38493664  0.09991207
   0.2428293   0.16851557]
 [-0.04524812  0.21186535  0.24588467  0.15549471 -0.06847494 -0.07388008
   0.06637101  0.01904798]
 [ 0.03845623 -0.17640009  0.22598941  0.06404502 -0.02390184  0.28551639
  -0.13387948 -0.30209182]
 [ 0.22399507 -0.26998141  0.01985622  0.35181637 -0.03198477  0.00654731
   0.20687069  0.24402325]
 [ 0.19630871  0.09604775 -0.22204817  0.22009103  0.24779394  0.13124797
  -0.26474119  0.30271484]
 [ 0.55700568  0.04668034 -0.08003501  0.06717078 -0.13338874  0.29380095
   0.04455099 -0.11072307]
 [ 0.30256578  0.21610387  0.10365078 -0.46601062 -0.00518535  0.037744
   0.26731349 -0.28155669]
 [ 0.14107737  0.49229827 -0.0492766   0.0996963   0.04172477  0.27731466
  -0.09965112 -0.1259468 ]
 [-0.07117097  0.11960832 -0.04184841  0.46732628  0.22171795 -0.09723118
   0.19084663 -0.07229513]]
Singular Values 
[10.3696687   9.14197069  8.29042077  8.02322367  7.09170888  5.41953676
  3.34589793  2.55010975]
Singular Vector V (transpose) 
[[ 0.418993    0.38637336  0.29115967  0.49698375  0.29687481  0.17827952
   0.31693971  0.35074874]
 [-0.35232325 -0.08876844  0.07265918  0.53915558  0.42892682  0.2011168
  -0.27732551 -0.52027375]
 [ 0.3258414   0.37829644  0.35671415  0.12822728 -0.49580422 -0.24479744
  -0.36105614 -0.41342812]
 [-0.44215779 -0.00808649  0.71853663 -0.17410141  0.18027225 -0.43442462
   0.14605982  0.12356616]
 [ 0.27439903 -0.81245695  0.32597975  0.26181491 -0.27201564  0.09368356
   0.07187552  0.04328757]
 [-0.03197026  0.10151315  0.39415716 -0.43725557 -0.04275684  0.79258698
  -0.06833168 -0.08619274]
 [ 0.56065199 -0.15621969  0.04153993 -0.3942067   0.57606868 -0.20339609
   0.00444738 -0.36179468]
 [ 0.08938398 -0.06975951  0.05530442 -0.0206511   0.20467398 -0.02787832
  -0.81307422  0.52905647]]

Kinase AURKA
Singular Vector U 
[[-0.18474866  0.17827049 -0.10547431  0.08385557 -0.12794018]
 [ 0.33850796 -0.17123353 -0.08405176  0.14974728 -0.16503588]
 [ 0.30130925 -0.01922527  0.30245978  0.27616943 -0.08672   ]
 [ 0.36413733  0.15430348 -0.16284055 -0.17838605 -0.22734215]
 [ 0.20087488  0.20083076 -0.27192447 -0.32677828 -0.37374829]
 [ 0.0458724   0.4808607  -0.1485464   0.38524743  0.19735825]
 [ 0.08492128  0.10529549  0.38790617 -0.13898197 -0.38914389]
 [ 0.04678601  0.2594069   0.2217939  -0.11288199 -0.10815291]
 [ 0.13116371 -0.00349107  0.27036709  0.28089067 -0.2334442 ]
 [-0.12612473 -0.22877751 -0.07130851  0.01390935 -0.33277381]
 [-0.03883291  0.35652496  0.29027563 -0.12632006  0.06057499]
 [ 0.39578453  0.13605069 -0.05915299 -0.00536078  0.0953574 ]
 [ 0.02573865  0.33935793 -0.15270934  0.33940815  0.16676924]
 [ 0.2753694   0.06163421  0.06540363 -0.03122712  0.1265298 ]
 [-0.28626752  0.2950451  -0.28109484 -0.112963   -0.13834001]
 [ 0.15291934  0.23059665  0.13158371 -0.11311847  0.00953297]
 [-0.29170461  0.12930234 -0.00720381 -0.14416573 -0.14099997]
 [ 0.15804396  0.04193314 -0.2102549  -0.03630512  0.01081455]
 [ 0.1777083  -0.15665823 -0.36973097  0.02447235  0.08204668]
 [ 0.03935629 -0.16727447 -0.19281501  0.34071484 -0.30199785]
 [-0.0403875   0.18035562 -0.19775701  0.10161864 -0.35042714]
 [-0.17394773  0.03589693  0.13307269  0.1259308  -0.0922641 ]
 [-0.16692795  0.05294809  0.05758793  0.41643088 -0.25520549]]
Singular Values 
[8.96723949 8.17848067 7.44886836 6.10983546 5.17964542]
Singular Vector V (transpose) 
[[ 0.48951439  0.00745211  0.69855252 -0.4639632   0.23891977]
 [-0.20885622  0.87511863  0.10875461  0.1591277   0.39165964]
 [ 0.22707061 -0.00398498 -0.6630769  -0.49376992  0.51472648]
 [ 0.04308411 -0.41828642  0.12214042  0.57746637  0.68905337]
 [-0.8144553  -0.24317163  0.21355925 -0.42677908  0.2231192 ]]

Kinase PAK1
Singular Vector U 
[[-0.24563259  0.26815821 -0.04806499  0.13760579 -0.27145635  0.01631559
  -0.46733121]
 [-0.36131243 -0.19935969 -0.30860637 -0.02498353  0.17439122  0.14045245
   0.01046478]
 [ 0.05915313 -0.24992847  0.13123174 -0.23987904 -0.27405832 -0.39627626
  -0.18353168]
 [-0.20053143  0.1479951  -0.42047702 -0.04234186  0.11608995 -0.14895404
  -0.12982974]
 [ 0.3012832   0.3545471  -0.04102036 -0.10471259  0.11057234  0.04626727
  -0.02307486]
 [-0.1001196   0.13336302 -0.08131689 -0.40101685  0.04490016 -0.12137699
   0.25351864]
 [-0.0621795  -0.05956049 -0.15206861 -0.16931782 -0.0758918   0.04020307
  -0.02723335]
 [ 0.26364141  0.03732043 -0.02636251  0.18539514 -0.10328208  0.12159322
  -0.03603413]
 [ 0.54698006 -0.09558656 -0.15893688  0.08354716 -0.04096605 -0.14766061
   0.10858598]
 [ 0.10818006  0.20213061 -0.09491801  0.05822003  0.31211496 -0.2940241
   0.04215409]
 [ 0.31779279  0.25152233 -0.1824212   0.01274653  0.11885954 -0.03847056
  -0.08911877]
 [-0.00143743  0.03235523 -0.59582296  0.27341054  0.00854562 -0.11109772
   0.21968257]
 [ 0.10707027  0.24800343 -0.03165885 -0.00815536 -0.00576148  0.36540953
  -0.08967299]
 [ 0.12751415  0.05335721 -0.08463846  0.22338105 -0.33381023  0.12479571
   0.03381852]
 [ 0.12715555 -0.44557013 -0.31958755  0.04653017  0.01570421  0.17147362
  -0.25854385]
 [-0.17361993  0.29390128 -0.02270846  0.20865821 -0.20776527 -0.20931601
  -0.25781214]
 [ 0.05738145 -0.27903501 -0.16065339 -0.04303195 -0.41673525 -0.18924908
   0.10904651]
 [-0.12587881  0.26850633 -0.12152897 -0.13351603 -0.44165159  0.19635151
   0.21344559]
 [-0.18342255  0.13276307 -0.0142696  -0.12044936  0.04901173 -0.20440561
   0.39892142]
 [-0.00428312 -0.00959494  0.09783529  0.1382959  -0.16772071  0.37445283
   0.42002807]
 [ 0.17348654  0.07820886 -0.24835033 -0.635249   -0.18149861  0.15120501
  -0.12934791]
 [ 0.00590383 -0.07137837  0.0075371  -0.19615314  0.27094116  0.34238086
  -0.19660447]
 [ 0.1496127   0.11444391  0.17565499 -0.10001366 -0.05354978 -0.1632978
  -0.05868956]]
Singular Values 
[9.70498962 8.81985673 7.50680793 6.598998   5.92640117 4.82313739
 4.08810766]
Singular Vector V (transpose) 
[[ 0.55696694  0.39930606 -0.16939281  0.15604779 -0.4153288   0.37993567
   0.40056027]
 [-0.29220729  0.26148002 -0.46384879  0.67022515 -0.16405012 -0.37196466
  -0.1289011 ]
 [ 0.13031364 -0.20601346 -0.57626362 -0.4513665  -0.41517231  0.00826708
  -0.48200513]
 [-0.40435368  0.58726674 -0.22709202 -0.2324657   0.3369157   0.49915247
  -0.15277242]
 [-0.03808027  0.56596654  0.25695221 -0.43866542 -0.25709215 -0.59139988
   0.06268804]
 [-0.38285616 -0.23587645 -0.39972436 -0.26327008 -0.03277509 -0.08588725
   0.74849311]
 [-0.52525254 -0.09435714  0.38300893  0.08328758 -0.66898336  0.33307539
  -0.05564077]]

Kinase MAPKAPK2
Singular Vector U 
[[-0.17766706  0.35645457  0.16927495  0.14078524  0.05142898  0.17236251
  -0.09850687]
 [ 0.2431518   0.1792218  -0.24651535  0.13843602 -0.04472707  0.0555499
   0.19738201]
 [ 0.21958908  0.04526447  0.27926932 -0.39243419 -0.00093277 -0.26739871
   0.1342398 ]
 [ 0.05770324  0.29032733 -0.08447094 -0.21127909  0.18871173  0.030276
  -0.05546076]
 [ 0.02082875 -0.10080377 -0.18022241 -0.21895717 -0.05812261 -0.13475841
  -0.51645722]
 [-0.02483453  0.07553211  0.24102151  0.20273325 -0.20133715  0.01201943
   0.09972881]
 [-0.0754362   0.25909298  0.13563933 -0.08758189  0.19193897 -0.20910565
   0.00097245]
 [ 0.37648862 -0.34361746  0.07991815  0.24662085 -0.07615222 -0.14893292
  -0.24420813]
 [ 0.16014289  0.08692238 -0.49053067  0.30194644  0.18313547 -0.09068206
  -0.01513193]
 [ 0.11939087  0.28064707  0.12768962  0.22066712  0.56123319 -0.23941595
   0.12447585]
 [ 0.32297422  0.0085982   0.22922215  0.24642992 -0.21055632 -0.07445574
   0.2573366 ]
 [ 0.38255937 -0.00384336  0.09058806  0.03084648 -0.09953756  0.25284756
   0.10502828]
 [ 0.32862436 -0.04577139 -0.1178189  -0.23006841  0.19763187  0.23430399
   0.28465594]
 [-0.09589921  0.3624855   0.24001946  0.09800705 -0.27770011  0.053262
  -0.25087539]
 [ 0.15770384 -0.20476598  0.13043708 -0.41998273  0.08266099 -0.13571256
  -0.01316777]
 [ 0.08459879  0.27145872 -0.04482923 -0.22026036 -0.39125853  0.07068675
   0.08123208]
 [ 0.17724142  0.16338124 -0.01488051 -0.19151668 -0.08006446  0.35316352
  -0.00640767]
 [ 0.01983402 -0.03156839  0.37829079  0.04071311  0.17397702  0.25128945
   0.0450937 ]
 [-0.17542543 -0.03385347  0.16013821 -0.04845313  0.00509078 -0.1851876
   0.11514855]
 [ 0.00326825 -0.13971142  0.02784827  0.09723244  0.14098433  0.53514635
  -0.21591027]
 [ 0.14430189  0.31644246 -0.28620765 -0.03182038 -0.28679342 -0.1914198
   0.01088042]
 [ 0.28538018  0.26339465  0.06247124 -0.13224658  0.22333567  0.08328898
  -0.43973553]
 [ 0.32347814  0.00525842  0.21527277  0.21728907 -0.07498046 -0.2056263
  -0.30785652]]
Singular Values 
[9.6525409  8.69615483 8.07525698 6.18289876 5.14939753 4.19811923
 3.17472491]
Singular Vector V (transpose) 
[[ 0.23074577  0.24469002  0.54575704  0.1925061   0.59744928  0.30154368
   0.32264471]
 [-0.1952694  -0.2736348  -0.21661644  0.6063329   0.01351355  0.63381379
  -0.26557307]
 [ 0.04911052 -0.3063881   0.26841245 -0.3595988  -0.51053527  0.50869667
   0.42771413]
 [-0.78524221  0.3275695  -0.0715099   0.14426286 -0.05150705 -0.05465279
   0.49449728]
 [ 0.10084367 -0.1019155   0.49576827  0.60228057 -0.46117495 -0.39651454
   0.03177439]
 [ 0.4959391   0.05039611 -0.57636209  0.286934   -0.0608253  -0.05482622
   0.57469525]
 [ 0.18298646  0.80693792 -0.00939276  0.01028323 -0.40396839  0.29216873
  -0.2581088 ]]

Kinase MARK2
Singular Vector U 
[[-0.02980272 -0.28815986 -0.07568134  0.05989533  0.0986045 ]
 [-0.00518022 -0.10464622 -0.04899044 -0.05317194 -0.52255083]
 [-0.29678607  0.33839672 -0.01943668  0.36985455  0.06349893]
 [-0.24378801 -0.30630249  0.08860305  0.16618444 -0.07193242]
 [-0.42974017 -0.02480047  0.01872896 -0.0056101  -0.12666256]
 [-0.23667483 -0.28802957  0.15208622 -0.08859501  0.22001075]
 [-0.06513758  0.04754513  0.03259733  0.52234326 -0.05692708]
 [-0.17188907 -0.0012726   0.31502492 -0.05448288 -0.01984815]
 [-0.35235562  0.28766107  0.07913897  0.19414449  0.04175442]
 [ 0.16813666  0.17564961  0.23836878  0.11459566 -0.14235807]
 [-0.37878665 -0.01336205  0.03442339 -0.03264376 -0.02422457]
 [ 0.12972724 -0.2307148   0.43048881 -0.03104668 -0.06091761]
 [ 0.14171573 -0.04366815 -0.15301542  0.37497602  0.15170562]
 [ 0.03464157 -0.03879984 -0.02814428  0.03767031  0.00546611]
 [ 0.13210656  0.03334304  0.40802317  0.0866345   0.62488645]
 [-0.23412514 -0.43100327  0.01330279 -0.18601143  0.15143131]
 [ 0.01647073  0.11048509 -0.29488257 -0.11516169  0.2678713 ]
 [-0.03644284 -0.34812646 -0.41912954  0.23306706  0.15096557]
 [ 0.10757561 -0.11522709  0.30274398  0.12557783 -0.22983483]
 [ 0.19782899 -0.19259118  0.18256479  0.3280528  -0.01086951]
 [-0.04599529  0.25171148  0.05154332 -0.32482498  0.16332295]
 [-0.19718232 -0.04146085 -0.00643019  0.08688275  0.05029226]
 [-0.27839256  0.07548838  0.17058312 -0.06684179 -0.02170413]]
Singular Values 
[8.87206046 7.78910408 7.33157047 6.16329035 4.90958175]
Singular Vector V (transpose) 
[[ 0.31302166 -0.3576957   0.23618832 -0.7329292  -0.42555974]
 [-0.41551483  0.75194965  0.07560145 -0.2723508  -0.42664811]
 [-0.21885554  0.07602026  0.65453136 -0.29957649  0.65434379]
 [ 0.08062556 -0.07130492  0.712257    0.5466524  -0.42693822]
 [ 0.82156353  0.54384009  0.05270823  0.00805633  0.16256769]]

Kinase RPS6KA3
Singular Vector U 
[[-0.24908639 -0.14261458 -0.22198941 -0.08376432]
 [-0.2841147  -0.24101219  0.04064362  0.2413554 ]
 [ 0.34829468 -0.22125909  0.07532624 -0.13224657]
 [-0.12453958 -0.30517743  0.29168665  0.04617392]
 [-0.06905084 -0.3717094   0.02979134  0.03442116]
 [ 0.01005044 -0.19321306  0.38041691 -0.19443991]
 [-0.01741477  0.09060479  0.0767625  -0.0596224 ]
 [ 0.27112248  0.00084889 -0.06866489 -0.0120009 ]
 [ 0.24162176 -0.15899063 -0.24234567  0.40883685]
 [-0.12502925  0.14939783  0.00712735 -0.18560025]
 [-0.26328873  0.07211388 -0.20604409  0.23695181]
 [-0.04569761  0.02156004 -0.42662238 -0.04906192]
 [-0.03725841 -0.26580832 -0.08864831 -0.19973501]
 [ 0.0826145   0.02430633 -0.18490595  0.45517627]
 [ 0.35665234 -0.0847567  -0.12103414 -0.30117145]
 [-0.19378709 -0.12645961 -0.39637924 -0.22454981]
 [ 0.38991411 -0.19889281 -0.19981353  0.01859942]
 [-0.12714125 -0.07499061 -0.22750342  0.00453302]
 [-0.15700759 -0.39114974  0.11289456  0.27625153]
 [ 0.26458094 -0.35296966 -0.0808096   0.05926416]
 [-0.15606108 -0.22028815 -0.14926766 -0.28961458]
 [-0.17497796 -0.2769598   0.036401   -0.13568598]
 [ 0.07430214  0.00956216  0.26548016  0.20392111]]
Singular Values 
[9.33669433 8.33795967 5.55090101 4.65458134]
Singular Vector V (transpose) 
[[-0.66075212  0.42131447  0.15762472  0.60087869]
 [-0.41800372 -0.60807539 -0.66025988  0.13990744]
 [-0.59030284 -0.25285417  0.47992737 -0.59772656]
 [ 0.20055443 -0.62354086  0.55577068  0.51195085]]

Kinase CDK4
Singular Vector U 
[[ 4.09499146e-01  1.97121324e-01 -6.47614247e-02 -1.96610388e-01
   1.07790324e-01  4.20589824e-03]
 [ 2.51604432e-02 -2.41873253e-02  1.81983467e-01  3.96162752e-01
  -1.09995581e-01 -2.11470181e-01]
 [ 3.56962660e-01 -4.40944756e-02  2.00504790e-01 -9.86351268e-02
   2.13548392e-01 -1.74338835e-01]
 [ 2.09935602e-01  1.57900284e-01  3.98864312e-01  8.05268899e-02
  -3.41079244e-01  1.27292518e-01]
 [ 8.89712375e-02  1.08092149e-01 -2.74677925e-02  7.18308957e-02
  -4.58163080e-02 -4.79024357e-01]
 [ 2.62332612e-01  1.21905765e-04 -1.16738506e-01  2.38798392e-01
   3.62460108e-01  2.37743156e-01]
 [ 6.20125900e-02  3.90338380e-02  1.17298051e-01  8.95318158e-02
   3.74524917e-01  1.72893838e-01]
 [-6.85895848e-02 -3.88052909e-01  7.04397234e-02 -3.01717734e-02
   2.00385544e-02 -2.83585126e-01]
 [ 1.69596315e-01 -4.41079528e-01 -1.13207324e-01 -9.57463120e-02
  -5.87596650e-02  1.05222879e-01]
 [-9.80576828e-02  9.81668740e-02 -2.42942542e-01 -6.54705939e-02
  -2.82490409e-02  4.37294416e-01]
 [ 1.93904927e-01  3.44193501e-02  1.23757031e-01  3.45919977e-01
  -2.15925404e-01  3.37487370e-01]
 [ 1.32546126e-01 -1.44879651e-01  2.40783262e-02  3.00586801e-01
   3.14421693e-01 -1.90771805e-01]
 [ 9.65233514e-02 -1.95175457e-01 -3.03650959e-01 -2.37268698e-01
  -1.00338545e-01  3.82977552e-02]
 [ 2.48261561e-01 -3.85405863e-01 -1.39205595e-01 -7.22817303e-02
  -2.20820022e-01  1.13147067e-01]
 [ 2.89651417e-01  1.99718844e-01 -2.81664605e-01  4.27647664e-02
   1.43082621e-01 -1.07346763e-01]
 [ 1.68236606e-01 -3.84638439e-01  2.92818832e-01 -1.40645423e-02
   2.29034145e-01  2.45140914e-01]
 [-8.28890596e-02 -3.26999713e-01 -1.72812359e-01  2.14575276e-01
   3.01368200e-02 -5.47251702e-02]
 [ 2.08460799e-01 -4.45158256e-02 -3.62829543e-01  3.81651503e-01
  -3.28257936e-01 -1.27635430e-01]
 [-4.22065551e-03 -9.12037035e-02  2.86386141e-01  7.03655455e-02
   5.57490248e-02 -9.72223589e-02]
 [ 1.27107686e-01 -7.61589165e-02  1.36848135e-01 -4.65410532e-01
  -7.31811698e-02 -1.65096964e-01]
 [ 3.43062073e-01  1.30296096e-02  1.10829715e-02 -4.49301523e-02
  -2.71888164e-01 -5.20640333e-02]
 [ 2.84324983e-01  1.38575202e-01  1.80859499e-01 -9.84923391e-02
  -1.22909217e-01  4.70564583e-02]
 [ 1.82117809e-01  1.63275561e-01 -2.66103064e-01 -7.12926928e-02
   2.29234540e-01 -1.13887039e-01]]
Singular Values 
[12.11341209  7.74614663  6.8379041   6.06990563  5.35215443  4.24354366]
Singular Vector V (transpose) 
[[ 0.00640281  0.4315299   0.47300179  0.55737662  0.25722001  0.46171359]
 [-0.52316895  0.40758157  0.2965893  -0.41211907 -0.53683365  0.11905377]
 [ 0.16828773 -0.02780506  0.59602521 -0.54908747  0.51848036 -0.21293459]
 [ 0.74853629  0.02567292  0.30603479  0.0355628  -0.58287437 -0.06610439]
 [-0.36496519 -0.4109023   0.45110423  0.4451393  -0.16391361 -0.51908382]
 [-0.06653064 -0.69093147  0.18948806 -0.13630268 -0.10107134  0.67341504]]

Kinase IRAK4
Singular Vector U 
[[ 0.16569794  0.06722264 -0.37933206]
 [ 0.15545489  0.01212995 -0.22769716]
 [-0.01625099 -0.13356188 -0.04363023]
 [-0.3782699  -0.11845404 -0.14397556]
 [ 0.08845563 -0.11652944 -0.04026371]
 [-0.08433681 -0.1061191  -0.46650781]
 [ 0.20267647  0.31389329 -0.01603923]
 [ 0.01199848  0.39857587  0.0334047 ]
 [ 0.26543825  0.03490541  0.01809295]
 [ 0.2019678   0.19826194 -0.1724475 ]
 [ 0.27409472  0.044805   -0.1015786 ]
 [-0.09411257 -0.13764593 -0.18823592]
 [-0.04613382  0.3349814  -0.03699024]
 [ 0.38152815  0.2980597  -0.00463192]
 [-0.21531114  0.25053997 -0.22630461]
 [ 0.02522926  0.19764307 -0.38607019]
 [ 0.01681343 -0.15101307  0.14734278]
 [-0.37807278  0.16819756 -0.1025325 ]
 [ 0.04214092  0.25572584  0.31831376]
 [ 0.15476421 -0.2154739   0.15168665]
 [-0.06867358  0.16947423  0.34176158]
 [-0.28347417  0.27077501  0.06011341]
 [-0.32391779  0.22782843  0.081023  ]]
Singular Values 
[7.59066892 7.42298993 7.04193879]
Singular Vector V (transpose) 
[[-0.78638789  0.61549013 -0.05259259]
 [ 0.12724826  0.24471387  0.96120914]
 [-0.60448488 -0.74919091  0.27076007]]

Kinase AKT1
Singular Vector U 
[[-3.10854224e-01 -1.09097307e-01 -9.40248835e-02 -2.65878740e-02
  -2.29714393e-02  2.46676781e-02 -2.74507355e-01  2.51622811e-01
  -3.42313396e-01  1.18225382e-01 -2.41783372e-01  5.65973851e-02
  -3.48514057e-01  8.96123226e-02 -4.21863145e-01  5.68235299e-02
  -1.45488059e-01  1.05777566e-01 -2.28961520e-01  2.41625889e-01
   1.30903021e-01  2.26934414e-02  2.78916850e-01]
 [-3.33788831e-01  4.81199866e-02  7.40277164e-02 -1.89767733e-01
  -1.24217475e-01 -1.00505439e-01  2.69157665e-01  5.36796309e-02
   1.95419769e-01  4.74777791e-01  1.89532690e-01  1.10852722e-01
  -1.30586583e-01  2.02568402e-01  3.98117577e-03 -1.27467379e-01
   1.06930698e-01  3.54143150e-01  1.65381054e-01  2.46965886e-02
  -3.99118847e-01 -1.60311813e-01  8.91427063e-02]
 [-5.83334764e-02  2.15630544e-01 -1.35138885e-01  5.23240209e-01
   3.23674170e-01  2.96083495e-01  6.00150618e-02 -2.95044561e-01
   1.51122389e-01 -9.34313207e-02  2.05863311e-03  1.18083869e-01
  -3.24061126e-01 -2.99486216e-02 -1.10820505e-01 -2.99730240e-01
   1.81073701e-01  2.71030429e-01 -8.53376777e-02 -6.37329517e-03
   2.23449996e-02  7.63281636e-02 -3.91582640e-02]
 [-1.49324087e-01  4.74921489e-04  4.75335679e-04  8.91800994e-02
   4.51579384e-01 -3.11627490e-02 -9.76422853e-02  3.58506348e-01
   1.08963295e-01  2.06910978e-01  2.20740941e-01 -7.30297666e-02
   2.97258006e-01  2.10728739e-01  1.81603796e-01 -3.38488458e-02
  -3.08688788e-01  1.47255546e-01 -3.01945999e-01 -8.81500538e-02
   9.26677634e-02  3.19143907e-01 -1.57474768e-01]
 [-1.10999825e-01  2.53297615e-01 -1.90513923e-01  1.08083887e-01
   2.41312147e-01 -1.71209187e-01  1.98292732e-01  3.34581846e-01
  -1.06544683e-01  6.11438748e-02 -9.68535909e-02 -2.09556862e-01
  -1.06052241e-01  1.61440001e-01  3.87714008e-02  1.85515084e-01
   5.03214164e-01 -3.06084085e-01  6.56147649e-02 -3.15271958e-01
   1.03416939e-01 -1.01395261e-01  1.53390775e-01]
 [-1.39457355e-01  1.31052594e-01  1.40249068e-01 -1.75679949e-01
  -2.14915476e-01  1.91421692e-01 -1.78172551e-01  5.10825899e-02
  -4.74147385e-02 -2.35017744e-01 -1.29843738e-01  1.91332658e-01
   4.61469536e-02 -7.96696562e-02  3.37743904e-01  8.17686365e-02
   1.34497834e-01  4.05004160e-01 -2.77133712e-01 -4.90361586e-01
   7.52784848e-02 -4.51428474e-02  2.19987567e-01]
 [-3.93904570e-01  4.14151140e-02  1.56144884e-01 -1.98050623e-01
   1.24516558e-01 -1.10137132e-01  6.64612572e-02 -1.39341505e-01
   2.19351080e-01 -1.20352655e-01 -1.05661069e-01  1.37527793e-01
  -1.50492045e-01  1.71425993e-02  4.22240705e-01  4.26789697e-02
   9.32580312e-02 -1.15953035e-01  1.10144178e-01  4.43634945e-01
   4.26332251e-01  1.31368955e-01  4.71156224e-02]
 [-2.80241020e-01 -2.64053580e-01  1.84388872e-02 -1.20927923e-01
  -5.08259147e-02  5.44550606e-01  1.21544283e-01  1.07804606e-01
  -5.15086670e-02 -5.58802302e-02  2.78881335e-02 -4.10374032e-01
  -1.96641727e-01 -4.58567342e-02  2.05561867e-01 -2.63577844e-01
  -5.73145872e-02 -2.86559943e-01 -1.43882616e-01 -4.40763984e-02
  -1.30687437e-01 -1.66873581e-01 -1.75587688e-01]
 [-1.46693067e-01 -2.51669861e-01 -3.95732044e-01  8.23805616e-02
  -1.24563299e-02  2.92807484e-01 -3.36758704e-01  8.93392289e-02
   1.92779989e-02 -7.95158931e-02  1.56936821e-01  4.76755782e-01
   1.86436847e-01  2.52421453e-01  9.06091544e-02  5.97543013e-02
   1.38368802e-01 -1.86921077e-01  3.27392850e-01  1.21749237e-03
  -1.17679923e-01 -1.64975110e-02  1.42990474e-02]
 [-1.18060481e-01 -7.69728095e-02  2.47844952e-01  2.65216696e-01
   5.00949455e-04  2.25225320e-01  1.49731217e-01  1.95160749e-01
   5.04826727e-02  1.63734138e-01  2.96113224e-01  1.04790987e-01
   6.13535304e-02 -3.83894917e-01 -1.51227913e-01  2.67348923e-01
  -1.36279539e-01  5.35650920e-02  2.34746361e-01 -8.06915045e-02
   4.12886671e-01 -3.28389654e-01  4.74986090e-02]
 [-9.98432510e-02 -4.42094712e-04 -2.76311671e-01 -1.31662301e-01
  -1.80488807e-01  3.42962051e-02  2.33084904e-01 -1.48483642e-01
  -2.16400393e-01  2.18071631e-01 -7.29307095e-02  1.86106863e-01
   1.67983804e-01  1.87277391e-02 -1.09710371e-01  8.80440676e-02
   2.28469498e-01  9.20866725e-02 -2.86456436e-01  2.39756272e-02
   2.86614327e-01 -5.54796181e-02 -6.12361861e-01]
 [-1.47574615e-01 -2.46049311e-02 -5.22353486e-01 -8.73025927e-02
   1.21192134e-01 -3.45065621e-01  6.84338793e-02  5.51436962e-02
  -1.52161624e-01 -2.10103521e-01  6.33912045e-02 -5.25763824e-02
   9.69177948e-02 -3.35391239e-01  1.26126718e-01 -3.79788710e-01
  -2.12006659e-01  1.88508707e-01  1.23023565e-01 -1.79631801e-02
   7.94830074e-02 -2.99806255e-01  8.60888505e-02]
 [-3.25667998e-01  1.01281727e-01  9.40479202e-02  1.89877654e-01
  -7.11311439e-02  4.44045787e-02  4.13646451e-01 -2.61761543e-02
  -4.10081551e-01 -4.05300835e-01  1.45406880e-01 -1.81854062e-02
   2.72262057e-01  3.39035857e-02 -6.27262428e-02  1.99166129e-01
  -3.90431304e-02  6.65619320e-02  3.65448401e-02  1.67665504e-01
  -2.71136387e-01  2.66781618e-01  8.41846072e-02]
 [-7.54393971e-02  1.68242149e-01  3.05430882e-02 -8.43977026e-02
   3.86164301e-02 -2.79186889e-02 -5.12464891e-01 -9.37310991e-02
  -1.09786700e-01 -8.40309278e-02  4.49039544e-01 -4.13181551e-01
  -7.62405607e-03 -4.25143906e-02 -1.74683405e-02  1.77296010e-01
   3.22271182e-01  2.27190072e-01  4.35394143e-02  2.30657480e-01
  -2.91943625e-02 -1.34767142e-01 -1.72074481e-01]
 [ 1.49689457e-02 -1.28969814e-01  4.45552707e-01 -1.32831668e-01
   3.47607378e-01 -8.64946292e-02 -2.23331493e-02  2.79911358e-01
  -3.51110448e-02 -3.16316308e-01 -1.75432849e-01  2.38947920e-01
   1.26383733e-01  5.06252574e-02 -2.36462882e-01 -2.65899267e-01
   2.29543343e-01  5.61780665e-02  2.90437406e-02  6.29954946e-02
  -1.05524606e-01 -2.88823660e-01 -2.65127887e-01]
 [-1.25268997e-01  3.42857540e-01 -6.66336676e-03  1.82363771e-01
  -3.99480387e-01  6.83377536e-02 -1.64412787e-01  3.87087648e-01
   1.97197702e-01  7.96898127e-02 -2.69860202e-01 -1.00427349e-01
   2.49781997e-01 -2.65653608e-01 -5.54773020e-02 -2.94868225e-01
   1.23045176e-01 -2.08590801e-02  1.66481065e-01  1.61872697e-01
  -1.05227800e-02  2.40096475e-01 -1.18092992e-01]
 [-3.37600363e-01  2.63254598e-01 -9.76794499e-02 -4.69616345e-02
   2.09768171e-01  3.30504687e-02 -1.30871492e-01 -2.13591568e-01
   2.91969429e-01 -3.60808333e-02 -3.63963087e-01 -4.77655876e-02
   1.26117670e-01 -9.97104684e-02 -1.42878124e-01  3.90804152e-01
  -2.92043327e-01 -1.02222375e-01 -4.16426835e-03 -8.86732195e-02
  -2.82319195e-01 -2.62400820e-01 -1.57056542e-01]
 [-2.50932179e-01 -1.38453443e-01  2.18808527e-01  1.66639413e-01
   5.56986529e-02 -8.72683792e-02 -1.73331398e-01 -4.35870331e-01
  -1.85313523e-01  3.15921161e-01 -7.33739835e-02 -7.31892157e-02
   4.45567090e-01 -1.72699923e-02 -3.33560817e-02 -2.90585931e-01
   1.62277119e-01 -2.05943961e-01 -1.04656732e-01 -9.30777740e-02
   6.21300494e-02 -8.69463015e-02  2.87090798e-01]
 [-1.46478068e-02 -9.94756785e-02  5.73805944e-02  4.18545522e-01
  -2.77267228e-01 -1.34331590e-01 -1.94098863e-02  2.86153167e-04
   2.21580824e-02 -1.31500870e-01 -2.07550190e-01 -2.33337050e-01
   2.88250370e-02  5.67598568e-01  1.57212060e-01  2.91674154e-03
  -1.77622385e-01  2.08667561e-01  1.28405595e-01  1.75105103e-02
   1.86235173e-01 -3.32240754e-01 -1.27021318e-01]
 [-1.34633643e-01  4.73535798e-01  1.04706545e-01 -2.19483132e-01
  -1.33639103e-01  5.82400914e-04 -6.05533171e-02 -1.02633319e-01
  -5.95429771e-02 -1.37341289e-01  3.11168635e-01  1.11703814e-01
  -9.61131550e-02  2.88037258e-01 -2.67234139e-01 -2.87074855e-01
  -2.69391571e-01 -2.69471828e-01  1.10037237e-01 -2.70578129e-01
   2.28401666e-01  1.31262882e-02 -7.65057882e-02]
 [-1.99317662e-01 -2.78130455e-01 -7.81354620e-02  1.14333312e-01
  -2.51946726e-01 -2.83357130e-01  3.81551324e-02  3.65386605e-02
   5.15855498e-01 -2.86666510e-01  2.60523145e-01 -7.47857132e-03
   2.11070403e-05 -2.61007493e-02 -2.71100138e-01  2.21278092e-02
   1.49946075e-01 -1.39503281e-01 -4.19027448e-01 -5.86916811e-02
   7.49739692e-03  6.66722381e-03  7.22910390e-02]
 [-2.63344199e-01 -2.86993278e-01  1.45605589e-01  1.57641708e-01
  -3.33376043e-02 -3.28901456e-01 -1.67428100e-01 -6.80555292e-02
  -1.53933011e-01  2.99592914e-02 -4.61219438e-02  1.64004301e-02
  -3.26861899e-01 -1.99393924e-01  5.36118600e-02  3.56619596e-02
  -2.44604389e-02 -3.74952300e-03  2.81496340e-01 -3.89168242e-01
  -8.60018434e-02  3.33634584e-01 -3.64056162e-01]
 [-3.94763899e-02 -2.48132787e-01 -1.10351900e-01 -3.12640289e-01
   1.09681228e-01  1.97991389e-01  1.09609742e-01 -1.08231513e-01
   1.97194571e-01 -9.78917718e-02 -1.51391858e-01 -3.29533746e-01
   1.82725143e-01  1.22435748e-01 -3.52640142e-01 -2.13081575e-03
   9.55147091e-02  2.91579560e-01  3.49519700e-01 -1.75363278e-01
   2.51020425e-01  2.80860346e-01  1.01589640e-01]]
Singular Values 
[17.50010121 12.41373717 11.47605648 11.02425411 10.64362123 10.0119087
  9.03195982  7.9552966   7.75103579  7.53549697  7.09702738  6.23260093
  6.06285583  5.05487369  4.75457023  4.16185667  4.01211641  2.57653283
  2.32944488  2.07457474  1.75446725  1.40347394  0.82723614]
Singular Vector V (transpose) 
[[-2.00944139e-01 -2.05439895e-01 -2.00939120e-01  1.95344395e-02
  -1.10359210e-01 -4.11886750e-02 -8.82976113e-02 -1.97911403e-01
  -8.00899783e-02 -1.98240708e-01 -1.30804855e-01 -1.41105371e-01
  -3.53347386e-01 -4.21341930e-02 -2.85928408e-01 -1.08334002e-01
  -2.54215535e-01 -2.97578818e-01 -2.61924083e-01 -1.61032694e-01
  -2.57338300e-01 -1.56203922e-01 -3.24246229e-01 -6.35276702e-02
   1.02039412e-01 -2.34607749e-01]
 [ 3.41133062e-01  8.12898057e-02 -1.27419668e-01 -3.12814039e-01
   2.34639976e-01 -1.71212130e-02 -8.62944546e-02  1.46669392e-02
   1.15839460e-01 -1.20935806e-02 -1.27209588e-01 -9.84585602e-02
  -3.94092307e-01  1.97744644e-01 -5.82425562e-02  2.82398149e-02
   3.59837570e-01 -1.06208168e-01 -2.63348332e-02  3.15495426e-01
  -9.78771580e-02  1.06172663e-02  2.64524860e-01 -2.14317706e-01
  -1.79299580e-02 -3.08162874e-01]
 [-3.04181873e-01 -2.44665489e-01 -2.29236510e-02 -1.28126008e-01
  -1.40695497e-01 -3.12420908e-02 -4.70776725e-02 -3.92557475e-02
   5.63264954e-03 -1.48869239e-01 -2.22530151e-01  2.21353335e-01
  -4.05838369e-02  2.06165588e-01  4.85176336e-01  3.87481190e-01
   1.20940121e-01 -3.12482768e-01 -4.03846425e-02 -7.61813193e-02
   8.20483706e-02  1.76269960e-01  3.88717658e-02 -2.58784026e-01
   4.54911351e-02  1.66381630e-01]
 [ 3.25269957e-02  5.03739888e-01 -1.07686784e-01  9.06462185e-02
  -1.98157218e-01  1.55689081e-01 -1.02818593e-01 -1.58377135e-01
  -2.23923248e-01  1.71624940e-01  1.25412260e-02  1.16474125e-01
  -6.62203543e-02  2.29873427e-01 -1.07780996e-01 -5.22145885e-02
  -1.63579126e-02 -2.70802178e-02  3.60333998e-01 -1.61758216e-01
  -3.00928086e-01  1.34304748e-01 -7.94598886e-02 -3.85252829e-01
   7.79979539e-02  1.86826930e-01]
 [-7.67522216e-02 -1.24844937e-01  1.57482669e-01 -1.83579451e-01
  -5.77746343e-02 -1.82558305e-01 -3.89623992e-01  2.26024596e-01
  -2.53081464e-01 -3.16621101e-01  3.47276607e-01 -8.96635424e-02
   1.36631586e-01  6.38921884e-02  6.42663491e-03  1.20568428e-02
   1.21315707e-01  2.04817034e-01  4.87774270e-02  3.39400996e-01
  -2.50300462e-01  8.89560641e-02 -2.79881577e-01 -6.02325185e-02
   1.89031387e-01  4.56792168e-02]
 [ 1.65368446e-01 -1.92613111e-01 -5.05039565e-01  1.46321327e-01
  -1.90734887e-01  2.47310369e-01  2.46187506e-01  5.01911882e-02
   2.10678400e-02 -3.78264945e-01  3.45544594e-01  2.15219987e-01
  -7.17456779e-02  1.63828551e-01 -6.88213457e-02 -1.89794317e-01
   1.22862368e-01  8.06729877e-02 -4.32256740e-02 -1.00937179e-02
   1.60748796e-01  1.24868335e-01  1.10310369e-01  2.97555731e-02
   1.69990586e-01  9.72522704e-02]
 [-3.54777933e-01 -2.19731769e-02 -3.41407471e-02 -1.59647705e-02
   6.01976255e-02 -7.81412936e-03 -3.23836792e-03 -1.73786740e-03
   9.72266238e-02 -6.89107771e-03 -3.21714112e-01  2.80890241e-01
   8.64894292e-02  3.14799048e-01 -1.00009398e-02 -2.34508735e-01
  -3.41303687e-01  3.43885463e-01  8.10520037e-02  2.83717065e-01
  -5.60147258e-02 -1.35675578e-01  2.52115362e-01 -6.22697760e-03
   2.71684223e-01 -1.84902685e-01]
 [-7.46242897e-02 -1.24861877e-01 -3.14301713e-01 -1.38273200e-02
  -5.73774729e-02 -1.65792780e-02  2.79948184e-01  5.32133327e-01
  -1.21856031e-03  2.35873760e-01 -1.74043499e-01 -2.33580002e-01
   1.40526940e-01 -1.94412085e-01  1.12458306e-01  4.24397251e-02
   1.08732367e-01  2.31465062e-02  1.44228962e-01 -1.48975942e-01
  -3.89481727e-01  1.38883512e-01  1.18323114e-02 -1.45020378e-03
   2.15610891e-01 -1.71202746e-01]
 [-2.18929561e-01 -7.48089619e-02  5.99647052e-02  3.74869348e-01
   2.35602744e-01  2.74912422e-03  2.55147015e-01  6.62786796e-02
  -4.03133836e-01 -1.93941659e-01 -1.65850072e-01  4.80077729e-02
  -1.74169756e-01  3.45299224e-02 -1.01418364e-01  1.23209732e-01
   3.40326373e-01  9.85024898e-02  3.29394125e-01  7.79521159e-02
   9.28326126e-02 -2.55434742e-01 -1.37200169e-01 -1.01409451e-02
  -2.21072251e-01 -9.29534182e-02]
 [-3.04461777e-01 -8.86424911e-02 -2.16944605e-01 -2.22492203e-02
  -1.48784383e-01 -2.83512966e-01 -2.08288006e-01  8.83992234e-02
  -1.21544309e-02  3.59508889e-01  3.71778422e-01 -1.01821777e-01
  -4.55197112e-04  2.47701531e-01 -8.80436733e-02 -3.34452518e-04
   9.97205093e-02  1.15485047e-01 -1.37416520e-02 -2.34466925e-01
   2.91708642e-01 -1.47496190e-01  1.25760977e-01 -1.85480604e-01
  -2.22930584e-01 -2.56653480e-01]
 [-2.81676566e-02 -1.04277301e-02 -1.73956819e-01 -2.01462695e-02
   1.25206429e-01  7.73734169e-02 -2.73336015e-03 -2.81519877e-01
   2.64742494e-01  4.59604529e-02  1.46294222e-01 -1.00902390e-01
   2.81184308e-01  1.21349672e-01  1.50581568e-01  6.63890099e-02
   2.67073016e-01 -1.11235696e-01  7.42938091e-02  2.44473553e-03
  -2.48882559e-01 -6.42978541e-01 -7.40818476e-02  9.43271379e-02
   1.91232542e-01  1.65237437e-01]
 [-1.22918332e-02  2.06200591e-01 -3.14970056e-02  1.74640411e-01
  -3.08568542e-01  2.04124438e-01 -1.84240552e-01  2.93086166e-01
   9.24547836e-02 -7.23185395e-02 -3.38615806e-01  2.58227484e-02
   3.09549916e-01  1.08010748e-01 -3.12399613e-01  1.19147172e-01
   2.46319580e-01 -4.34990924e-03 -4.43331909e-01  1.15266882e-01
   3.81681827e-02 -1.17968316e-01 -4.75622925e-02 -6.18651481e-02
  -1.62375817e-01  4.87903999e-02]
 [-1.04219133e-01  2.39024945e-02  4.64001189e-02  6.74406096e-02
   2.75841678e-01 -1.64650017e-01  1.38099086e-01  1.01318163e-01
  -1.72163913e-01  1.68087281e-01  7.44508746e-02  4.95879054e-02
   2.68104547e-01  2.61310022e-01 -1.42658581e-01 -3.59225312e-01
   6.73748219e-02 -6.24575974e-01 -7.57882442e-02  1.75263400e-01
   8.30818599e-02  1.83046632e-01 -2.76758340e-02  8.19452728e-02
   1.04813320e-01  6.25046467e-02]
 [-3.03501793e-01  1.95202626e-01 -1.13605784e-01 -1.73950069e-01
   5.55376577e-02  1.84813478e-01 -6.67556399e-02  3.19277480e-01
   3.16111837e-02  1.87138404e-01  1.30833364e-01  2.76335458e-01
  -4.16009632e-01 -2.77299000e-01  1.85165335e-01 -2.38737642e-01
   3.44948645e-02 -4.73845252e-02 -1.32872720e-01  1.82237844e-01
  -2.13591043e-02 -1.94340199e-01 -1.07142402e-01  7.29462345e-02
  -1.47438757e-01  2.84919924e-01]
 [-8.97669399e-02 -1.00022157e-01 -3.68459087e-01  4.58806623e-02
   2.09968472e-01 -2.61308672e-01 -3.68532933e-01 -1.06256483e-01
   1.63841798e-01 -1.89969989e-01 -2.43076177e-01 -3.22893723e-02
   1.49255367e-01 -3.41618026e-01 -1.64898228e-01 -2.06943871e-01
   8.53131583e-02 -1.42922111e-03  2.49887686e-01 -2.63646685e-02
   3.16682911e-02  1.46652515e-01  1.56730515e-01 -1.05581094e-01
  -1.84389953e-01  2.99825192e-01]
 [-1.21746464e-01  7.87437657e-02  1.98182165e-02 -3.80573269e-01
   4.47299547e-01  1.95534088e-01  1.48813714e-01 -1.45611399e-02
  -7.03490001e-03 -5.88004863e-02 -1.04881273e-02  8.01739938e-02
   1.71373570e-01 -9.60653355e-02 -1.80740404e-01  3.52880446e-03
   1.08571923e-01  2.16651976e-01 -1.84071112e-01 -3.12476800e-01
   2.30476231e-01  5.35575707e-02 -2.57073502e-01 -3.57650559e-01
   2.25604124e-01 -2.49614865e-02]
 [-2.77543064e-02  1.53933355e-01 -1.92856487e-01  1.54228585e-01
   1.50419107e-01 -2.98022534e-01 -2.08732477e-03 -9.04926803e-02
  -1.26127469e-01  1.60711789e-01 -1.41993131e-01 -2.56597960e-01
  -2.67919990e-01  2.13542590e-01  2.16390749e-02  1.66248085e-01
   8.33922005e-02  2.81485714e-01 -3.08637854e-01 -8.25073957e-03
   8.56865338e-02  1.43142670e-01 -5.72526357e-02  2.68817553e-01
   3.03522324e-01  3.80362842e-01]
 [ 1.89679096e-02 -2.33278905e-01 -7.99754890e-02 -3.06336641e-01
  -1.40175392e-01 -2.39513370e-02  1.44546355e-01 -8.19087623e-02
   2.72710676e-01  2.42835344e-01 -1.06284064e-01  1.84301712e-01
  -2.95268241e-02  2.07162997e-01 -3.16912992e-01  1.32602377e-01
   5.50425196e-02  7.19540886e-02  2.69309879e-01  1.53974013e-01
   6.21293445e-03  1.76064171e-01 -4.59933882e-01  2.44581238e-01
  -2.00093492e-01  9.93564417e-02]
 [ 1.67105884e-01  3.27779004e-01 -4.74444100e-02  4.87700982e-02
  -2.22877709e-01 -3.81304961e-01  7.38868812e-03  7.49475683e-02
   1.91315062e-01 -1.45082919e-01 -1.58807070e-01  9.29271315e-02
  -1.62612170e-02 -8.37125667e-02  2.72166710e-01 -2.21626870e-01
   1.04831717e-01 -4.66969773e-02  1.48365058e-01 -2.15346315e-02
   3.48319659e-01 -1.07475451e-01 -3.93040074e-01 -9.03331832e-03
   2.25795523e-01 -2.51449441e-01]
 [ 3.08348714e-01 -2.64083646e-01 -4.24855852e-02  6.44921269e-02
   1.02078391e-01 -1.11336627e-02 -1.81398910e-01 -1.12641776e-01
  -2.57911837e-01  1.92139697e-01 -1.64660732e-01  3.22672080e-01
   9.94138876e-02  1.11460551e-01  3.04751204e-01 -3.31994345e-01
   1.66397114e-01  2.00477015e-01 -2.40972367e-01 -2.18723710e-01
  -2.30960425e-01  2.11147489e-02 -1.59614352e-01  5.50123660e-02
  -2.15485257e-01 -1.02469023e-01]
 [-1.45081338e-02 -5.79186612e-02  9.15764518e-02  4.34318070e-01
   1.40906405e-01 -1.38010094e-01 -1.14785851e-01 -4.49593013e-02
   2.75948403e-01  1.97640357e-01  2.07363312e-01  4.72095765e-01
  -8.16775424e-02 -2.46049651e-01 -1.76479614e-01  2.80459644e-01
   1.35836111e-01 -2.03327150e-02 -9.16617663e-02  6.12169437e-02
  -1.56197629e-01  1.36332687e-01 -1.04186170e-02 -9.41243159e-02
   2.75116589e-01 -1.69011362e-01]
 [ 4.91262808e-02 -2.01444704e-01  3.42820103e-02 -1.15129242e-02
  -2.98097770e-01 -1.76228180e-01  3.53164963e-01 -2.63549106e-01
  -1.45138025e-01  2.36330922e-01 -3.51729537e-02 -8.26236108e-02
   5.40431314e-02 -2.73145588e-01 -1.67826796e-02 -1.43920922e-01
   6.97831058e-02  1.02263592e-01 -1.62396375e-01  3.93315610e-01
   4.61829538e-02 -9.48981355e-02  1.83905473e-02 -4.66598809e-01
   4.09457794e-02  1.75574303e-01]
 [-3.20554128e-02 -1.34210788e-01  3.19265684e-01  2.81578663e-01
   1.02547688e-01 -1.38453313e-02  1.15515433e-01  1.81085472e-01
   5.01718867e-01 -9.38192694e-02  4.09124449e-02 -2.47431271e-01
  -1.76397907e-01  2.81366385e-01  8.06254939e-02 -2.86400613e-01
   8.88268758e-03  1.03975340e-01 -2.15157295e-02 -1.17364062e-01
  -1.39976729e-01  7.58358681e-02 -1.28076977e-01 -3.05659656e-01
  -1.43073102e-01  1.99743057e-01]]

Kinase PLK1
Singular Vector U 
[[ 3.22834555e-01  1.03139728e-01 -1.93421321e-01 -1.79851573e-01
   2.61920721e-01  2.85322454e-01 -7.11994103e-03 -1.61539126e-01
   6.39162874e-02  1.91133049e-01  4.47167826e-02 -1.65135600e-01
   1.94484227e-01 -9.84664700e-02  2.27634059e-01 -4.34590616e-01
   1.56938418e-01  2.58506446e-01]
 [-2.20294344e-02 -1.64975853e-02  1.33763565e-01 -6.34706114e-02
   1.59346100e-01 -2.53400493e-01 -2.31637913e-01 -2.58051960e-01
  -1.56026708e-01  2.56708969e-01 -3.54091793e-01 -7.36048333e-02
   1.00733179e-02 -2.27692216e-01  4.12365003e-02  5.32358568e-01
   7.15191605e-03  1.41962346e-01]
 [ 1.08988712e-02 -2.26870483e-01 -8.96310111e-02  2.44231427e-01
   2.49482692e-01  4.25033503e-01  4.14290758e-02 -7.68261010e-02
  -9.88543269e-02 -2.07036484e-01 -2.18496510e-01 -6.53673283e-02
   2.47335375e-01  9.24121624e-02 -4.06582692e-01  2.10098750e-02
  -1.50391506e-01  2.24772972e-01]
 [ 9.78111674e-02  2.48154271e-01 -1.53440657e-01  1.84758734e-01
   2.33516666e-01  1.02810668e-01  4.66430706e-01 -7.19276143e-02
   1.47628906e-01 -2.62675439e-02  7.58328291e-02 -1.09081940e-01
  -2.18890658e-01 -2.52492834e-01 -1.81083621e-01  3.31683549e-01
   1.52524970e-01  9.68436458e-02]
 [ 1.12898148e-01 -1.88746039e-02  4.06829700e-01 -6.01258468e-02
   2.22574945e-01 -3.90702494e-01  1.43221069e-01 -7.71159321e-02
  -3.25839224e-02 -3.95889288e-02 -4.00445984e-01  6.94023061e-02
  -4.83685952e-02  8.63364763e-02  4.08689898e-02 -3.44145093e-01
  -4.41292130e-03  3.28373979e-01]
 [-1.12770622e-01  1.01924089e-01 -2.48228985e-01  3.56148039e-02
  -9.64531759e-04 -1.23241671e-01  1.93039168e-01  6.93470318e-01
  -2.45013001e-01 -7.99994308e-03 -2.01269704e-01 -2.18148667e-01
  -1.20006335e-02  1.48928603e-03  1.73032341e-01  7.56189537e-02
   2.38200817e-01  1.51880866e-01]
 [ 1.76479903e-01 -2.97866907e-01  1.63888152e-01  2.29385421e-01
  -3.84819407e-01 -1.22078255e-01  3.77887265e-01 -1.21033190e-01
  -1.85453434e-02  3.59000841e-01  1.01733274e-01 -2.71527854e-01
   2.82444971e-01  1.96289386e-01 -9.20326388e-02  1.21852436e-02
   1.14218211e-01 -9.47325747e-02]
 [-3.19242937e-02 -7.80558225e-02  3.61940175e-01  3.65352141e-02
  -6.19316633e-02  9.83501427e-02  2.27691374e-01  1.73675100e-01
   2.66150702e-01 -3.05513057e-01 -3.89011086e-02  1.85474596e-01
   3.58322515e-01 -1.75680604e-01  2.39163269e-01  1.51626620e-01
  -2.18957285e-01 -7.98872468e-02]
