Method Singular Value Decomposition(One of the PCA methods)
X = U(SIG)V*

X shape (nxm)

U shape (nxn)

(SIG) shape (nx1)

V shape (nxm)

Kinase AURKA
Singular Vector U 
[[-3.89930940e-04 -1.72692582e-01  2.80261263e-01  6.02124179e-01
  -1.29624369e-01]
 [-8.63406155e-02 -3.66081444e-01 -5.05952548e-01  6.13983889e-02
  -5.68258770e-02]
 [ 1.19428836e-01 -2.95010244e-01  1.17300522e-01  5.51493461e-02
   9.57198332e-03]
 [-2.29940984e-01 -3.32481183e-01  9.39287953e-04 -6.37778021e-03
   8.59164831e-02]
 [-2.14554668e-01 -1.04165337e-02 -2.60660241e-02 -2.27084359e-01
  -2.23776662e-01]
 [-2.09757234e-01  6.90018212e-02 -4.14318438e-01 -4.17424711e-02
  -2.22983009e-01]
 [ 4.34953262e-04  2.02669831e-01 -8.01483653e-03  3.89893638e-01
  -2.28855134e-02]
 [-2.06294222e-01 -3.51445563e-01 -1.73007879e-01 -1.21168747e-01
   4.49929865e-01]
 [ 1.57159658e-01  2.49304623e-01 -2.53779672e-01  2.14741626e-01
  -1.33038763e-01]
 [ 2.83850631e-02  2.74712653e-01 -2.43331498e-01 -1.52750187e-02
   8.41524164e-02]
 [-5.90534500e-02  9.40558168e-03 -5.14068361e-02  1.15024178e-01
  -2.64982990e-01]
 [-1.41915083e-01  1.50037195e-01 -2.31239840e-01 -1.17561628e-01
  -2.67346777e-01]
 [-2.34678496e-01 -7.29826207e-02 -4.36234895e-02  7.39489685e-03
  -2.21031361e-01]
 [-1.47896187e-01  1.74027028e-01  1.89297200e-01 -1.13301109e-01
   6.97414885e-02]
 [ 1.28602596e-01  2.88786779e-01 -2.21584144e-01  6.42668623e-02
   5.47507185e-01]
 [ 1.32360318e-01  4.29163069e-02  1.68009202e-01 -4.39818467e-02
  -3.93877072e-02]
 [-4.77986354e-01  2.26338981e-01  7.77426211e-02  1.07593321e-01
   7.69586522e-02]
 [ 3.00457295e-01  1.75825029e-01 -1.00665908e-01 -2.09233275e-01
  -1.63467674e-01]
 [-2.82330087e-01  6.61067901e-02 -1.78036019e-01  4.53157088e-01
   1.18476418e-01]
 [ 1.30683468e-01 -1.74044480e-01 -2.08419635e-01  2.11421791e-02
  -7.26364279e-02]
 [-1.69817290e-01  1.86776301e-01  1.08163754e-02 -5.46333184e-02
   2.72612381e-01]
 [ 2.76227013e-01 -9.97004004e-04 -2.09194920e-01  2.22211966e-01
  -1.55857810e-02]
 [ 3.34677832e-01 -1.90697089e-01 -1.39232300e-01  6.86636733e-02
   1.47357066e-01]]
Singular Values 
[9.61037953 8.48953112 7.27655726 5.35338071 4.01391007]
Singular Vector V (transpose) 
[[ 0.37455645 -0.01983077 -0.34924986 -0.76239191 -0.39509152]
 [ 0.14365366 -0.81996183  0.45690543 -0.22857246  0.2145187 ]
 [-0.88689033 -0.02080593  0.13491947 -0.39598133 -0.19490557]
 [ 0.20920617  0.56053695  0.72996553 -0.30808698  0.11943133]
 [-0.09343132  0.11240452 -0.34381539 -0.33881322  0.86350008]]

Kinase IKBKB
Singular Vector U 
[[ 0.23447649 -0.00487856  0.51743595  0.31646323 -0.18758604 -0.14085136
  -0.22076221]
 [ 0.40321652  0.01384743 -0.14941184 -0.01475177 -0.18062322 -0.14303013
   0.34644974]
 [-0.07682892  0.16292769  0.20174558 -0.06025316 -0.09047134 -0.03664452
  -0.18035932]
 [ 0.01883625  0.19347357  0.05929237  0.00564072  0.09007007 -0.2983394
  -0.05250716]
 [ 0.24163041 -0.3461558  -0.03812517  0.05245669 -0.23024382  0.1385453
  -0.18529032]
 [-0.19541662  0.1275275  -0.13468595  0.1112556   0.14687453 -0.23509345
   0.12987307]
 [ 0.10255289 -0.18469697 -0.07035994 -0.08534673  0.0449308   0.0829255
  -0.0399498 ]
 [-0.07969067 -0.18510484  0.16620754 -0.28434555  0.09016509  0.01224798
  -0.16462782]
 [ 0.11075745  0.39138724  0.18116566 -0.08013862 -0.21926887  0.11726529
   0.01940174]
 [ 0.31495745 -0.1711802   0.13591788  0.02924129  0.23251353  0.22549623
  -0.20205373]
 [ 0.14632365 -0.10221546 -0.21835276 -0.24914651 -0.12032933 -0.21492912
  -0.54373931]
 [ 0.00170088  0.22112832 -0.14263183  0.4319961  -0.02234357 -0.18748229
  -0.45247124]
 [ 0.32857134  0.28365831  0.16047483  0.12985274  0.20108634 -0.12679339
   0.12267413]
 [ 0.05275183  0.18779348  0.09475622 -0.09922692  0.33595181  0.32990656
  -0.18089338]
 [ 0.31748186 -0.12912803  0.19080508 -0.16816012  0.25492938 -0.10338435
   0.2667711 ]
 [ 0.18897052  0.21086808 -0.02522338  0.28660734 -0.21411725  0.14790899
   0.1348891 ]
 [ 0.1041567   0.24134777 -0.41692088  0.19811928  0.24985348  0.46129844
  -0.07918424]
 [ 0.17272565  0.11861575 -0.39436329 -0.19234525 -0.35906046 -0.03131667
  -0.0128753 ]
 [ 0.20147348  0.15008563 -0.08640409 -0.14831129  0.19350806 -0.36765054
  -0.09234718]
 [ 0.01293066  0.23167381 -0.08727233 -0.31282645 -0.08541621 -0.15132033
   0.02499501]
 [ 0.14785024 -0.37965925 -0.17450207  0.36008992 -0.07749275 -0.10483463
   0.12862882]
 [-0.0334563  -0.13795742 -0.19834477  0.19255351  0.43033704 -0.31454367
  -0.0166407 ]
 [ 0.42212935  0.03086512 -0.09077805 -0.1917233   0.15038064  0.0516699
  -0.07016639]]
Singular Values 
[11.64841714  9.63740859  7.54097321  6.26882391  6.11709276  4.6691927
  3.46689575]
Singular Vector V (transpose) 
[[-0.10670844  0.36438128  0.43116508  0.57955834  0.16502378  0.32457775
   0.44884835]
 [ 0.05793725  0.4505359   0.42039829 -0.35761286  0.5682409  -0.23507812
  -0.33298582]
 [-0.04350898 -0.40951718  0.40353861  0.13731737 -0.01464271 -0.74639732
   0.30229094]
 [ 0.87158676 -0.20126371  0.05241924 -0.15629159  0.19551362  0.18384492
   0.31722244]
 [ 0.40162713  0.52164946  0.10848284  0.13121385 -0.65982693 -0.27790549
  -0.15807859]
 [-0.18143679 -0.16061617  0.59089131 -0.52470971 -0.41932619  0.36519112
   0.08724275]
 [-0.17168699  0.39763874 -0.33294098 -0.44766583 -0.01494661 -0.19463718
   0.68047452]]

Kinase RPS6KA1
Singular Vector U 
[[-0.06448596  0.25466697 -0.09607901  0.42022133 -0.04376653  0.43751993
  -0.0691172 ]
 [ 0.08229603  0.30794379  0.08909086  0.02868246 -0.00666354  0.0035382
  -0.35183249]
 [-0.07278323  0.19939014  0.24897323  0.23053956  0.0442708  -0.03896282
   0.1545976 ]
 [-0.16654803 -0.07364081  0.16327466 -0.27573039  0.09733931 -0.13571924
  -0.1529799 ]
 [-0.3122081  -0.07347354 -0.13603977 -0.02137329  0.08740562 -0.0962256
  -0.15592103]
 [-0.16339463 -0.15903471  0.137445   -0.29843978 -0.16371098  0.25002492
  -0.22379012]
 [ 0.09719418  0.16576898 -0.12950697  0.2315997   0.48363425 -0.18535784
  -0.00827004]
 [-0.2297657  -0.06314332 -0.14997335  0.3433555  -0.25119452 -0.20707791
  -0.30945781]
 [-0.25600712  0.26141527 -0.07418602  0.18464842 -0.24919873 -0.27885577
   0.20587646]
 [ 0.14285908  0.51344544  0.03626833 -0.22287577  0.00633399 -0.28928539
   0.13188634]
 [-0.10776287  0.14864531  0.20882987 -0.37555891  0.14911473  0.07770015
  -0.10030196]
 [-0.02652017  0.19749782  0.30651333 -0.17424889 -0.11111472  0.03104402
   0.23162075]
 [-0.2459437   0.05554336  0.03022872  0.06166345  0.2610058   0.5337967
   0.23278946]
 [-0.01608272  0.39546991 -0.07939833 -0.15002501 -0.06061328  0.05722428
  -0.27003545]
 [-0.24229904 -0.01586475 -0.17175395 -0.04382025  0.31810302  0.13476858
   0.04594962]
 [-0.31590139 -0.06569671 -0.27119923 -0.08400613  0.07951725 -0.27803448
   0.00298476]
 [-0.18464079  0.37760179 -0.36850515 -0.14307223 -0.13790026  0.17362972
   0.00608613]
 [-0.22580415  0.03488926 -0.07465782 -0.11212234  0.45498957 -0.14065182
  -0.16589771]
 [-0.38913198  0.1036152   0.39305526  0.15366232  0.07620022 -0.02889905
   0.04345277]
 [-0.35456763  0.00077319  0.23163041 -0.00594653 -0.29784557 -0.04266689
   0.03328147]
 [ 0.00191785 -0.0292107   0.43064612  0.26808664  0.22170182 -0.16168587
  -0.04963341]
 [-0.29946159 -0.13972495 -0.0749349  -0.03341628 -0.09374033 -0.04319412
   0.16780378]
 [-0.01435437 -0.030846   -0.14930339 -0.11055531  0.02533222 -0.08303357
   0.58310627]]
Singular Values 
[10.59792388  9.73925698  7.95311852  7.33747093  6.45304202  4.95625017
  3.48552768]
Singular Vector V (transpose) 
[[-0.63550933 -0.30406159 -0.02793436 -0.33974696 -0.33474471  0.08176059
  -0.51838914]
 [ 0.1804171  -0.03387097  0.39968365 -0.13278356  0.47865011  0.66661439
  -0.33976944]
 [-0.13056944 -0.36521835  0.82447535  0.07938667 -0.02022608 -0.32508285
   0.23961923]
 [ 0.20419223 -0.29971494 -0.04228576  0.78468226 -0.18630996  0.00795154
  -0.4649597 ]
 [-0.45580031 -0.29266034 -0.19127651  0.33471055  0.08784725  0.50412731
   0.54416602]
 [ 0.54044798 -0.62716087 -0.15333523 -0.35868495 -0.3200875   0.16459456
   0.18130432]
 [-0.07068789 -0.45189046 -0.31277239 -0.06500754  0.71662153 -0.40244585
  -0.11505047]]

Kinase CDK6
Singular Vector U 
[[-0.12075816 -0.03988149 -0.3544185   0.11746009  0.07422779]
 [-0.13778114  0.00072968  0.13432171 -0.15869589  0.62813857]
 [-0.42504779  0.12556891 -0.13778586  0.10711004  0.3095221 ]
 [ 0.0597432   0.30778853 -0.15908166 -0.0344422   0.15389585]
 [-0.26236965  0.02342853 -0.43719341  0.18984148 -0.07990671]
 [ 0.06788086 -0.48978512  0.02828377  0.28499192 -0.05485161]
 [ 0.02658682  0.27974462  0.05456263 -0.06490636 -0.33618489]
 [-0.30629288  0.18321537  0.08430708 -0.3033216  -0.08297653]
 [ 0.06205977  0.23368387 -0.33366107 -0.15067636  0.06091805]
 [-0.25373809 -0.34883869 -0.3420224  -0.04069755  0.15526449]
 [-0.21783747 -0.17763861 -0.22732308 -0.08335381 -0.3206843 ]
 [ 0.00117521 -0.15986358  0.26869656  0.17945829  0.26106376]
 [-0.19523406 -0.07279615  0.20146394 -0.37176243  0.05979706]
 [ 0.09148884 -0.15275556 -0.20683293 -0.33171725  0.0127293 ]
 [-0.06025657 -0.21520353 -0.01120062 -0.38486818 -0.12002035]
 [ 0.16097288 -0.20712097 -0.07037217 -0.32958299  0.08002652]
 [ 0.15896208  0.03480898 -0.15369157 -0.22722325  0.09836472]
 [ 0.08661869  0.27989278  0.06854109 -0.11084963  0.07640913]
 [-0.19566499 -0.03615197  0.20285302  0.12191583  0.06339868]
 [-0.06860597  0.31005012 -0.14359635  0.13523059  0.03803071]
 [-0.32123806  0.05894358  0.14509585  0.15718477 -0.00505049]
 [-0.46370253 -0.02203879  0.21115606 -0.19511377 -0.18458498]
 [ 0.16892375 -0.05865987 -0.11693854 -0.08082548  0.26964918]]
Singular Values 
[9.23790713 7.8543607  7.26267469 5.86884372 5.54001975]
Singular Vector V (transpose) 
[[-0.36685019 -0.69812805  0.16131292 -0.58469993 -0.100709  ]
 [-0.04491413 -0.4694978  -0.71908294  0.32219513  0.39580874]
 [ 0.16114917  0.1188144  -0.60854192 -0.28828234 -0.71167697]
 [-0.88904669  0.41323328 -0.19441383  0.00529505  0.03177203]
 [ 0.21686536  0.32758272 -0.22085712 -0.68642665  0.57070094]]

Kinase HIPK2
Singular Vector U 
[[-0.07277867 -0.16833177 -0.14341056  0.23968025]
 [-0.13585595  0.27138332 -0.3251686  -0.12048847]
 [-0.01719283  0.29550948 -0.1000937   0.10693005]
 [-0.05542206  0.13894722 -0.11259181 -0.25919087]
 [-0.0168443  -0.2827547  -0.02278289 -0.02777597]
 [-0.42394024  0.16829353 -0.00691601  0.50583762]
 [-0.01677219  0.3690575   0.21159936 -0.03780657]
 [ 0.1012258   0.24301282  0.25045492 -0.11193163]
 [-0.12056088  0.14990511  0.05025843  0.1491111 ]
 [-0.36187732 -0.09197213  0.37237668 -0.02572449]
 [-0.20531445 -0.29187558 -0.07822906 -0.05036238]
 [-0.2021744   0.21629376 -0.14964336 -0.28653945]
 [-0.10274334  0.2740844  -0.20553438  0.33081405]
 [-0.31228365 -0.00753027  0.22229272  0.09186788]
 [-0.3543676   0.03434497  0.1510555  -0.10626355]
 [-0.22775001 -0.26723788 -0.18917568 -0.03593671]
 [-0.08974742  0.09920972  0.16572688  0.2588694 ]
 [-0.05542358  0.23061983 -0.40586998 -0.09486108]
 [ 0.14242931  0.02081333 -0.23638432  0.03934423]
 [ 0.16016862  0.22471382  0.32983625 -0.07617939]
 [ 0.32070895  0.11384871 -0.07494547  0.34721058]
 [-0.09276327  0.22410684  0.09517271 -0.32961474]
 [-0.31587042  0.00541877 -0.22677614 -0.16810195]]
Singular Values 
[8.08212861 7.67199253 6.70997377 5.49787808]
Singular Vector V (transpose) 
[[-0.69259552 -0.64900248 -0.31221962  0.04032544]
 [ 0.39442584 -0.60002909  0.44177203  0.53780184]
 [-0.58942511  0.2769257   0.74823572  0.12662352]
 [-0.13159692  0.37692576 -0.3840569   0.83253199]]

Kinase RPS6KA3
Singular Vector U 
[[ 3.87418568e-01 -1.50352765e-01 -1.64357248e-01  2.46333947e-02]
 [-4.30425137e-02 -1.04764976e-01 -1.25489151e-01 -2.63213705e-01]
 [ 1.14358425e-01 -2.20825098e-01  8.79420411e-02  2.35899443e-01]
 [-1.29676997e-01  2.74950645e-01  2.35507041e-01  5.09304624e-04]
 [ 3.34491113e-01  2.21873025e-01  1.30233423e-01  1.02156591e-01]
 [-5.78388555e-02  2.77328341e-01 -5.39031488e-02  5.96690564e-01]
 [ 2.47375699e-01  5.00301082e-04  1.81757531e-01 -1.70943716e-01]
 [ 6.65788572e-02 -6.49459814e-02  4.40423053e-01  1.23080205e-01]
 [ 4.10162997e-01  2.07113173e-01  6.25132603e-02 -1.23992493e-01]
 [ 4.88276345e-02  4.85859199e-01 -1.17818364e-01 -7.69215320e-02]
 [ 6.31932748e-02 -9.55416933e-02 -4.42650556e-01  3.27667192e-02]
 [-1.75779696e-01 -7.70157667e-02 -1.70011883e-01 -2.93430679e-01]
 [ 2.72395698e-02 -2.68138421e-01 -4.42048163e-02  1.14531120e-01]
 [ 2.73608382e-01  4.18342420e-01 -2.83168683e-01 -6.88789571e-02]
 [ 5.80329351e-03 -5.75296419e-02  1.50609032e-01 -3.26590424e-03]
 [ 2.63309638e-01 -1.18732564e-01 -6.71566444e-02  1.37551864e-02]
 [ 2.31704390e-02  3.92734688e-02 -2.82168659e-01  2.04258969e-01]
 [-3.69645946e-02 -2.13171790e-02  2.77849342e-01 -2.04975042e-01]
 [ 2.72734259e-01 -2.55357128e-01  1.19278584e-01  2.14167109e-01]
 [ 1.38636469e-01 -1.23217789e-01 -5.97240415e-02 -3.44213682e-01]
 [ 3.20099987e-01  8.62735413e-03  2.42163150e-01  6.42603501e-04]
 [ 2.80710456e-01 -2.24803327e-01 -2.26980289e-01  2.26543828e-02]
 [-1.00272362e-01 -1.42730022e-01 -1.02108534e-01  2.97469774e-01]]
Singular Values 
[8.81195614 7.89789388 6.66096403 4.65585585]
Singular Vector V (transpose) 
[[ 0.68352394  0.51035354  0.12432845  0.50683007]
 [-0.05942821 -0.41416855  0.86215219  0.28570316]
 [-0.45670808  0.75178261  0.40972596 -0.24158907]
 [ 0.56628707 -0.05316556  0.27085176 -0.77661554]]

Kinase AKT1
Singular Vector U 
[[-1.40165950e-01 -2.72694409e-01  6.59281341e-02 -1.52503822e-01
   3.41795045e-01 -9.74847068e-02  3.80659458e-02 -1.66143753e-01
  -1.02102684e-02  2.35255760e-01 -1.25273089e-01  4.40433805e-01
  -1.26253788e-01  1.84485006e-02 -2.82326290e-02  1.11737016e-02
  -1.90163229e-01 -4.58474811e-01 -2.66529033e-01  1.43726513e-01
   8.73193026e-02 -1.33160710e-01 -2.77970621e-01]
 [ 2.31067546e-03 -1.32805786e-01 -4.97668509e-01 -5.97405536e-02
   1.26534419e-01  3.69868644e-02  1.43887493e-01 -3.19279593e-01
  -2.98191824e-01 -2.12630217e-02 -3.25270867e-01  1.71155502e-01
  -6.28703748e-02 -8.18263424e-02  2.84389443e-01 -6.86056300e-02
  -5.62351845e-02  2.35195989e-01 -8.05703700e-02 -3.24435471e-01
  -3.76412476e-02  1.56599997e-01  2.72441319e-01]
 [-2.05823802e-01 -1.37435617e-01  1.10306952e-01  2.65263314e-02
  -2.70150993e-01 -8.30734108e-02  5.63454119e-02  1.17253056e-01
  -2.52702758e-01 -2.06327060e-01  1.20176163e-01  1.12780839e-02
  -1.49689848e-01 -6.94760514e-02  8.20632874e-02  2.06831057e-01
  -3.79030300e-01 -4.35518139e-02 -1.56869052e-01  3.52131394e-01
   3.22131863e-01  6.94158738e-02  4.78091806e-01]
 [-3.24112408e-01 -6.55030794e-02 -1.45491492e-01 -5.57729524e-02
  -4.35903783e-01 -2.32855893e-01 -1.12948625e-01  1.08756071e-01
   2.51926854e-02  3.54036997e-01  2.47887455e-02 -6.53095210e-02
  -1.56222879e-01  5.75807833e-02  4.76834017e-01  7.82639072e-02
   1.82304334e-01 -1.09532665e-01  7.88079338e-02  4.03752254e-03
  -5.01597377e-02  2.83602184e-01 -2.66615167e-01]
 [-3.76798375e-01  2.67142967e-01  3.36563950e-01 -2.95162120e-01
  -7.42213439e-02 -1.22425724e-01  9.78126230e-02 -1.56526769e-01
  -1.35458801e-01  1.78721206e-01 -1.28710961e-01 -2.73552783e-01
   9.21473631e-02  3.36059305e-02 -2.37330817e-01  1.07430479e-01
  -2.53433324e-01 -2.02933886e-02 -1.07287207e-01 -4.81547953e-01
  -5.27047463e-02  1.77455684e-03  4.12425336e-02]
 [-3.26936510e-01  1.45360317e-02 -3.55204874e-01 -9.43581606e-02
   1.56543671e-01  9.64469508e-02 -9.15641041e-02  8.85094295e-02
   3.17894968e-01  4.44195896e-01  8.64214704e-02 -1.31220040e-01
   5.25484170e-02  2.13657033e-01 -1.94943367e-01 -1.79832075e-01
   6.29180389e-02  1.81719845e-01 -1.62881744e-01  1.98122661e-01
   1.15106810e-01 -1.51719597e-01  3.56316491e-01]
 [ 4.03209334e-02 -1.42269609e-02  1.88662939e-01  3.06154664e-01
   6.34910282e-02 -6.00070843e-02 -1.48586057e-01 -1.78428429e-01
   1.74490967e-01 -3.84603713e-03 -2.01343312e-01 -3.42532610e-01
  -1.09485648e-01 -3.47770079e-03  2.80908109e-01 -2.92579598e-01
  -3.88411907e-01  2.31885020e-01 -3.45670919e-01  1.96166079e-01
  -2.39922298e-01 -1.53509813e-02 -1.48518035e-01]
 [ 4.57296924e-02 -8.09105106e-02  1.17072093e-01  2.62747787e-01
   1.66333044e-02 -9.65023348e-02  3.64262711e-01 -8.53790364e-02
   5.22810072e-01  8.96571510e-02 -7.32733030e-02 -5.19639928e-02
  -2.93345367e-01 -3.14666944e-01 -9.96940511e-02 -8.61166986e-02
   6.81125038e-02 -1.49530976e-01  8.50335037e-02 -2.10879213e-01
   2.69875468e-01  2.90704317e-01  1.76501042e-01]
 [-1.73217352e-01  2.02586497e-03  1.37412645e-01  3.19207440e-01
   4.94559206e-02 -2.04798718e-01 -1.36328107e-01 -1.27065964e-01
  -1.57737006e-02 -2.86186949e-01 -1.13187902e-01 -9.22210411e-04
   5.02204194e-02  5.48750763e-01  1.62198156e-01 -1.81125182e-01
   3.03225513e-01 -2.86478323e-01 -9.19309947e-03 -1.91753342e-01
   1.55471367e-01 -1.57195688e-01  2.29384134e-01]
 [-1.29198311e-01  1.60658087e-01 -2.46300000e-01  4.48047932e-01
   1.18909814e-01 -3.00440424e-01 -2.61680135e-01  2.82693079e-02
   7.09566795e-02  2.66313791e-02  9.95510074e-02  1.59502095e-01
   2.25071575e-01 -2.04631273e-01 -1.50729673e-01  3.00304312e-01
  -1.87638652e-01 -1.99592278e-01  3.21437006e-02 -6.04657390e-02
  -3.98284846e-01  1.11018988e-01  1.58704476e-01]
 [-1.93365190e-01 -3.32582532e-01  9.64647978e-02 -1.53325591e-01
  -9.20087238e-02  1.48860084e-01 -2.06701864e-01  2.72651740e-01
  -2.48977315e-02 -1.16837638e-01 -3.51803615e-01 -6.98867160e-02
  -1.95785954e-01 -2.79260626e-01 -1.25513008e-01 -2.50764235e-01
   1.22000279e-01 -2.05997863e-01  1.66109751e-01 -7.56913980e-03
  -4.14291731e-01 -1.51404472e-01  2.32571288e-01]
 [-1.42037558e-01 -4.53035517e-01 -1.36310513e-01  1.84226493e-01
  -7.72793941e-02 -5.55824899e-02  3.42450986e-03 -2.97717173e-01
  -2.30578529e-01 -8.51753315e-02  1.52047732e-01 -2.19314514e-01
  -1.45790827e-01  1.82007994e-01 -5.36764346e-01 -1.70620405e-02
   7.15423099e-02  1.13368681e-01  3.92777740e-02  7.31484358e-02
  -5.34211244e-02  2.56585141e-01 -2.37431825e-01]
 [-1.41850096e-01 -3.29786291e-01  2.63954326e-02  8.12874655e-02
   1.32640855e-01 -1.24244232e-01  5.05494477e-01  1.57736827e-01
   1.38046277e-01  4.40345314e-03 -2.43353972e-02 -5.26889811e-02
   9.21075691e-02  2.32664337e-01  1.70839316e-01  2.64339811e-01
  -1.94903369e-01  1.95899630e-01  3.74705610e-01 -2.72718572e-03
  -2.12622582e-01 -3.21325591e-01 -3.19773943e-02]
 [-2.26906069e-01  8.39599697e-03 -2.91267629e-01 -3.39823193e-01
   1.74252484e-01 -2.64743631e-01 -1.95325808e-01 -1.10562307e-01
   2.65658990e-01 -4.88424536e-01  1.84998817e-02 -2.30389260e-01
   9.01996178e-02 -2.17057146e-01  6.63219370e-02 -4.14246149e-02
  -1.25838116e-01 -3.29210643e-02  1.94488868e-01  3.09962613e-02
   2.67025354e-01 -6.53914724e-02 -2.05167832e-01]
 [-2.00516865e-01  6.57001314e-02  2.67814322e-01 -6.66822998e-03
   4.08486542e-01 -3.06857101e-01  1.85322670e-01  7.33906749e-02
  -3.14555268e-01  8.48716477e-02  5.78153562e-02 -1.27294556e-02
   2.45709231e-01 -2.33455979e-01  8.65275189e-02 -2.89551757e-01
   2.83871973e-01  1.47875480e-01  1.00066441e-01  2.79182049e-01
  -2.13286599e-02  2.69670155e-01  5.92975314e-02]
 [-2.13683107e-02 -7.17195349e-03 -5.25042233e-03  3.61891637e-03
   4.76907191e-01  1.25278444e-01 -1.44152853e-01  3.90863505e-01
  -1.32614775e-01 -4.19396965e-02  3.84575796e-01 -1.37664493e-01
  -4.60904138e-01  1.21224627e-01  1.31558013e-01  6.02478925e-03
  -1.36844327e-01 -1.98999069e-02 -1.55905681e-02 -3.24533755e-01
  -1.28203551e-02  1.63462913e-01 -2.28519588e-02]
 [ 1.77006157e-03  7.62760783e-02  1.55042548e-01 -2.03785235e-01
  -1.43007363e-01 -1.79361625e-01 -1.33978174e-01 -1.03498184e-01
   1.90948511e-01 -5.08745993e-02  1.60068048e-01  5.12406504e-01
  -1.42580009e-01  2.44207333e-01 -8.38501060e-02 -3.51920792e-01
  -2.78224344e-01  2.47284683e-01  3.12523569e-01 -1.26869493e-02
  -1.56059246e-01  1.95081200e-01  1.02224059e-01]
 [-3.16982952e-01  6.85663908e-02  2.45970148e-01  1.09846354e-01
   1.10319041e-01  2.74734237e-01 -2.27027599e-01 -4.51415227e-01
   3.66802960e-02  2.85783624e-02  1.44199774e-01  1.27950689e-01
  -2.66264234e-01 -2.17809418e-01  1.40018728e-01  3.11202222e-01
   2.30430470e-01  2.51717401e-01  1.74142752e-01  5.89153653e-02
   4.18063266e-03 -2.31381860e-01  3.68525214e-02]
 [-3.92645866e-01  9.24881236e-02 -2.92588518e-02  2.19875836e-01
  -6.83645282e-03  6.29285747e-01  1.03125746e-01  6.39082652e-02
   2.08047014e-02 -1.07999436e-01 -7.92800010e-02  1.00475779e-01
   3.00136113e-01  4.91628372e-02  5.66772916e-02 -1.72831932e-01
  -2.26957138e-01 -1.42654576e-01  1.66395176e-01  2.05568028e-02
   9.55548575e-02  2.85040760e-01 -1.81381317e-01]
 [-7.85335115e-02 -3.78553328e-01  7.18700385e-02  1.52698618e-01
  -1.87551539e-01 -4.21865765e-02 -9.29325465e-02  9.42215310e-02
  -2.17759229e-02  5.58518709e-02  3.81752227e-01  1.54340221e-01
   3.11036692e-01 -2.94829827e-01  6.87722281e-02 -2.73483144e-01
  -3.12848989e-02  1.63385384e-01 -1.97568843e-01 -3.92498898e-01
   1.64610501e-01 -2.78791245e-01 -7.51952584e-02]
 [-3.09223552e-01  1.82888852e-01 -5.10795588e-02  3.97995857e-02
  -6.70807700e-02 -7.46755603e-02  2.19956207e-01  2.93340793e-01
   1.35203354e-01 -3.58141948e-01 -1.32093655e-01  2.90826266e-01
  -1.79931708e-01  1.64965078e-04 -1.43436776e-01  8.97179620e-02
   2.32016276e-01  3.01169272e-01 -4.64404388e-01 -1.93247218e-02
  -1.07971813e-01  4.08710496e-04 -2.01054591e-01]
 [ 8.58242604e-02 -3.71210766e-01  2.56927841e-01 -1.21025338e-01
   1.55415301e-01  3.95081541e-02 -3.56588107e-01  1.36089970e-01
   2.18864935e-01  2.91058714e-03 -2.76752705e-01  5.50865513e-02
   2.87626043e-01  1.24680313e-01  1.76858906e-02  3.64330017e-01
   5.98380653e-02  2.40373916e-01 -9.52895237e-02 -7.96290405e-02
   1.34176872e-01  3.80719681e-01  6.47715672e-02]
 [ 4.13820635e-03 -1.34197208e-01  4.47132247e-02 -2.94697535e-01
  -8.31652024e-03  1.59365765e-01  2.15172637e-01 -2.57324998e-01
   2.30589398e-01 -2.03628568e-01  4.23376180e-01 -7.99778378e-02
   1.69281918e-01  4.99221029e-02  1.85208348e-01  3.98594326e-02
   1.39249674e-01 -2.28184782e-01 -2.97797760e-01  3.29956141e-02
  -4.16612818e-01  1.90922356e-01  1.91253959e-01]]
Singular Values 
[13.44326577 12.4874099  11.78407429 11.21700979 10.36124305  9.28678469
  8.95423109  8.79525671  8.07724023  6.82360188  6.54008225  5.96461814
  5.36985513  5.09894099  4.78330758  4.46250597  3.97928633  3.54034387
  3.05013566  2.12318505  1.64201716  1.39022798  1.03518416]
Singular Vector V (transpose) 
[[-2.74082396e-01  4.50587953e-02  4.76275123e-02 -2.30029065e-02
  -3.02145950e-01 -4.17774850e-01 -6.09533417e-02  8.68636100e-02
  -1.42603694e-01 -1.37490915e-01 -8.01906871e-02 -2.83473307e-01
   6.09199176e-02 -3.47450788e-01  8.55116798e-03 -6.31526879e-02
  -7.28182907e-02 -2.81751544e-01  1.84735816e-01  1.32994234e-01
  -1.52007448e-01 -1.96122933e-01 -1.95935198e-01 -2.04226755e-01
  -3.43081549e-02 -3.30291725e-01]
 [ 3.14775885e-02  1.04463520e-01 -2.49056223e-01 -4.47247835e-01
   1.19005170e-01 -3.82936094e-02 -7.93003114e-02 -2.49649042e-02
  -4.21973909e-01 -3.47397916e-02 -1.56838164e-01 -1.44820631e-01
  -1.13076351e-01 -8.64472634e-02  1.82417136e-01 -6.78918302e-02
  -1.32346186e-01 -1.80024092e-02 -8.86069432e-03 -1.38652267e-01
  -6.35027231e-02  3.83693990e-01 -3.06639488e-01  1.27456778e-01
  -1.99073114e-01  2.86727017e-01]
 [ 3.52446271e-01  2.77562824e-01 -1.18080305e-01  1.88981293e-01
  -2.33518017e-02 -1.65046566e-01 -1.40148469e-02  2.63994559e-01
   1.63887131e-02  1.38437064e-01  3.31550165e-01 -3.28683864e-01
  -2.22197706e-01  1.56444922e-01  3.80039878e-02  1.00789622e-01
  -3.46742039e-01 -6.87682896e-02 -4.27107300e-02 -8.29423762e-02
   3.93225349e-01 -1.15157184e-01 -5.58702258e-02 -2.36565619e-02
  -1.47063808e-01 -4.13244952e-02]
 [-4.15751828e-02  1.96779642e-02  3.74280024e-01 -1.22499692e-01
  -1.41979908e-01 -4.07998055e-02  1.23134150e-01  2.33572716e-03
  -2.14506767e-01 -4.03964507e-01  6.74942429e-04  2.22022299e-01
  -2.51879324e-01  2.56639268e-02  2.33046024e-01  2.72790876e-02
  -2.40748811e-01 -2.87986441e-01 -1.92585484e-01 -2.31104347e-02
   1.55626904e-01  7.25719205e-02  4.51673534e-01 -5.98763233e-02
   7.29909551e-02  8.49895479e-02]
 [ 3.57597328e-02  4.44050903e-02  3.81018718e-01  1.85896245e-01
  -1.28938473e-01  1.07118548e-01  2.94183916e-01 -9.98588906e-02
  -1.94560881e-01  2.27192963e-01 -2.72371275e-01 -2.61919614e-01
   1.53395840e-01  4.39642541e-01  2.97733982e-01  3.88421853e-02
   5.10284704e-02 -6.72412862e-02  1.28568964e-01  1.96937880e-01
  -6.38618545e-02 -5.24885159e-02 -1.92492779e-01 -8.54907861e-02
  -3.65495526e-02  1.95451797e-01]
 [ 9.04713598e-02 -1.86783746e-02 -3.22301542e-01 -5.07573703e-02
   7.55387420e-02  1.55969736e-01  3.68219025e-01  2.91407479e-01
  -1.92657836e-01 -1.56537333e-02 -1.18107280e-01  4.60083913e-02
  -5.54936425e-02 -7.71059309e-02  4.70723022e-02 -4.41166974e-01
  -1.93190917e-01  1.33499484e-01  2.18909176e-01  2.35989932e-01
  -4.55532372e-02 -3.44637414e-01  1.71949751e-01  9.71473128e-02
   2.34014294e-01  4.24700559e-02]
 [ 1.32899732e-01  2.20984851e-01  2.08480915e-01  8.52867794e-02
   2.19218554e-01  1.65520817e-01 -8.34462917e-03  1.63099601e-01
  -8.29576048e-02 -1.95452353e-01 -4.47680400e-01 -7.92707246e-02
   4.42833908e-02 -1.67454047e-01 -2.40808944e-01  2.88352760e-01
  -6.86430934e-02 -9.30571754e-03 -7.54328707e-03 -3.76750842e-01
   6.01597284e-02 -1.70147161e-01 -1.89704665e-01  9.78286975e-02
   3.61018828e-01 -4.95798626e-02]
 [ 1.82530359e-01 -2.49181841e-01 -2.78059816e-01  2.15807778e-01
   8.13211924e-02 -3.18150153e-01 -1.02003563e-01 -1.36246829e-01
   1.03886447e-01 -2.88983109e-01 -3.19966254e-01  4.81750741e-02
  -1.12703712e-01  3.41511078e-01  7.11054478e-02  1.54574591e-02
   7.80986089e-02 -2.74574818e-01  2.21609676e-01 -5.34194645e-02
  -2.39939315e-02 -5.60857829e-02  5.25324732e-02  3.85127304e-01
  -1.16081622e-01 -9.23922369e-02]
 [-1.72037339e-01  1.46179117e-01 -6.13745529e-02 -8.56347952e-02
   4.84084567e-02 -6.91735589e-02 -2.26360034e-01  3.25455815e-01
  -1.96477332e-01  1.01088845e-01 -4.29436267e-03 -1.31445956e-01
  -2.03479147e-01  3.74721559e-01 -1.14865292e-01  1.70382361e-01
   1.95504036e-01  1.14410895e-01  2.86492370e-01  3.37787175e-02
  -1.70911887e-01  2.85384990e-01  3.29935362e-01 -1.56364151e-01
   2.78338319e-01 -1.65884432e-01]
 [-2.40676117e-01  8.17683470e-02  3.32842465e-04  3.23924163e-01
   4.36051297e-01 -1.12215978e-02  1.35621371e-01 -2.32388251e-01
  -1.71331366e-01  5.22261692e-02 -1.68775418e-01 -3.14223484e-01
  -9.31638313e-03 -1.45404519e-01 -2.91524334e-01 -1.13491411e-01
  -8.19678393e-02 -6.76793763e-03 -1.46607242e-01  1.18890290e-01
   7.07811961e-02  1.50637944e-01  3.48819208e-01 -7.64520135e-03
  -3.07155103e-01 -5.67967505e-02]
 [-1.38908408e-01 -3.04798869e-01  1.12298879e-01  9.69255461e-02
  -5.19125261e-02  1.13657598e-01 -1.94051634e-01  9.65403489e-02
   5.09808895e-02  2.58265916e-01 -2.03086906e-02 -2.12800422e-01
  -1.25862552e-01 -2.04718110e-01  3.42050375e-01  2.33469284e-01
  -3.26397493e-01  1.61871237e-01 -1.13670956e-01  6.27063177e-02
  -2.24445857e-01  1.33179429e-02  1.20017300e-01  4.71225175e-01
   9.09992876e-02 -1.18621796e-01]
 [-8.59700144e-02 -2.17297382e-01 -3.05264500e-03 -2.23306449e-01
   3.35938628e-01 -1.10926250e-01  3.05436996e-01  1.69417682e-01
  -5.59208374e-02  9.40617201e-02  1.84084160e-02  2.24662165e-01
  -2.81001649e-01  7.07037995e-02 -1.15391219e-01  4.81481939e-01
   6.05193096e-04 -6.02375405e-02 -1.16610597e-01  2.19099059e-01
  -1.30208220e-01 -2.58017993e-01 -1.85103196e-01 -1.20074679e-01
  -2.35532676e-01 -5.96588316e-02]
 [-5.31918586e-01  1.80165605e-01 -3.00651373e-01  1.02108932e-01
   6.94991880e-02  1.33307427e-01  1.42371568e-02  1.49598627e-01
   2.60269631e-01  1.38453423e-01 -5.03080111e-02  1.05943015e-01
   1.23100506e-01 -3.61852225e-02  1.88797738e-01  1.70339175e-01
  -5.75622727e-02 -4.25791759e-01  1.23829641e-01 -2.43964982e-02
   2.18436772e-01  1.33178128e-02  5.99842123e-03  2.65431271e-03
   8.91210610e-02  3.16853087e-01]
 [-5.86345944e-02  3.63591797e-01 -1.59734713e-01  5.78112209e-02
  -8.45999087e-02  1.57039409e-01  3.02953392e-01 -8.84629539e-02
  -7.38983394e-03 -4.55561223e-01  3.23970849e-01 -2.07813181e-01
   2.47962584e-02 -2.14746769e-02  9.49191686e-02  2.69243008e-01
   2.70050136e-01  8.26639748e-02 -6.89492674e-02  1.88341065e-01
  -1.81799847e-01  3.02066124e-02 -4.08555052e-02  3.24837360e-01
   2.17546116e-02 -6.44750800e-02]
 [-8.63763987e-02 -2.73243932e-02  5.55492535e-02 -1.59210996e-01
   5.78429033e-02  2.96836333e-01  1.58306658e-01  1.04334458e-01
   4.20431287e-01 -5.13647560e-02 -7.14051204e-02 -3.04350889e-01
  -3.83503599e-01  9.77095480e-02  1.16043596e-01 -3.15937997e-01
   1.25192461e-01 -1.65702753e-01 -1.07170535e-01 -3.36543670e-01
  -2.15568968e-01 -1.30725571e-02 -3.85542173e-02 -1.40742551e-01
  -1.36838099e-01 -1.85424207e-01]
 [ 4.73394068e-02 -2.18813208e-01  3.09675743e-01  3.23640041e-02
   2.50440042e-01 -4.68033709e-02 -4.73266876e-02  4.67455186e-01
  -6.88544122e-02 -9.52295643e-02  1.42386760e-01 -9.35679727e-02
   1.04759401e-01 -2.34728387e-01  1.71443747e-01 -1.06044795e-01
   4.77601433e-01 -2.20739536e-02  1.83727991e-01  1.14362159e-02
   2.75825359e-01  3.85231701e-02  1.70790326e-02  1.66615848e-01
  -1.88561228e-01  1.18619919e-01]
 [ 1.89721321e-01 -1.96424637e-01 -2.52686458e-01 -3.67447173e-02
  -4.49130494e-01  1.45396622e-01  1.73732934e-01 -7.35710374e-03
   2.49321806e-02  1.08131579e-01 -3.52476784e-01 -1.46230778e-01
  -2.02684115e-01 -2.57532669e-01 -7.20854099e-02  2.54076047e-01
   2.75216765e-01  2.14380899e-02 -5.84011255e-02  1.23845289e-01
   3.38609714e-01  1.63059741e-01  1.42603590e-01 -1.21929195e-01
  -2.39253877e-02 -7.90689648e-03]
 [-3.26993818e-01 -1.80868613e-01 -1.37723734e-01 -6.94994825e-02
  -2.76193648e-01  5.99921945e-03 -2.52516505e-02  2.11965203e-01
  -2.77425461e-01 -3.84061106e-02 -5.22466060e-03 -1.04524224e-01
   2.44913722e-01  3.23482144e-01 -1.82431583e-01 -4.96804690e-02
   8.90700736e-02  9.55999234e-02 -4.24155160e-01 -2.91789453e-01
   1.08654615e-01 -2.87802997e-01  5.39649540e-02  1.58857726e-01
  -1.39599837e-01  2.27678534e-02]
 [-5.38522885e-02 -1.14862861e-01 -9.53251240e-02 -3.35471037e-01
   2.24504146e-01 -3.22131235e-02  6.84278642e-02 -2.44633282e-01
   9.72000010e-02 -1.42660868e-01 -1.73545647e-02 -2.05596092e-01
   3.12062081e-01  5.59619915e-02  3.56619580e-01  1.99231862e-01
  -1.00555528e-01  2.94264213e-01  2.12070879e-01 -1.63813011e-01
   2.80390810e-01 -1.51907439e-01  1.89396536e-01 -2.26312597e-01
  -6.15409830e-03 -2.21860570e-01]
 [-1.85178915e-01  5.38061667e-02 -8.27590247e-03  2.35156485e-01
  -3.56140606e-02 -3.55107006e-01 -3.45584882e-02 -7.08331585e-02
   9.61367780e-02 -1.24340472e-01 -7.79022857e-02 -4.71485771e-02
  -3.69761207e-01 -9.37445965e-02  1.35786160e-01  3.63375851e-03
   1.12002752e-01  4.72056270e-01 -9.88716993e-03 -1.41728242e-01
  -6.91055946e-02 -2.14838341e-01 -9.27569975e-03 -1.68014492e-01
   4.10671171e-02  4.90315874e-01]
 [-2.27809327e-01  8.22099283e-02  7.00311736e-02  1.76303021e-01
  -1.30894586e-01 -1.62254883e-01  4.28230946e-01  1.14605207e-01
   5.63214847e-03  8.02779679e-02 -6.18106731e-02  3.40562719e-01
  -4.41123758e-02  1.40129504e-02  5.72701724e-02 -6.76245444e-02
  -1.02745313e-01  2.84916868e-01  1.58523287e-01 -2.63197827e-01
   1.62710843e-01  3.54096480e-01 -1.78451518e-01  1.55483981e-01
  -1.17071211e-01 -3.48402354e-01]
 [-3.22675854e-04  2.10035245e-01  6.65536108e-02 -2.61862805e-01
   9.73744294e-02 -3.48984121e-01  1.51717423e-01 -2.72874968e-01
  -3.75731477e-02  4.34039674e-01  3.80456981e-02 -2.41855056e-02
  -1.17477500e-01 -5.36376260e-02  7.21281667e-02 -1.09307861e-01
   3.23696417e-01 -1.58363166e-01 -1.71852953e-01 -8.74435555e-02
   1.36747298e-01 -1.61554484e-01  8.90083184e-02  2.99267213e-01
   3.32398623e-01 -9.30579662e-02]
 [-2.28623939e-01 -5.45052633e-02  6.55155262e-02 -7.22550133e-02
   1.15112840e-01  3.16577127e-02 -2.01249721e-01 -1.80438689e-02
   1.25700553e-01 -2.13771661e-01 -1.13697014e-01 -6.60291221e-02
  -1.81342027e-01  1.93582257e-01 -1.83813559e-02 -1.89848116e-01
  -4.29122389e-02  1.45398209e-01 -2.22800738e-01  4.67184959e-01
   4.24732019e-01  8.93312093e-02 -3.59303503e-01  4.58166313e-02
   2.54323078e-01 -1.39650189e-01]]

Kinase PRKCI
Singular Vector U 
[[ 0.19779984  0.21008802 -0.17685833]
 [ 0.37240959 -0.11941141  0.22571529]
 [ 0.40096914 -0.10480517  0.20103134]
 [-0.10957723 -0.03755624 -0.32013311]
 [-0.18518634  0.32985529 -0.0404452 ]
 [-0.26533324  0.00964104  0.24819563]
 [-0.1089816  -0.3838434  -0.25328099]
 [ 0.01271832 -0.10482848  0.46400623]
 [-0.09793146 -0.04288484 -0.17658877]
 [ 0.31232377 -0.32806182  0.07001954]
 [ 0.17710577  0.24986695 -0.13211166]
 [ 0.26674186  0.27736114 -0.05992834]
 [-0.16677561 -0.07525136 -0.19988403]
 [-0.07912657 -0.13660366 -0.23375758]
 [-0.0622031  -0.51227062 -0.17538864]
 [-0.12109374 -0.13172441  0.29460675]
 [-0.09544788 -0.10795747  0.00407668]
 [ 0.31978293 -0.17526061 -0.10990701]
 [ 0.2219549   0.03344535 -0.05175468]
 [ 0.15372925  0.13990102 -0.15491705]
 [-0.10912134 -0.15436502  0.20106485]
 [-0.26355019  0.06863101  0.2372819 ]
 [-0.06907805  0.13215203  0.1655278 ]]
Singular Values 
[7.94721765 6.57919595 6.4090104 ]
Singular Vector V (transpose) 
[[ 0.34505721  0.87811735  0.33142938]
 [-0.47947836  0.46848158 -0.74204145]
 [ 0.80686803 -0.09713354 -0.58269121]]

Kinase AURKB
Singular Vector U 
[[-3.99363525e-01  4.27215001e-03 -1.83227002e-01  5.59241838e-03
   7.82659298e-02  1.70297263e-01  2.30639142e-01 -2.89552361e-04
   8.86747064e-03 -2.17518053e-01]
 [-1.21821878e-01  2.85108041e-01  3.79219261e-02 -1.00157008e-01
   3.00271572e-02  1.14814021e-01 -4.23449827e-01 -3.28828214e-02
  -7.69335387e-02 -4.82875557e-01]
 [-2.94529635e-01  1.03627575e-01 -7.02660802e-02 -2.35054928e-01
   1.32313924e-01  1.06419414e-01  1.05358292e-01  2.93683684e-01
   1.51968510e-01 -6.55004674e-02]
 [-1.67337306e-02  1.16087835e-01 -1.46762851e-01 -3.45493631e-01
   1.85114000e-01 -3.95462935e-01  6.33271583e-02 -1.91306177e-01
   5.24386801e-01 -5.99755408e-02]
 [-1.35698123e-01  3.88324996e-02  7.27824509e-02 -4.21952878e-01
  -9.92528108e-03  2.73028056e-01  4.50436216e-02 -1.51447876e-01
  -1.83601493e-01 -3.33859802e-02]
 [-2.29563996e-01 -1.62708997e-01  1.37230956e-01  3.56495871e-01
   2.25128272e-01  2.12768201e-01 -6.06229044e-02 -6.73041051e-02
  -4.92089738e-02 -1.35511673e-01]
 [-4.08832576e-01 -1.48636194e-02  2.34738140e-01  4.94269792e-02
   7.68826317e-02 -1.99138736e-01 -2.52400885e-01 -1.78182585e-01
   2.97444661e-01  1.96658589e-01]
 [ 3.18797480e-02  3.22386589e-01  5.03123887e-02  1.09590620e-01
   1.16345282e-02 -1.22772945e-02  4.68721267e-01  2.29169352e-01
   3.36808068e-02  4.23651697e-01]
 [-1.15096554e-01  2.64998609e-01 -3.69749288e-01 -2.30661000e-01
  -1.79896420e-01  2.43959926e-01  1.23555773e-01 -2.93402807e-01
  -1.72506818e-01  1.16601417e-01]
 [-3.77053563e-01 -1.96941605e-01  4.82034533e-02 -5.59231915e-02
  -3.80035784e-01 -1.01691227e-01  1.61484633e-01 -2.28840645e-01
  -6.63155207e-04  3.01714078e-02]
 [-4.41249119e-02 -3.24863386e-01  6.60034598e-02  9.28276324e-03
   3.66648123e-01 -5.35097057e-02  2.72800186e-01  2.51250554e-02
  -9.73873718e-02 -1.15333828e-01]
 [-5.34166665e-02  1.39485582e-01  6.02409264e-02  3.21924059e-01
  -5.30489839e-01 -5.40106030e-02 -1.70879075e-01  9.68502312e-02
   1.49383776e-01 -1.17246603e-02]
 [-2.38946593e-01 -3.71215564e-01  2.57072170e-03  6.77977677e-02
  -2.02689775e-02  3.76547536e-03 -1.19042545e-02 -2.48958108e-01
  -1.59415941e-01  2.67762005e-01]
 [ 2.29755702e-02 -1.28827752e-01  3.13155406e-01 -7.25706029e-02
  -3.82989567e-01  3.17595488e-01  2.78379811e-01  1.83181778e-01
   2.84449035e-01 -2.16155706e-01]
 [ 2.91838666e-02  3.22877797e-01  3.23082701e-01  1.73964744e-01
   2.08118197e-01  9.01203725e-02  2.07694599e-01 -3.85066031e-01
   2.00720796e-01  1.92982300e-02]
 [-2.83345464e-01  3.02908005e-02  3.32291640e-01 -8.23020602e-02
   1.32538455e-01  1.99056087e-01 -1.43384592e-01  2.12088814e-01
   2.93020958e-02  2.59435264e-01]
 [-1.73215027e-01  3.15064086e-01  1.19472330e-01  1.02289886e-01
   1.26399345e-02 -3.38987002e-01  7.31736064e-02 -1.74353522e-02
  -5.53939678e-01  1.16163026e-02]
 [-2.56547252e-01  2.55104124e-01 -1.63960082e-01  1.23269363e-01
   1.11956115e-01  1.70559049e-01 -3.09237107e-02  3.25461821e-01
   4.31289865e-02  7.03008541e-02]
 [ 1.56761999e-01  1.55195194e-01  3.46777466e-01 -2.36758059e-01
   7.11334517e-02  1.31859507e-01 -2.86188131e-01 -1.81597519e-02
  -5.53598161e-02  2.66172950e-01]
 [-1.91056655e-01 -1.30248126e-01  1.69301551e-02 -2.74420452e-01
  -9.41367758e-02 -3.84878237e-01 -8.81863454e-02  4.24207878e-01
  -9.64608735e-02  5.06470501e-02]
 [-2.07814329e-02  5.71674284e-02  1.55890466e-03  2.33395228e-01
   1.75782418e-01 -1.18060035e-01  9.35841767e-02  1.52599191e-01
   1.20724024e-02 -2.82800412e-01]
 [-9.32149076e-02 -7.23805584e-03 -4.79637294e-01  2.51637265e-01
   5.52420384e-02  1.48484219e-01 -2.47157237e-01 -5.88210438e-04
   1.99418698e-01  2.64228399e-01]
 [-1.85396948e-01  2.45075211e-01  7.14242091e-02  1.18178834e-01
  -1.52291213e-01 -2.46390746e-01  1.05561702e-01 -1.31455317e-01
   1.28316759e-02 -1.77957478e-01]]
Singular Values 
[13.92017045  9.61471399  8.37375556  7.3357946   7.03686046  6.30336844
  6.06720006  4.91255605  4.50445566  3.49875276]
Singular Vector V (transpose) 
[[-0.40127056 -0.24829    -0.26063773 -0.49339079 -0.25865646 -0.20374508
  -0.08712988 -0.42853458 -0.14185335 -0.38235639]
 [ 0.05492146 -0.56368255  0.57590677 -0.13493658  0.2574941   0.21112709
  -0.00326881 -0.20935417  0.40294298 -0.1108529 ]
 [-0.24284202  0.20377368 -0.29221948  0.3027027   0.53595571 -0.20561179
  -0.10263197 -0.05429844  0.46095691 -0.40865052]
 [ 0.21974839 -0.15587173  0.33531726  0.20421034 -0.21953117 -0.65889257
  -0.10270275  0.31580976 -0.12210044 -0.40712356]
 [-0.26465683  0.26217586  0.16350034 -0.12338594 -0.4981716  -0.12812447
  -0.25736537  0.10720354  0.63899479  0.2619722 ]
 [ 0.28917548 -0.12107011 -0.15060033 -0.10879095  0.22072227 -0.11012437
  -0.85036205 -0.08932888 -0.09591552  0.25702703]
 [-0.4896848   0.18848285  0.41376655  0.39049446 -0.06302388  0.30479071
  -0.36571222 -0.12568812 -0.36083976 -0.15613035]
 [ 0.10793972 -0.43609426 -0.33992494  0.63456371 -0.40534745  0.09696331
  -0.00855028 -0.2800007   0.15385618  0.06400854]
 [ 0.45410417  0.48165513  0.21113931  0.02356865 -0.08659815 -0.10572451
   0.07341143 -0.69290697  0.04072947 -0.10400646]
 [-0.34261565 -0.11706643  0.14773328  0.14918043  0.24223976 -0.5435784
   0.20677573 -0.27578    -0.13067027  0.57860775]]

Kinase ROCK1
Singular Vector U 
[[ 0.05941182 -0.04548777 -0.06144943  0.39582456]
 [ 0.12343969  0.1723025  -0.21019595  0.33161056]
 [ 0.19739237  0.07442659 -0.25523061 -0.03043131]
 [ 0.09461286  0.48029723  0.12593749  0.09493756]
 [-0.31674092  0.07746102 -0.01555634 -0.08412202]
 [ 0.11033155 -0.18366878 -0.08904386 -0.20724553]
 [ 0.09676821  0.24890256  0.11502841 -0.34540234]
 [-0.34700864 -0.09495643 -0.04060807  0.03531333]
 [-0.19845479  0.27290953 -0.26020373 -0.21163691]
 [-0.13058512 -0.0245334  -0.2419829  -0.02655929]
 [ 0.32309932  0.05158432 -0.41159124 -0.08701717]
 [ 0.24289413 -0.27514691  0.16180473 -0.16022046]
 [ 0.39303183  0.20488506  0.13909659  0.04170619]
 [-0.31320285 -0.08601539 -0.04635581 -0.01979984]
 [-0.15227802  0.08422423  0.4746291  -0.28653988]
 [-0.04739222  0.01881519 -0.24446476 -0.32217239]
 [ 0.03534436  0.31722511  0.20748811 -0.02551533]
 [ 0.1123201   0.05387903 -0.15800089 -0.20012709]
 [-0.09443019  0.2806007  -0.29651584  0.03161766]
